SPE,SPE_x0,SPE_x1,SPE_x2,SPE_x3,SPE_x4,SPE_x5,SPE_x6,SPE_x7,SPE_x8,SPE_x9,SPE_x10,SPE_x11,SPE_x12,SPE_x13,SPE_x14,SPE_x15,SPE_x16,SPE_x17,SPE_x18,SPE_x19,SPE_x20,SPE_x21,SPE_x22,SPE_x23,SPE_x24,SPE_x25,SPE_x26,SPE_x27,SPE_x28,SPE_x29,SPE_x30,SPE_x31,SPE_x32
3.252178085330703,0.00019810088928517882,0.052888583657614834,0.033617020306163335,0.009186549176999658,0.012263869071797667,0.011539910091502023,0.0007386154780357986,1.172205062704287,0.07366101881790116,0.1441618709743379,0.007459629690122374,0.0001781246341016483,0.003178102725832939,0.12426711678391714,0.00018639027819188425,0.010301560097333694,6.041054018660841e-05,0.0032053678172339934,0.0028073946001733303,0.0035377288225759587,0.1748703442171968,0.07323777302950048,0.06086771411127561,0.40176274164513126,0.0002032836055175742,0.0037573790473522683,0.2531588339501024,0.07998488072356665,0.00017662867177739604,0.00017487699934347836,4.616590505595009e-05,0.5381713617172135,0.00012367455007561442
2.005751686215763,0.0011491364726274702,0.0105332287977105,0.58594547523885,0.2641483256483947,0.003745147402180681,0.00930832942302122,2.1566400547629732e-05,0.5633500596379126,0.026446776327586803,0.00109922657968936,0.00692359934703352,1.890511407876597e-05,0.00282648250528317,0.010551011794052857,2.3009699915377877e-06,0.009988266047881916,1.8317104908053393e-05,0.00047087652506839437,0.005434582036165603,0.009468221002165017,0.037154526785630096,0.00041086989210519203,0.010830263645288352,0.17616108608680517,0.0013419492908036403,0.14948747464078646,0.052197349006201245,2.030336829704984e-06,2.2923664426705516e-05,1.3552146967132165e-06,0.01424163449886576,0.05244067610456738,9.712673606501994e-06
1.6004105326586748,1.0766361882671275e-05,0.027714808139620736,0.14430013458307508,0.10635946130021152,0.011235373898413536,0.018027518277122654,0.008031254938851123,0.10155091537405647,0.0245658178210774,0.0029160254210966303,0.21293910330700835,4.781614768730575e-05,0.006652482226792732,0.020261591632524403,0.0002632958391498408,0.00026704553749130807,0.0003430036475975268,0.018172943636551357,0.004797243616395476,0.002430278198484114,0.018285764512500646,0.013769008645214556,0.0013693673030392357,0.5736199403890352,3.031677577287343e-06,0.05765461584756438,0.21278683863921752,0.002506072585015352,5.600639991302114e-05,0.0002732433968910303,0.0022876129834046004,0.0056896776962082635,0.0012224726780034737
2.561055019621765,0.0017816896294318223,3.071103204727529e-06,0.07796618161487343,0.06835037196936326,0.0004308936865337527,8.468684679872268e-05,4.761395312356138e-05,1.0802300745380393,0.06852085861096996,0.0006423758258611959,0.021922700244098026,0.00011650739553529248,0.021513210859149513,0.08218275037719153,2.0970225186812618e-05,0.005297399053228775,6.644761499826679e-05,0.006149814862882483,0.01784762237082431,0.006170670975604534,0.00036638978529036594,0.22964512037375565,0.11920027157889763,0.14322068502862212,0.0014342648480009227,0.04641313574873448,0.01777051377464821,0.0005284642901854375,0.00010977655508245347,2.549146416812536e-05,0.005676084768437164,0.5370598159553787,0.00025909369366411834
2.3248768850056236,0.0013498479853521492,0.12205011511425187,0.3138214629814906,0.14359675504566827,0.001681793327333206,0.0012195359591754033,0.002042283097628314,0.655050585055955,0.004710633327683202,0.0034990346179631705,0.05720988982198041,4.710005352621647e-05,8.549754070942206e-08,0.045445078524244086,2.7805000538858123e-07,0.006821048270643841,1.743222640405552e-05,0.0046409158967690226,0.000832384736629437,0.04197634095377317,0.29294671783398984,0.06930650955326667,0.39337089051676216,0.0061314531993875085,0.0010503561044082762,0.08224626818299974,0.009746089037104326,0.005463591994800136,4.419178884075069e-05,4.527487670264366e-07,0.006289361651475863,0.05208554236124828,0.00018285948855535885
3.618200561659511,0.010226747909579018,0.128918085893099,0.005644304521357608,0.006655617266668249,0.012499137761599974,0.37534962146867795,0.023721254556046043,0.22489006312152685,0.5431653871292152,0.03410608933897507,0.08023513259532981,0.00042191210173257693,0.0434344282772751,0.04464436211046328,3.344286651076104e-05,0.10824631615702067,7.37511997963507e-05,0.006304603427838776,0.0050786016679846184,0.05805255849671379,0.11203949945937383,0.03494530205487823,1.421569404392833,0.02824940525082378,0.0037350528542424237,0.001659450960594536,0.04614780072836933,0.045627844168368084,0.00043071109895925655,3.706395593759285e-05,0.001306716084466721,0.21070488531089718,4.6007472356895855e-05
8.84963828929308,0.01541867044464076,0.5656228842031892,0.09026833464060488,0.22044072881337384,0.03749754639783535,0.037408774899278865,0.06654419978989436,2.7612921933277894,0.042238273954479176,0.06979552670733553,0.7354820029003905,8.071446635930604e-05,0.04147051504788943,0.09348630236831865,7.17191786453744e-05,0.14219097150566143,0.003447066291599702,0.06753157976210639,0.02165113581249786,0.08377718819333843,0.4096952734533035,1.752283317417413,0.03418586246933772,1.176409874387303,0.0412904147779885,0.14046216421645813,0.1543050218994301,0.015129265049366951,7.296768349476452e-05,6.828003920223727e-05,4.554259373429664e-05,0.02573700831394195,0.004236968286876474
3.1963132319935736,0.0002402242039108066,0.3792231820865876,0.002969915254556761,0.016818231891026814,0.00041598739184933064,0.013571393589504453,0.009867463270575213,0.7030799226693706,0.030786005310107854,0.01759160251266473,0.25878238563204287,7.076211589800232e-05,0.005541003280969554,0.08588266872247795,1.1135613920997393e-05,0.003249589447720542,0.0001538006163953937,0.006780127172974308,0.02693904833551707,0.006410065405834725,0.48429433408012124,0.4029206727327648,0.19942976498590476,0.3272339088991543,0.000883699667486807,0.01556133239022098,0.03809317169412335,0.017737823949506133,6.827723100161416e-05,8.942609530114487e-06,0.019831990522239926,0.1211707485274161,0.0006940501801979617
5.294428252542987,0.018407309411962888,0.10810263595481863,1.7972941188419422,0.7668002349047661,0.016795058112350547,0.14848535078814343,0.036361988799011716,0.8484619444535805,0.004028707478830797,0.001337675735233746,0.41590631426304564,0.0006988595134408461,0.08543221495449586,0.12752363565127253,0.0005558499196079619,0.02473305072578054,0.001738479862208295,0.0006985609445693403,0.006542585689881819,0.06950199521921312,0.00040636134630386774,1.79691757626938e-09,0.07408623136057892,0.012475083248825099,0.007949364532218218,0.43896726100329403,0.2137652761565103,0.04293087909563979,0.0006883324921161469,0.0005660801128401977,0.01073017599211133,0.011678404868409356,0.0007782293130647829
4.479143036010722,0.020943711425056934,0.5080331604137773,5.611662848267982e-05,0.5380289509767041,0.0019325659127818098,0.0005544514151403387,0.024418285186271062,1.52917951482476,0.07696856602595102,0.000683980075044956,0.3031006225810433,1.9580484493628385e-05,0.03443632923753279,0.0586459365031795,7.699074972567951e-05,0.07884465266633368,0.0017834172435665888,0.02450273137991268,0.0054224513797496805,0.00273285760192983,0.008816561123577447,0.5190577097801707,0.2049430082273909,0.18793432711092128,0.006188864601331682,0.3171662609480435,0.007443785078214059,0.008093085039009861,2.274052375954288e-05,7.139121037340543e-05,3.559736172249742e-05,0.008324131244210147,0.0006807010505591899
8.189105751469873,0.01264116244284902,0.12162225458861911,0.9031801000685553,0.5098247220438009,0.0007266460397312268,0.7765604288970365,0.009980312538180556,2.3187478005936035,1.3890532077621598,0.033705591772967405,0.051618436694095056,0.00011510724001103184,0.0047341571440511305,0.0092634192824812,1.1205779213120392e-05,0.005195240099402235,0.00014568340595707456,0.0012048728536591799,0.016762124376352914,0.13819964843438637,0.33867536877934357,0.38981782973882045,0.5760284699166285,0.026012716628046936,0.03668791912510812,0.27081012030086865,0.00037923273827758026,0.034862213474750686,0.00011064947726352719,9.583957307175274e-06,0.08485221103271721,0.12715097653162052,0.00041633771200783525
1.7003869677394423,0.05345943048617165,2.6863965895320886e-08,0.09439249783861667,0.2589984007782863,0.003270858178744499,0.06319303764361436,0.052925472282407564,0.08825797912124286,0.12063075074360118,0.0035529891022680915,0.1585007288473889,2.4599133171379302e-05,0.045034481777652825,0.006431446705058838,9.538192178309175e-05,0.004166734254626834,0.0011257351285257195,0.0017750200444678229,0.010738729804420456,0.1142174339501805,0.014392740630880812,0.20288760517652382,0.08267340347163729,0.01857517943663172,0.0005723000819097541,0.1604589248550941,0.09894799513931049,0.006313351343241391,2.124379585184458e-05,8.753236271397286e-05,0.03298916640989491,0.0011551582920113134,0.0005206321375454573
2.840948274596072,0.0012618187321999633,0.20060568918440916,0.0014009719879285436,0.11811236020746957,0.018100256203607296,0.05353864215740985,0.02556428869107065,0.24828548537965378,0.21298786689684643,0.020503031507685208,0.010731262954079723,0.00018192509109869062,0.019925823751708392,0.0484262830140514,3.025273122828516e-05,0.12372170591499125,1.6405310686591398e-07,0.0007517177232312078,0.029537597068846542,0.005860386356267923,0.029484545852306022,0.028547159027381332,0.0006488129399032465,0.06661569009295149,0.007157888707738831,0.07601717280921555,0.16529345346302468,0.01915305250227403,0.00017368889202137825,3.0387706572040005e-05,0.004561473141884839,1.303693541471113,4.387838279455895e-05
2.807484270504321,0.0019437350161235429,0.2575295226452293,0.1557016646556389,0.40545015339005774,0.008430141847797133,0.033755448894879365,0.01740357842363738,0.04198801971629265,0.009288003644022989,0.0876176451610394,0.7758336101757557,0.0003072402818078902,0.010601840834740858,0.028261862720746468,0.0004988541779332901,0.019219404745096928,0.0016551714479072798,0.019815584512147526,0.0074779814571701774,0.06047204458563477,0.001550458250927164,0.21463180501894957,0.1380897838670866,0.0070559012040869685,0.017817512419455398,0.22959710667516442,0.22988611452761612,0.013874815357086477,0.0003121130621229713,0.00047974880602563225,0.005167273840619326,0.002886819995408605,0.0028833091461118758
3.599487245632279,0.00027399952163112564,0.08960077763940644,0.25509692745933316,0.06441073083927569,0.0004286852723262417,0.15357288922579795,0.004357689019155707,0.005725213443277861,0.7423831912266154,0.018665119147463737,0.1961400745165549,0.00014181807518413874,6.094234313184054e-05,0.0511565090880735,4.452675915050765e-05,0.0008152948605631463,0.0010919785381108588,0.02778414914773119,0.00968522757416309,0.017869180075928713,0.15571314998334138,0.6349764343042431,0.863737670462116,0.20309033131573098,0.031077304815205733,0.03229624503508587,0.0007812501105345467,0.014249091181521475,0.0001382872752891303,4.6339885571000914e-05,0.005346056308045236,0.01782626557333407,0.0009038956093850536
5.207636264579756,0.023713117755870407,0.006333757646782208,0.5736007195693453,0.4893550840960527,0.0005651539851060478,0.07972353314215598,0.006208483026071891,1.889033397830067,0.6561614079763933,2.0854123968541586e-05,0.05443150550120107,0.00044735007044252286,0.01585155338932353,0.2525668517671354,2.6693084155170818e-05,0.004612636693764825,3.135626699837319e-05,0.06316387360407726,0.04000400246074854,0.018208757084403462,0.14629507515490195,0.2014417367747331,0.25563448455803917,0.013335707968650558,0.0075753929275101314,0.296518654074747,0.01852641287638122,0.00013373451511109938,0.00044281207149261283,2.1700678987776752e-05,0.005489297617823077,0.08814497883317383,1.618745414191723e-05
5.838019937488421,0.05481028698700089,0.06251903374288215,1.1388293039148523,0.13287877007797547,0.0004381428131391281,0.3700126635669025,0.01640365813846938,0.2317490579340884,0.05327606447751187,0.0024267875817293623,0.0438997622956109,4.7900044666239544e-05,0.011759104281802936,0.03943143078942669,8.919439422902545e-09,0.008145783224663975,0.0010487266581994505,0.007850183938304351,0.008121095214093786,0.09433314344506617,0.016724360382043998,0.5734632845816272,1.082978598554148,0.5123226646567036,0.018911427352732248,0.057969749435350694,0.00104052655961896,0.01248955456170202,5.403939717616269e-05,8.805655699711758e-09,0.022043354309207498,1.2615832846512873,0.0004581761953416794
2.379611970866962,0.02639051798064282,0.25032850921702354,0.44472474499653325,0.1789705539381097,2.293002293234589e-06,0.03902590049268091,0.03534991648097142,0.5265386774342147,0.0029261985505879915,0.05650061622579524,0.07094254472700451,0.0004602854595700917,0.05364933785636997,0.07759186403593928,0.00041656801011121793,0.07822369206163325,0.0006819552545070636,0.0014149304426876027,9.318937087144632e-05,0.04428536067874385,0.2525281602136645,0.0012568962913866353,0.001053682688858969,0.07510718317310487,0.02540035200759973,0.09773438148735475,0.0013672833981969302,0.0015870041238517242,0.00045738513635572986,0.00040304287114408254,0.029406195241571977,0.003508028694079248,0.0012847193235018708
1.9307562871306363,0.002550814828917987,0.06042891915091684,0.28023674747638433,0.10227558404893436,7.261294965683681e-05,0.09030856763869553,0.006335351187077411,0.02535851549939548,0.08239238105211588,0.008594989961517962,0.02167377148131589,1.7328324731995543e-05,0.0057692689963567394,0.021077872614516314,2.0895801609286063e-06,0.00011523697512504184,0.0004968496634250457,0.0009688003764736629,0.022696773289737477,0.09548455706285938,0.020845957785300406,0.2067857705948704,0.36987256117125883,0.21300320386859575,0.02434377246021297,0.06699467789878431,0.001444371110709791,0.025154386077362822,1.919150217832468e-05,1.5917710369018814e-06,0.0003011807582646458,0.1749836149414236,0.0001489750323227318
2.7648209650088504,0.04033152446547994,0.004872453180319886,0.06779330029118409,0.06437484269968817,0.016849105311526436,0.05961275835480287,0.10674767448828315,0.5314865963506294,0.028767141720068737,0.0075785144950111395,0.0012637237600589433,0.00020596851660229423,0.03247066813248248,0.03241778767092801,0.00026336964476938595,0.3413315396307841,4.498511762555847e-05,0.007060109123088695,0.020259093407392844,7.990878861605642e-06,0.0030904423099392133,0.04964347299051933,0.07087106142403063,0.5008309095661035,0.03918927109947561,0.03156223009813845,0.571575600635308,0.0014891069800853395,0.00021402859458991293,0.00027214247722697724,0.02903491461824883,0.10266590038862146,0.0006427365869749626
3.842399226661452,0.0011463511704388905,0.004869936499556455,0.007435630541625078,0.12940567033446665,0.0007390930489872066,0.0799540938056756,0.0038491563886176835,1.635418285819184,0.27130236518756734,0.0560989672849471,0.06172997431352156,1.771724267529525e-05,0.004722541770989935,0.04718738112505709,5.293945490791878e-05,0.004233208793286503,6.40852630398302e-05,0.020980736580003934,0.004273141259512908,0.038766449895747596,0.06239178130736206,0.19030247479344795,0.020573041337274424,0.5967463349297207,0.0011181182401083787,0.0795442642282743,0.0023167346003377517,0.05219811816886626,1.6139738280493e-05,5.195333735726429e-05,1.305272136125153e-07,0.46489237342153167,3.625186881966523e-08
7.523653204141425,0.07474362079397977,1.5700740413458452,0.04214235048519189,2.9899831314095964e-05,0.0010528803610478173,0.4217587549784864,0.12032726181142728,1.580884963872693,0.27623395108271964,0.010541999689350745,0.6382905348778533,0.0002652566102968994,0.11624728130051057,0.022856139635912244,0.00110529254994526,0.1966940637946103,0.00213207020690053,0.14595514116306518,0.004083189547411013,0.015913501749516445,0.3260570927712554,0.37711908369247665,0.48174773638637636,0.872196216121582,0.0221342231969127,0.0003774713313021002,0.02110541949748703,0.08836612412775274,0.0002782830631307546,0.0010827436920149822,0.000487528295208835,0.08682658927494924,0.004542497002898284
3.961583096569675,0.0008101402841550871,0.5155582114335768,0.06537461500701743,0.00016601031350758823,0.031158311396676814,0.10128419859992135,0.09836276381144521,0.4772673182156501,0.2671574808567483,0.09603366674927193,0.10604533984121262,8.686647355525524e-05,0.04745795404421211,0.002969891448037815,1.1473273411448951e-05,0.3313894751287391,1.6644610676888694e-05,0.19492776573290782,0.0016510670958756622,0.023223874165264766,0.16201824798754438,0.0296289897849223,0.0065384206489988135,0.006167637949990221,0.000968260488899351,1.804431613545475e-05,0.310734084197358,0.10236672111920109,9.33051657855748e-05,8.318277438130907e-06,0.012150061096363155,0.9694480408336533,0.0004898962215208449
6.4770227446014585,0.03931506923381909,0.28112371872543246,0.029436896263066673,0.0008329281857285606,9.256370915893017e-06,0.2853345373979518,0.0006983412824236181,0.11754332247631018,2.871605668768048,0.04496447180505529,0.5143345734758493,0.0006299582968297515,0.005534094660844826,0.21208739961708,0.00020182203138531746,0.012012250495539566,0.0009087842384204063,0.08795668710316269,0.005454705016145537,0.019829559396924882,0.837062886440229,0.00509060837879181,0.735331409012263,0.00019162237010665733,0.017991113852839954,1.01055163762539e-06,0.08049210404367549,0.09000218203817353,0.0006310111613502486,0.00021185442323338221,0.03713917603280051,0.14230478561475549,0.0007589358406693592
10.911547371775997,0.0011706480917144813,0.9257899553904706,2.9617423270578684,0.01666034828918406,0.045608315022084026,0.28519210830379477,0.02417437662764719,2.8090045908576085,0.2137560935856999,0.03603424886777856,0.716195608304571,2.091409539428674e-08,0.0050875336347868255,0.07651068120226716,0.00011764805424212386,0.1394605058156182,0.0026042148186471137,0.007429368398050069,0.015244247772309715,0.048276279172943526,0.04914625866413072,1.1006268988669783,0.7854059643191057,0.20184072097233682,0.0002075694762012873,0.01291744058215666,0.21672120389513663,0.04020963607868115,1.287184360375125e-07,0.00011134081438401618,0.001468030770393317,0.17052247990040825,0.0023105785362671355
4.000283183395946,3.607695222109125e-05,0.16831291506916882,0.24797801050349505,0.6866188801420812,2.440829736334299e-05,0.06684895633487796,0.03711081277397,1.0311264584932907,0.0465834915024574,0.0025172864355014154,0.08033866456841429,2.9058176411430205e-05,0.010119168388677022,0.0015034563955019643,1.2626496807652966e-06,0.07990625198075355,1.6841472366827812e-05,0.00033199077338836295,0.09949899384535746,0.17722961382448504,0.008103565992255249,0.1320173960187623,0.015775675820251148,0.08621010585830767,0.012669979849292438,0.38485842521180913,0.0014950926455549376,0.01482532885375464,2.9431231996463313e-05,1.99534549929153e-06,0.028148934882556445,0.579707185492095,0.00030746761434770125
1.6405979587115607,0.00598848093066969,0.05701965131605808,0.07356772931779368,0.22003296829440044,1.3998503414035718e-05,0.011151807819292547,0.051743004304743816,0.0004836135387215874,0.194660259131421,0.05786383446378168,0.0066701273330591745,0.00013256455191251642,0.014632734080211738,0.004657580441075451,7.486685158906837e-05,0.18742646170949748,0.00034113383495968215,0.0005050151282775605,0.02871028215961648,0.05664006336881237,0.06261648435321672,0.014035273819229048,0.0015805646320588382,0.02607234524508459,0.024749906380219924,0.12416318654530227,0.0006995854374317804,0.020462143996957206,0.00012317060047702902,7.490760481516019e-05,0.07162434034595679,0.32205959249014376,2.028018135930294e-05
5.362619934266293,0.00020189428546044002,0.27914354447080947,0.7910056487672231,0.11507594311560475,0.02890221251443323,0.0020341721811097577,0.019583555797341085,0.5702932237159049,0.01209008087007004,0.004730338597029914,0.05030262152249162,1.566683035082619e-05,0.0029187206342251026,0.09065675515959362,0.00025719135035364354,0.07505672801078578,4.035107187285414e-05,0.0003742895041926096,0.031056663597287155,0.27734890127919104,0.051345138183421325,0.07548619746222406,0.0788353736246275,1.9430666208384004,0.025936115530861822,0.05554033555679425,0.3832327838318566,0.020008551936679834,1.3991849159063636e-05,0.00024858940166881536,0.0026536563045922064,0.3744432009127361,0.0007208755579404263
2.7685653642136283,9.111331772918188e-05,0.12378764319970893,0.011777686302330719,0.040823489530207674,7.460245076712949e-05,0.007548961343545583,0.013446842862535585,0.037817184413079075,0.3989859796354366,0.002160787345923249,0.15343778516680165,4.569621122636915e-05,0.015961974131495863,0.0009781596459732032,1.3778134568724606e-05,0.01617169821353632,3.007654432052773e-11,0.0026564187579894856,0.005477410179619107,0.12187601475716237,0.039221391204718306,0.026629818886621175,0.7424917019240913,0.06225170123424112,0.007257572576812699,0.021362734698722467,0.013363752476043078,0.0013349467416058165,4.312133425417107e-05,1.4662693871367298e-05,0.005192529185280559,0.8961194330676067,0.0001487725600460362
6.127632765276513,0.0027118863557565372,1.2335713648406454,0.34814017702852756,0.37415005419018665,0.02121017630866952,0.09209574942661282,0.0005339426898211878,0.8688338127774744,0.004077048220936128,0.00529358538889851,0.0028983951332800712,7.594523606796073e-05,0.0009391960112975789,0.10210265169745616,1.6635880649432066e-05,0.0006477605132065945,0.00038344691471771717,0.009533001647182435,0.005985212944069666,0.1567994168536454,0.49422719537886767,0.10917132529368956,1.1169506841368133,0.057716542208425835,0.0045803437167160075,0.2186235451364006,0.2545173731321305,0.01637838475251592,7.452554017963627e-05,1.9574354272397963e-05,0.042865777658883254,0.5824778444289074,3.018947960890128e-05
5.768481881643553,0.0009706166493788154,0.07390225570300454,0.1896512235916529,0.46111122392292625,0.04179198603743162,0.17087879759341573,0.06241743523566546,1.2345439457982135,0.017975068056860284,0.014177487521935376,0.01856399290157916,0.0007748400221215056,0.06827836615533456,0.22878224907751352,0.00012672872769641351,0.1885636340561719,2.802560198976854e-05,0.003457368043523883,0.06261549119605989,0.058656066245815645,0.3120949115974305,0.14199587006538983,0.5765947788657093,0.04137989900970163,0.0015943190434973206,0.2968740615347882,0.3310352708861749,0.022390071587064915,0.0007929221893004751,0.0001300819831427756,0.0018304025861299639,1.1444472795610106,5.52105959218756e-05
3.07980614634261,0.014996653881431716,0.10345844212953849,0.0742520165320041,0.31547742356280667,0.00010987759983603222,0.017830533576929545,0.10851660704601733,0.030564012347057506,0.34714640023976867,0.011432245743438147,0.1059011297975052,0.00013888022358789798,0.10650261415285849,0.015310945359032836,4.209242331811099e-05,0.11513756609290689,7.236645934981894e-05,0.0187317966549671,0.05711666137581103,0.21060667056350993,0.3081289406981076,0.4444672141791575,0.051112098183349323,0.16857159344701503,0.005905895051219764,0.17580981893885383,0.05173025216140293,0.0005365284591058998,0.00013191339209471322,5.021007266511992e-05,0.03672072976087353,0.18314341142829946,0.00015260480878991626
7.058048606603002,3.7107273885663425e-05,0.5930306356871796,0.4767501880169118,1.3717079260219471,0.03129559361605501,0.09436725897802689,0.002167595358601127,0.07777869226615135,0.7182080703256081,0.0016925241303303957,0.13201547473128414,1.4868952869138374e-05,0.004636722679211151,0.0011726851807114405,3.7998263860692476e-05,0.05348760015048247,0.0010650690238180277,0.0029779796209175066,0.0051962231857156215,0.22727664574952552,0.6960571763663321,0.5323719310510812,0.04879311288802934,0.09643296300992128,0.001337950536552146,0.8130464662686512,0.023617763507984793,0.00500725067613536,1.1264323148225915e-05,3.772919932739239e-05,0.0015674053218074143,1.0442832870731165,0.0005674471678210113
3.560611695715793,0.009317785873483912,0.016288508293760058,0.18165373128814805,0.4045983921300783,0.028115544407521065,0.24433912211901437,0.041609499072719415,0.0009000451526511145,0.15426975520379207,0.0013029843149470815,0.6105306140317087,0.00043092207176841985,0.04762822045595136,0.03310832964394165,4.293069886700573e-05,0.1831745075233741,0.0010089486289665752,0.04544004580367966,0.04365409324357608,0.17897205006223718,0.08083711622276646,0.2136791823244392,0.12921498458384906,0.4230497758463523,0.0001296767176195288,0.23379728496281732,0.017686155224771693,0.0030290405920432913,0.0004214045756885403,4.637876330691089e-05,0.01672701887033372,0.21405477983377094,0.0015528671778478698
3.685352563202873,0.05530764655490574,0.8149167526799462,0.2700086175269321,0.33329262132067783,0.03377880686811067,0.03268691880631327,0.04449111213315962,0.4690994197919694,0.14780148557102354,0.0021567261584726142,0.04493920783948998,7.053841544169038e-05,0.029819484080207178,0.0009430873509163888,2.8418010854773756e-05,0.22090402988971702,6.227291134648437e-06,0.07116639567766539,0.014620301362076552,0.2181465686053937,0.0044036411941416834,0.011750691187984183,0.09658838091793635,0.00031378537985426953,0.017792475446887966,0.19707296124631923,0.49233827291855164,0.005822220949907483,6.32995937881242e-05,2.9247373328418692e-05,0.05344058885779612,0.0012455692841137807,0.00030706291785579363
4.947628402363204,0.0038396992118833735,0.00022145393756774882,0.11869632225464763,0.21503025753398583,0.0035071550525161165,0.23944193897353216,0.05218722367856841,0.003064627038309984,0.10756076694932014,0.0064018820612914825,0.03581862694885533,0.000781646387053254,0.06142827755019624,0.15048071890251843,5.584849785571889e-05,0.2022803028190243,0.0006241369603210933,0.029479848365979385,0.00810450384125771,0.06269894464583795,0.08121837411751967,0.7208127015799454,1.2691507343252595,0.005318704795587412,0.009780908003118026,0.1040562309390941,0.049968217061616874,0.02317574205119538,0.000779585188126894,6.0005144027321135e-05,0.04584323689624099,1.3357498580765383,9.922574412000494e-06
3.7823004848255213,0.004195185783966269,0.09337585292344561,0.017890323340460104,0.5227766372820192,0.01199395829639184,0.017610869466304534,0.035312862227612464,0.5534124787461366,0.6560690916878497,0.01606996618187213,0.18921036513770667,7.758511331446682e-05,0.019659791082671105,0.00412885910645472,9.989660824276725e-05,0.20224607020687815,7.45948503463554e-05,0.04808094469172832,0.0011825273102129825,0.06176423944113557,0.15902470846646818,0.16789911730931864,0.15699704578590887,0.03719625264537413,0.009210969406241524,0.3078924385033533,0.04265655782543373,0.013985331059461986,7.593897813407691e-05,0.00010548408252095187,0.02091345740449815,0.4097332197596205,0.0013778641144376609
2.5732986959899504,0.006543384418999648,0.35364706927887846,0.01332475055721633,0.0024915885500983222,0.01489527898186934,0.00019896065467582305,0.05560637990576233,0.3016155964697911,0.13466139138600874,0.013306437605416603,0.00013822696965420616,0.00010859385424934086,0.045289695322680415,0.030017371430439328,0.00010649324021204267,0.28495478726941653,0.00014641429381835619,0.03717741037518932,0.0033943475036492658,0.0029636946562393678,0.10700371607622275,0.11168148574070258,0.0708631289478907,0.5185159346718418,0.005451991373011437,0.002684781088572346,0.3914440350717009,0.025395070743961,0.00011970244265923156,0.00010699666430716551,0.015629468999186734,0.02313611885661901,0.0006783925890101399
5.926908563586241,0.019257710201182106,0.379215094279307,0.1448679379613584,0.00029407429125000894,0.09214325488142627,0.2316248471619837,0.10664250434410392,0.0831423087709519,0.0018032231017731672,0.014438884199047567,0.19258911556431546,0.0005399282284910032,0.04649009549979935,0.035486230936217875,0.00014086592099574045,0.49075852770376976,0.0010262058121193287,0.03158245696268585,0.0007549690060511114,0.04247904658657134,1.2705553699990586,0.1318375570535628,1.0486228607326116,0.08292689118746999,0.021632125998590514,7.95690248405153e-05,0.8141228657838802,0.06571687404070446,0.0005458706164588752,0.00014339451071309503,0.00271182272333923,0.5699727929783575,0.002763287523252486
3.0106461101013484,0.00011655252307128929,0.8307633645407904,0.20344330925344623,0.0010505296780682113,0.014665042618526523,0.04474462980569709,0.0359152291389351,0.031385713660412214,0.2000869016117037,0.03338253584997338,0.16513765205045572,0.00029101983298421047,0.0019100794251084832,0.007271355924758456,6.386535504873917e-05,0.1751426093852685,0.00012649541140283968,0.001947569180466706,0.0037274195299510475,0.0574932200905543,0.09349715302828145,0.07885179275920288,0.6949470469342013,0.20739871303251287,0.009902054579306372,0.001056688710522867,0.07771931429311432,0.0148192626652227,0.00027401121747787436,6.47434613413579e-05,0.0003116222209379148,0.02182799181204549,0.0013106205205581558
7.343688741661324,0.03993765629815237,1.0105863890032991,1.2446757837832683,0.5383486288746011,0.03507295717682927,0.09047307862951111,0.05127702970913954,2.784171649797585,0.13585148557889287,7.83455799450624e-06,0.06207544379441087,0.00037405612427467497,0.026077697362680136,0.08259034104413632,0.0002698026885695306,0.19185524557197403,0.0004677020847084218,0.025898620342869577,1.4103157050762035e-05,0.0015941305630228142,0.14887557448662073,0.07005149248545717,0.011084191508994394,4.068664100456243e-05,0.033311342380769715,0.32095389895656257,0.41898648172123526,0.008572587389855437,0.0003679551793770785,0.00025834594851881123,4.089180552645007e-05,0.008085899190245027,0.0014397578241858
7.727582917994774,0.058002699565215164,0.33753136604394435,0.6637761446398559,0.0020280195835468977,0.03279322610918953,0.042113976164228364,0.013203130905355374,0.8386330884543975,0.4371707799510912,0.08730856698920626,0.7727261125469225,0.00021566053924989358,0.0002454593272895746,0.21081255533328003,0.0005275338097683582,0.34166186600914966,0.0012311557125633406,0.016441334914463826,0.08590739692053656,0.1904494896882619,0.4246397664944635,0.015223622267225024,0.7072148420007366,1.2204618530817686,0.036945725933852404,0.004094332937195483,1.0282120019021161,0.04866644151087221,0.00022901857580446517,0.0005130219476455758,0.03748499227641757,0.06983107327423856,0.0012866625849210747
2.337798690159137,0.000579965145039526,0.11455025617145735,0.8854328151317439,0.33939381779022876,0.003585865521441389,0.007888283230079599,0.0010345508192489733,0.09661887198961713,0.02201698226382533,0.02220823601384534,0.010446499533266594,0.00015662837294340526,0.001799077765722647,0.03634426907672244,3.583237857857817e-05,0.010469236054872688,3.098550272051444e-05,4.992425024083419e-07,0.0015471999348085636,0.13539493905259914,0.19790178874741707,0.016934032984756743,0.0038206013131991128,0.19225998567691013,0.001124738350132362,0.19505105229423053,0.023317770430784375,0.002232983535410453,0.00014787698022292647,3.98809011356565e-05,0.009512645212815798,0.005851356245298635,6.916649555955671e-05
5.259717383644532,0.012008112995732007,0.26388639765079835,0.18311890004930018,0.7877764602582705,0.04692975200625941,0.7062314604410502,0.0021961666934592625,0.588150628424173,1.0002222290015355,0.023494175180342566,0.03349084310173178,2.5608765225443798e-05,0.004167168302990813,0.00021557447361313938,0.00011680383161148557,0.06598596869151117,9.311586709697488e-07,2.358960612568845e-05,0.00012513602612906173,0.3847116744418503,0.15653625999003937,0.009932281169010097,0.03932442158106717,0.286763526469681,0.04128443770276622,0.45610094755313596,0.1650307827927014,0.0007747649681149542,3.0076469923190755e-05,0.00010377497591625011,3.060949733912576e-05,0.0009122146531391826,1.5704721318493695e-05
4.69542075685415,0.025477585391968812,0.31597795461896455,0.11905639861488705,0.033886719203945946,0.02172206255151376,0.010472450334530665,0.08056431288258904,1.000218337630326,0.8265433125511714,5.039442109957797e-05,0.044791489752557714,0.0008059041788127541,0.07163034698400157,0.1664010772644752,0.000463012291420873,0.4634885556910525,0.0003849483507629834,0.031861354088631735,0.03245985567139224,0.21061143779093172,0.15254795575631072,0.05565817244633735,0.24763683547052753,0.36879211573521087,0.004139840284660737,0.027219070407841637,0.24883549973486427,0.016900372994320973,0.0008038130353278315,0.00046752452890425994,0.0003878665920645263,0.11392542353114894,0.0012387560715956681
5.99828563067264,0.03291010270531639,0.4760329525978886,0.5543454852665897,0.058829176076124284,0.027182465774321617,0.00025438190896363914,0.13960326826690198,0.6168381625108305,0.003038570085241129,0.13529782265070864,0.23214630281715964,0.00045062698681084314,0.08147153501754882,0.06748306452032611,0.0009090377940160984,0.40998505171273103,0.0012275988856870665,0.08444887574541196,0.02112287875683198,0.20186079809468874,0.0905705959752474,0.07660828385626287,0.1210260393908931,2.1607150367915007,0.023446037039746268,0.04688339091029616,0.24005867794800703,0.047243017609676634,0.00045822409856387995,0.000907209513296361,0.001036001719420989,0.04023196105104161,0.003662996594588757
2.8117708051959567,0.0011197204022391223,0.03818414340660514,0.49624063908598126,0.38171672043967153,0.003951669309622498,0.08076288835345224,0.00012634659512314832,0.6509823808424096,0.09530263501627076,0.07895892030162946,0.01267318228555699,5.243640690771074e-06,0.000723309854909436,0.00019043550151405706,1.526272054503836e-05,0.029590027048025255,0.0009575554235237777,0.05360815089295426,0.014186376725268977,0.026352325102130855,0.29778824938551907,4.845973965234366e-05,0.012557574340119544,0.1218087446925808,0.0017683613998513907,0.2144704770140939,0.11089994814364867,0.0480921547656306,6.863464898850373e-06,1.3939538310653397e-05,0.000830365640229725,0.037590967783629595,0.00024676633966738356
3.1340513451956036,0.004006421292963094,0.0831133532709286,0.009130204699887014,0.02833629297695677,0.0014907598874023113,0.0006086604878810831,0.00043267764791151124,0.8188058477045597,0.20113091614396175,0.009951110680459244,0.014595133628556956,0.00011468472376318719,0.00012016549675940749,0.07875385586276744,0.00012372391948565706,0.0012566105430888124,0.00021636857110164103,0.04039009959604254,0.07792592411796108,0.008934981042980945,0.5436290232633328,0.03252899059103221,0.0099745353930888,0.4588657619886722,0.0010706335490892468,0.02202733868294928,0.013153108363094433,0.0016688458656737614,0.00011113485448422179,0.00012758595679618145,0.002340169391128397,0.668267208360188,0.0008492166406550993
6.492661116518441,0.08579941418781986,0.6925685252712476,0.019452374389762075,0.2827431471279785,0.0062318813631987175,0.3424298356337011,1.658193584142026e-05,0.1253866450346874,1.2407545936034234,0.04176121180955296,0.07413993872015548,9.24875052935043e-05,1.0615948246608094e-08,0.010449572066246787,3.333149233858498e-05,0.0017370294737866286,0.0004264807987525566,0.018203367056844378,0.033644705578298316,0.00664495695676784,0.010099784233121259,0.0007440969303722541,2.6225580902021193,0.5946109115366036,0.016239719864075696,0.1719125139111912,0.0008115958754199062,0.01046835560109908,9.692739806862353e-05,3.370658936797155e-05,0.020795993637176984,0.06158109421427923,0.00019223590390064812
11.006553659543265,0.12649928788013043,0.6618493119647519,0.05485334245623557,0.013336444859592594,0.02996991518912666,1.6313389988694464,0.014026963883288446,3.7661471539669202,1.0843007704317813,0.049238452467529746,0.0032357069534287974,9.239529942479453e-05,0.011118641294546561,0.0003575778732290925,0.0003739298512021946,0.10075053028680994,0.001852948410178098,0.0006803204737315941,0.002079254432059523,0.017963265866827057,0.5027561875707849,0.1478497018424787,0.35342357923721224,1.4666326153356444,0.02044166140458703,0.006375859371978762,0.1324503091985482,0.00867934999919827,0.00010434218324905696,0.0003826002353242525,0.009042132811471322,0.7883294449816926,2.0662660854438036e-05
9.569431222376663,0.0302286607577653,1.268056092092386,0.11246397200340291,0.1560567714481119,0.016722589641345847,0.22380776411273862,0.08532540587578473,0.6688423120022567,0.07811467627894252,0.11324970294926999,0.6706297331264276,0.0014239338893237367,0.1279746800704401,0.45672825691640345,0.0004109173162616971,0.010501212053782745,0.0003275337161736169,0.004583839584657778,0.004024915868427668,0.0007597147463347316,0.012498491337343938,0.405755065297561,0.7931705140029818,0.152890090773936,0.0392620796513853,0.07457891762374723,0.6521727945801605,0.05117234323075487,0.0014238776343545843,0.00040666812848177064,0.0206605811564329,3.335068064932101,0.00013904957718374045
7.874004876553697,0.0015751632239100837,0.5426921702571728,0.21929127762629003,0.1991953497148478,0.00019575254307501914,3.1073375541638164e-05,0.0361462393808897,0.7852924614036035,1.7825750140650947,0.16848911662452384,0.4659803474851244,0.0006962804368739637,0.03751996594006962,0.207473719755738,0.0011179865483289466,0.05160163338958036,0.0006085446893942628,0.008759520676074415,0.010461250920315458,0.034778263657064164,0.1557054090241487,0.006264440320674423,0.4102064071726123,1.9609052436442838,0.00013600679510700737,0.09157271224752794,0.0014849374802184316,0.049036127044210405,0.0006795387372292204,0.001119970131725885,0.005378492013493917,0.632118078299269,0.004916381929683566
5.261435169676563,0.022067806812077304,0.012778213852248341,0.28224794643879064,0.17771271381610332,0.005161976286311175,0.25668251745097775,0.13066604106728286,2.1611822493449755,0.015256290098461854,0.004734495155408871,0.2621140581524642,0.0005750249169433352,0.15678270594826016,0.1473765812753385,0.0009543412564591594,0.10937896073812971,0.00024940680100292174,0.09662667638980789,0.006309734500043177,0.0010544601897379165,0.16006877710385856,0.007420395081253553,0.020698704569092775,0.9409268453900065,0.025842702193187916,0.09321854818505394,0.03499574435520645,0.08729811790438209,0.0005616418679369664,0.0009604056070537511,0.029777623718843505,0.00605899388651022,0.0036944693233507495
5.997441124564949,0.00467461217783036,0.5981513434609741,0.07287800199312086,1.1948853769093006,0.0028271637406456934,0.19488024344543917,0.03514296268701624,0.0002806853185124775,1.5253894944345185,0.04987285069402262,0.05634418718341207,0.0009454492539727722,0.05501516834046779,0.24236106544814282,0.0002991675480339122,0.03680827394113602,4.404745841515585e-05,0.03609947481062054,0.011202752630332245,0.0029117906896193703,0.4873083496231245,0.4733760528147263,0.001188374656336317,0.10768731328017885,0.0014155835749397288,0.6545521260166235,0.04052101000014219,0.0020104572900493628,0.0009398853885659331,0.00029618431584911277,0.0005675521584014061,0.10514291840068984,0.0014212048797882326
5.907007571336216,0.005864143531976834,0.05452652134533375,0.40637149861621386,0.1058379676511168,0.03434486218517038,0.17890681179980014,1.7748805145333505e-05,2.808861637299001,0.023095761051700584,0.002344802620581491,0.005746817584564734,0.00023876232426805368,0.005884893709113206,0.1815107698273265,0.00024390119346952643,0.00031727965528371163,0.0007283658561604723,0.011227282654690073,0.0009717675435843494,0.11366219851151346,0.11513464220121879,0.49251390195048966,0.35927062361101886,0.5428064297700618,0.01209499195769746,0.051661265741178956,0.23654202105844094,0.0026069074721227917,0.00022711584339485315,0.0002507357099111457,0.0005580891472068111,0.15249035347995812,0.0001466996275013631
7.228390521176327,9.881298754920423e-06,0.052679724012224934,0.01027277588707756,0.9613212692839103,0.004213862218204899,0.029196718843019685,0.060902848533401666,0.6055979090871342,1.9810818881768784,0.04247508732146911,0.17041342892950653,0.001086437371553905,0.05799921628719112,0.3732288537764574,0.0008989284654374695,0.012405725099720185,4.1798644650917834e-05,0.01034788639711897,0.007391877388147837,0.026960069208904463,0.780020394973414,0.29445268665609187,0.014289958734300503,1.0809135757727324,0.00022344173622538345,0.511120823052663,0.03858230063624811,0.0018491087174275262,0.0010989322738407805,0.000907086149598532,0.04850022419905663,0.04392174230319594,0.0039840597407677335
2.349346374764786,0.07966453665849342,0.07807386138615938,0.36639533545482633,0.5202981168529689,1.9533614206319415e-05,0.024744868528086966,0.08140547481227556,0.01554077950039541,0.04764999227302799,0.040251236075555696,0.04796222628965214,0.0003351773354361311,0.0769357704482461,0.02439416317217942,0.000292944134669793,0.09706413279086011,0.002469713449380324,0.0006199274258932361,0.027714687279102312,0.0771160204160138,0.11525419202814724,0.004594436882748225,0.002878246341240299,0.006087530613348581,0.006852443733849946,0.2972551280905223,0.000936790591225145,0.17253544043525096,0.0003456831854757642,0.00029402041756578667,0.03174318601554368,0.1016056087524439,1.5169779994687598e-05
5.276509888738753,0.0643954782799861,1.2128651883783992,0.049452910048883233,0.13823790652915027,0.001269187715763951,0.36512422534962646,0.09553557012542296,1.2339855836443991,0.050284703607508384,0.00019990181552274034,0.012048852551161341,0.00021195654757709094,0.039957439104693786,0.03262751276997133,0.0006798889499902103,0.15132822166557058,0.0024138111826797846,0.00364340364101589,0.00412708086752063,0.060804688324642475,0.040802901383403756,2.690925780821267e-05,0.21129691234143663,1.0866734114323084,0.05386998504759679,0.07075801137119413,0.0016374336911953182,0.04815015713599292,0.0002067306714024476,0.0006602351139903896,0.08104084623670041,0.16215816080219136,3.4683154046125275e-05
4.304300536582623,0.038919136264601965,0.15779833756356906,0.41455393016326486,0.02685018503854051,0.016241783832438808,0.0025304617421124864,0.01657071306090155,1.465919390203069,0.2957464066389866,0.05686634294563921,0.012340519973173059,7.435662780361731e-05,0.05451221075714739,0.16129474819151557,9.71215658751233e-07,0.15359424369896757,0.0010431677565872456,0.007861663568843318,0.022353266106812344,0.06085877688994557,0.4744451273523146,0.26398231350644985,0.1860881059886629,3.0712813094904286e-05,0.0011376118592916352,0.016475359072290467,0.2845919931926084,0.05433743354947876,7.472399236630149e-05,5.72725997218837e-07,0.03877916762540855,0.01823269442737222,0.00019410823770872599
4.637980806778766,0.012743159214441723,1.1389745492798815,0.12410685649302823,0.6626978657945628,0.00019208362324688917,0.021107669914508853,0.030175672107435336,1.1448135596372534e-05,0.5481732933148918,0.041199495728218856,0.0014865683171483817,0.00037271754911198104,0.025090139119043127,0.07134787740878425,0.000122607144914069,0.2918310264370749,0.00037122579723824215,0.001996657020051388,0.07825153064522843,0.06311658413875869,0.10932187022968191,0.2803859996463368,0.6351577404671453,0.09031590705425922,0.004889292752673948,0.3745635601229154,0.026126653032019106,0.002618227389881835,0.00038987166145404797,0.000122778058057071,0.0007027777398689359,1.6443479060679118e-05,6.57962246677343e-07
7.659160606984851,0.049813804547848964,0.16330032435485112,2.146938637978901,0.030715083365527154,0.0021222155013298494,0.4124599559560924,0.06984055421913576,0.3136260546555658,1.7651935491042692,0.014224098509211108,0.0020637036209652892,6.300257165294475e-06,0.02925304743141961,0.03189056367553582,1.9911615236221092e-05,0.09512167917601426,0.0005751081082504465,0.001657752551662882,0.08640734053622866,0.04306546839540149,0.7824101758020455,0.07705539538170252,0.5297088719467412,0.7450866393532973,0.05447479246493056,0.010469693286278708,0.08608897432873684,0.00874177531372808,6.325980779479661e-06,1.878512420111638e-05,0.03170848771733457,0.0744569430957249,0.0006385936287376378
5.111466255556627,0.015205192278900832,0.3368029389975201,0.7627845506430828,0.4671847641003897,0.000621728107695436,0.011505716122803105,0.07174335077039737,0.16868050368168808,0.24215636133591656,0.04888136247213682,4.585586045463601e-06,9.449885416585159e-06,0.05667472642248957,0.0020198914448827108,0.0001415479866238637,0.19382186913403618,0.0010324218027105308,0.000180800094354821,0.04452031485035753,0.06272540513388568,0.3262156427721659,0.047341599757185736,0.07794424545470399,1.2939780863356842,0.010231592700862113,0.25807224895182596,0.12584775392540842,0.01726030992804521,6.45055770074324e-06,0.0001521923779998635,0.07017375041973556,0.39741637181429584,0.00012852970967856684
6.061119590444821,0.0437186264732708,0.5375862669086152,0.04206082531521046,0.053128184153984064,0.013873426537134843,0.03976226270971507,0.0024523835169771805,1.7578493186601591,0.7119573041564818,0.006043405606491769,0.012738775798884088,0.0003400765438594372,0.000580229639699245,0.35717273978229247,9.376611520555519e-05,0.06963958815562721,0.0009022020004406537,0.0025580549754921065,0.006081565379786388,0.21364993811654237,0.2336940984656619,1.0308314457777406,0.0007330080469599926,0.5436788993525814,0.007324397377646114,0.022234049128187175,0.11493791313894083,0.0011418672665868064,0.0003396710475051437,9.0419453864733e-05,0.011251197717750282,0.22266581368033245,7.86944519295949e-06
9.674255877508383,0.0037992255464320205,2.156439423514028,0.5719435853328828,0.38323282827931476,0.041889152470437514,0.2492405790088964,0.044665408007477196,2.658082645316687,0.14977108821885882,0.00032984855112718934,0.011940548670719975,0.0001808978626113373,0.01507562387254901,0.18782523846756694,0.0002427733073696769,5.171913889518367e-06,0.00045484587633599227,0.012577964514368009,0.0006665434393641754,0.2692770090643733,0.6220450473255063,0.6498253611228055,0.5810450153832362,0.6265041969579164,0.002636670942979983,0.2176942762636818,0.1865933459229736,0.01040737015885525,0.00018199651045885154,0.0002441603680998392,0.0004463549050520539,0.018554017428629787,0.0004376629828966122
7.832936161201624,0.002196934990184268,0.386984896453438,0.5488546835527871,0.13327279240725276,0.0038751893062805493,0.1320683704612215,0.021715963247234234,3.99748818039023,0.10681243009234094,0.016803174497947146,0.04027814356076235,0.00016926542225092326,0.025366471576390798,0.18503365857005327,0.00032379990896385974,0.020756537155457288,8.164876840600637e-05,0.008063431595449004,0.170426502647128,0.14514690234171013,1.0344827651632456,0.012640358130593053,0.3365213261063749,0.2294320719335665,0.009805766654748124,0.08241075298115239,0.10977818196915716,3.254391980132784e-05,0.00017469129138344055,0.0003433685741109279,0.008441389540661606,0.06090346136310051,0.002250506628240664
5.459006940320529,0.0003051694864240944,0.42001505328972333,0.7741819175601217,0.002798704212572413,0.005569765012722173,0.11030817472450492,0.0031721283741707284,0.35029106211145505,0.0014657019452650087,0.018966310078622053,0.1816567829825791,0.0003393886422979665,0.0012261004152474113,0.13992358339508756,3.81976815700741e-06,0.031039758010044254,3.5096290908888235e-06,0.03522869957172428,0.020357695520914064,0.04065065866874528,1.0108023957259553,0.4833592253513356,0.30622993617003486,0.09380112617055555,0.0034217724468096427,0.0010254237820179583,0.06262472331721959,0.007948904522396444,0.00034188460358129474,2.087886389538338e-06,0.03071010796170903,1.3198708747435846,0.0013644942394700822
5.766345327360187,0.014039318683270616,0.5806329666562985,0.5592354661573352,0.00418974341644321,0.033425963603684446,0.07302198901416922,0.14179737183235924,0.001320671501193931,0.5902287373648731,0.0008404495103372137,1.2398373672943273,0.0011022735471457514,0.19153236790075193,0.05741129647960108,0.0005206431649538337,0.4788338320684759,0.003299853220744123,0.013479425424422752,0.010552699593289312,0.08576239951580351,0.043963151671242096,0.34928597759858193,0.8693719439346529,0.22114480767381148,0.0011471704906258506,0.0015737863782696502,0.12148262234756203,0.040280305867193895,0.0011119369093920413,0.0005130673260532316,0.007171254843077353,0.024295257596275755,0.003939208773968346
4.687161305342259,0.026068407402610856,0.39306452683587667,0.07616758076849782,0.08999184398216889,0.003721061724697404,0.026013298890034023,0.006089229315930333,0.09459672401074648,0.29260334780386293,0.0006269891327189227,0.01341347330854535,0.00022480799089383507,0.025822989078277736,0.07434749659431832,0.00010238218719248436,0.03636966014736047,0.0004180453308259712,0.0031169214427420582,0.03553027301410041,0.1658177680148237,1.4122235176499307,0.03971033107238672,1.660242358079621,0.08626501766935224,0.00515255918222865,0.0511347440019565,0.027941251600245822,0.0326076223666713,0.00022260389867706924,0.00010367879257573934,0.007137277280724036,4.329521635024176e-05,0.0002702215553139677
8.254961456896668,2.9645672344320916e-05,0.01944649769427057,0.22301170174541002,0.26440135251623004,0.006547376947974864,1.1289685786977094e-06,0.0033688145676810995,1.3644368368415405,0.0037157410130029323,0.002091228447745696,0.8158947293623978,0.0005789121035017924,0.005884647651306996,0.30201895071182727,0.001325236670809052,0.009809056673377985,0.00205117179839197,0.007708249266533188,0.09374896262631345,0.4608866229555758,1.2128455462073413,0.042451788598548916,0.3607441551910149,2.129397351872581,0.00018849487220190073,0.1305436219144948,0.2209370027160556,0.038616522718111446,0.000572895740525429,0.0012881180359654045,0.017588188498438986,0.5071320085233005,0.00569889777327534
2.31000194164212,0.008762671036456204,0.013082313616393147,0.23702518984880858,0.09695183922019483,0.005991448149447672,0.15449538897612763,0.0006319900076605846,0.19249738749627066,0.06539282666134508,0.033450253408489686,0.5056980721173302,3.385283971852214e-05,0.0031335478662823553,0.0016947574722601972,0.00020566808138836192,0.006487469986741748,0.0002725134060857899,0.06205508680133377,0.01986046994178274,0.2525072285500337,0.17294873458652024,0.24055737244579603,0.008567688296151512,0.0006601259822920423,2.791006909408594e-05,0.05872550606885017,0.08767112437882855,0.0071068993204674,3.883683989943948e-05,0.00021313457187785963,0.028728260975253175,0.041545477338334635,0.002980895284603227
6.930080566215767,0.05294494784196008,0.5867508249316371,1.729637817714557,1.5678706675642393,0.01858195331595506,0.33691145300670955,0.0873434688312238,0.17796384013200983,0.09111951369844694,0.0001863376598833768,0.26292347129297255,0.0004674978421022619,0.06590927442592262,0.028739603991610928,0.0005850653160695438,0.061137711856060865,0.0023684242488252534,0.00020652751358557188,0.005080853111193371,0.00306823748191267,0.016841535561910554,0.02434651612665676,0.05148461466979629,0.023263361669437377,0.03662796715051684,0.9135663841077061,0.13054204194382044,0.07715787070082658,0.0004615200188807269,0.0005936950606625629,0.030517666061433937,0.5439118764740448,0.0009680248931959488
7.5147696433762174,0.07259518588469256,0.04933624068507421,0.05696012701360314,0.03862718063017681,0.0001895824985178977,0.7875003614579013,0.007835257230644299,0.01916153991674659,0.5749350265639367,0.007149291342167993,0.16994427570431048,0.0009429455435344573,0.0001865607522333611,0.3338610281305597,4.013041744462006e-05,0.012191756680670941,0.0004015202171225489,0.0009445261909196238,0.0046117906562297035,0.09124675775134776,0.7945883554527472,0.40464191577938735,1.4102752722776597,0.06234048720129797,0.06461446668955427,0.013828826322983859,0.13555048393080604,0.004598884021462533,0.0009470198500708153,3.892611772255845e-05,0.009635210976908743,2.3848276019391026,0.00022110754867961082
4.7923459539565965,0.011142016735877341,0.3304661194315936,0.0009850596890755502,0.6136637503031254,0.0003276666774614949,0.24403154143601202,0.018999480595286375,1.88681828206521,0.1712640675840548,0.04079159182397781,0.0015885070623712645,0.00010913669488121127,0.019677528955459662,0.0007356385010869457,1.434812103284669e-05,0.08667535472715848,6.34494041262839e-06,0.0006516873072871885,0.0999037593447613,0.2420511039503145,0.03921061872537563,0.06404529933647163,0.03382190054425959,0.28209205689629213,0.00571899714393628,0.3552639669464076,0.0005385024585423326,0.024100934903567874,0.000113830137440754,1.398884293369804e-05,6.317589111172067e-05,0.21726350562557017,0.00019619055824690669
4.68829621923905,0.0029182622683983773,0.16400640249545484,0.003515260145939543,0.0661337392416333,0.0020024860855678743,0.22194268969409373,0.011387629645991477,0.015948929334670275,0.013761609628625928,0.0029682424837663654,0.0077079558906409575,0.0002782421737752419,0.0001100650756538316,0.12174994515512096,4.07700656839454e-05,0.0720578579128518,0.00021937305682344124,0.0017986996491863804,0.03607870231965359,0.04778715131682469,1.2188864685436744,0.08429477921326889,0.4605814807623272,0.00744329719687788,0.029362984156801848,0.029333023406191355,0.1457538239744699,8.569886072656342e-06,0.00026732221260845044,4.431131595135131e-05,4.2150947993443194e-05,1.9196516822649115,0.00021231171754485426
8.251708469343566,0.004192170719156915,1.1473328605698596,1.1086389774549898,1.3125180561136423,0.014441140454749493,0.0018316110660040361,0.003496080465101973,1.1796100893807828,0.22648761576780396,0.043472320738265145,0.027223585302788896,0.00017019563659401564,0.016168841860201094,0.020748114672858066,4.281482528858754e-07,0.10474544747357609,0.0002585569068517081,0.006053939536432888,0.005840578931382425,0.27728965608405964,0.008872375030750635,0.04462951164886766,1.1401438075814494,0.47235299316834517,0.000580307738275652,0.7597293768347229,0.0246216611694921,0.06446401388477765,0.0001635246772541625,2.2772323235409368e-07,0.00395364694353155,0.23161058389738873,6.617176212419154e-05
10.870154119537567,0.009943686887662203,0.436789484332983,0.010233978758633213,0.0690490187717315,0.04839791192399618,0.058161476424544875,0.05341202705275465,3.743711070997632,1.1085369729586987,0.004175384284929568,0.04256597235411461,0.00012938873411956635,0.01897202000709538,0.32970788439587384,0.00029055703213118887,0.21973105174239532,0.0006400288146294414,0.03154117873926247,0.035844837874575826,0.5530940117426444,0.14699707010713312,0.902336923168214,0.3944748301269254,2.0069244456186652,0.015608298397967709,0.02649754016895041,0.2783051457633016,7.631834358956605e-06,0.00012976464935616076,0.0002988010412224751,0.019431527034223645,0.3042037159658546,1.0481830987028849e-05
5.44881662192575,0.04148536729602577,0.12982215045096682,0.4433130496424789,0.80360937260915,0.006511724734626464,0.03555829567992307,0.12995109681919717,1.1651337666425086,0.004328111967529472,0.012535001648114994,0.06468163179931687,0.000974048808052694,0.08317044048921819,0.258643208063894,0.000816534726940213,0.14231767754896116,0.00078066037875567,0.020459211957007742,0.046354281496864644,0.02258963593218301,0.15893052770573102,0.20117623045414165,0.09294889833125371,0.6501044880719444,0.012190106602701707,0.43990083856254614,0.06386537285783156,0.026604202579519405,0.0009817341179530104,0.0008161405577776891,0.0027643179218196467,0.3846343255485795,0.0008641699222353128
2.5810387910885035,0.041133999775862067,0.15145690240223633,0.4851865855645268,0.5039503795342316,0.00162756325375618,0.01590882713081672,0.11651295356826132,0.028268202556346142,0.000212303743936783,0.013612871261545487,0.034396480826516126,0.00032202886050208666,0.1028329863020037,0.004637210970434305,0.00018110817777482676,0.21985362271827857,0.0005918795241416373,0.0470754861139772,0.0015080245678909606,0.07257599604661724,0.013004940526956875,0.000623797939251598,0.15022999078312058,0.035007444102327305,0.017644006105472572,0.2882220786953141,0.044648476309190235,0.08178578346576584,0.00033035682838497815,0.00018016803608119858,0.10584255199131104,0.001363442754186604,0.0003103406514846575
6.734890235064821,0.0041518538818391855,0.6999143956025423,1.6664965830300942,0.0030833231326013607,0.012865070490374296,0.3287928421919855,0.031871927475737534,0.11999647417020319,0.1508140708810786,0.024167132357863365,0.2345800028987556,0.00043834990475149837,0.018266538292421124,0.04969340134614826,2.1939961584463308e-05,0.013652264469143723,5.654927535177462e-05,0.0005869592784371789,0.018386096680590155,0.005718950771308668,0.2857294001834917,5.792769250757902e-06,0.02653489681161837,2.2091341069883828,0.014022993239959758,0.002723229398144006,0.019278209472666244,0.02022836031044047,0.0004527832846898923,1.956584676942626e-05,0.028776345601819586,0.7442980980752504,0.0001317269895258881
4.75201110991048,0.03246804786377616,1.077682168060884,0.06154935101030942,0.03692557664331308,0.0043960683006412276,0.08821518422929907,0.013353742887881605,0.2025042183417733,0.7081666567570356,0.003628860387528866,0.6059025130561314,2.789776876636194e-05,0.012381804092416014,0.00021960873342530686,0.000362284433969327,0.05638905328425172,0.0007213857625116315,0.03714378039145964,0.006795137799317252,0.19113419511539873,0.13233675039853138,0.5819049670420631,0.4986030921528048,0.2426527807612256,0.0001250590899681383,0.02512201851585624,0.02934646311828788,0.01670521581976909,2.9640420084299412e-05,0.00035821112773748025,0.002660934616147104,0.07901548846624609,0.0031829534616693586
2.7339258273640943,0.006164042660823135,1.2048863857819778,0.00819362706724591,0.07774227556967214,0.0032068309255814027,0.0015447566213147286,0.003973457158989493,0.37901446407023304,0.042342979613559185,0.0016168074869422403,0.018291812976345814,1.2921879602732314e-05,0.0006662989771375491,0.01405083100559766,7.434342623484458e-06,0.01389426329471649,0.000297661950904165,0.0007866308806829274,1.2822649189575535e-05,0.00036280015133626425,0.043255844585602374,0.11739531317407999,0.5808156263450849,0.127999505162686,0.002779471232677406,0.04335308807147658,0.031162443277526198,0.007604509536725223,1.1314612647056339e-05,9.73109633666769e-06,0.0015761232369895346,0.0008628724054152566,3.087956237149857e-05
8.989661428216657,0.00014026508258183301,0.005895100202444372,4.415847433886813,0.08906670638753963,0.0005115453350544573,0.03505162022351751,0.004333581915806646,1.0015294188193125,0.13403327814547863,0.016599555494353234,0.044602664647202084,0.0006872771932963374,0.025227194259330878,0.17481602564850834,3.705088037081268e-07,0.002141378572685617,1.922594490449595e-05,0.00015661469517996428,0.016942568736249435,0.011754646279995291,0.255842664952646,0.07390518831650016,0.1467891814347538,2.102872949795142,0.00895038211202669,0.048309655501623056,0.025415840106398933,0.007929598644499339,0.0007072209407810369,7.951987467590653e-07,0.009396674591592501,0.3301769232569946,7.881385892894538e-06
5.256542728614419,0.019103851741789243,0.222824498124018,0.5671807290156242,0.0056525096675575145,0.019785876834569803,0.001635629612111728,0.023598168789659663,0.99081078983613,0.35741869694886097,0.008474569274678694,0.5352457840228942,1.7745848496157064e-05,0.007549757055537158,0.07770305063500277,7.609993958821045e-05,0.10923348227495884,0.002389331857934394,0.019929038795210886,0.011293237370223424,0.0009265801931498545,0.004173880667856084,1.1106446369775436,0.9812839305381568,0.0256267193185622,0.006035428148882566,0.0046868194798350745,0.10491757970904479,0.0008068714357711635,1.9547234572610252e-05,7.189363954210464e-05,0.02068098571519946,0.014368856377257053,0.002376151534199781
6.5260894708821295,0.013766259654924682,1.1642335191450905,0.7919572871746541,0.1631044110538443,0.04318417938516171,0.03287638930031862,0.0024289497255642043,1.8562031527681264,0.3203489890824704,0.005661999318669707,0.0646052156821382,0.00015449416022722984,0.001828556088674012,0.20253282070719905,1.5102301218417839e-05,0.01455218217781284,0.0006757521850078348,0.013043961011424757,0.0071479627719395035,0.06718382190973407,0.015467548692099717,1.0038986481230845,0.19694413149757528,0.07138082443030236,0.00014766515159650762,0.09151846705506958,0.33976293283869474,0.0003317954060188229,0.00015432287433996805,1.750316116601565e-05,0.02745357680457865,0.013233746074209067,0.000273303169193316
6.2199693756116075,0.019328322937963913,0.9802417896040058,0.6102005863892134,0.17403488619901428,0.021425709394457947,0.6243458661027809,2.6635417638883378e-05,1.153572341342543,0.0015224052482437614,0.042293776280970724,0.38700471906740047,3.0513707704145155e-05,0.002914022829737976,0.007082925047945089,0.0004625082536180534,0.024063785738366688,0.0010003785216688241,9.082949988361933e-05,0.03707360870949529,0.18289694341722587,0.0034386701579391067,0.3598386574453399,0.05318335348891802,0.053683810966109115,0.025479723338364818,0.10563336010888111,0.2166056362174388,0.00029112013572807154,2.7639282214150504e-05,0.0004826866004741158,0.003490326710575586,1.1244941644491604,0.003707673000586054
1.4900082138444355,0.017155186541702467,0.0027259741954118928,0.02684347691253889,0.2503725528084171,4.722788836323853e-06,0.06747038186705409,0.0003713229448294125,0.08674952136152268,0.1064437607994067,0.029397332614543942,0.2870680622367539,4.851228074663062e-05,0.00018174922667359782,0.025745057943337007,2.0285624164757016e-05,0.009736100509309896,7.571660551061773e-07,0.004948930044737045,0.026222787049659704,0.002821992615318864,0.013082121051829213,0.04699495702457045,0.12417725018078124,9.829459913238274e-08,0.02160202232969679,0.14896971706641307,0.0831891988127857,0.04304956139011873,4.649926897353072e-05,1.5660612039520467e-05,0.017581990413836956,0.04589161554592516,0.0010790543218459263
4.362787305506959,0.0038317432804238815,0.6338606381906142,0.10485191686296963,0.08054285557276025,0.00892497924748874,0.03727881445877844,0.001763365133356446,0.508315734556732,0.22514131323047937,0.013004600413343084,0.17888976570803547,0.0004959244437858753,0.022357707024064977,0.20905563277082553,0.00027530432676081364,6.509023505153728e-05,0.0009985444452268503,0.0038366324253895907,0.0021798242411683703,0.06708859618289974,0.8074477936941051,0.025519457520329993,0.5242206094140377,0.12870296987426166,0.0006706269369864409,0.04409093686605182,0.41322441794974496,0.0027442587007876574,0.0005104971089199285,0.00028428003093146045,0.0018966790539924306,0.3100403372859707,0.0006754583206857591
2.064993337681721,0.0011728851836472329,0.02476298979879432,0.5565572951566952,0.00755608616244875,0.01406577483994091,0.15486254263064123,0.014891526184394883,0.552121461928193,0.05344930219139566,0.014451700082030713,0.016268089931277874,7.885747768737624e-07,6.301131524419648e-05,0.00227683952628493,5.9216853540377595e-06,0.04902521505540113,0.00038966192657517045,0.004826947489132692,0.004676829880668819,0.00015017801073421823,8.451152382882296e-06,0.037838328584716106,0.13598443963851908,0.07191179691361169,0.0025794308534360486,0.002599948865865723,0.24837151860555345,0.0052673144161135155,4.075695101155483e-07,6.71625466768634e-06,0.02310501923624966,0.06573986069918776,5.057338275163638e-06
3.5180447187750907,0.010460711118695409,0.22944105164044623,0.13011500790642272,0.2134843088631482,0.016668439233484034,0.06521137764339206,0.020921060698053655,0.3064550630145389,0.08670522477032067,0.003743486329780367,0.19612670880968885,0.00021150723627824737,0.00895491322494385,0.05823339882721945,0.0001494602299399935,0.10049908407208118,0.00017284865250210754,0.02195746854273402,0.0010604369885630122,0.0663461611615624,0.026669208564047035,0.0018363917773329544,1.2277232104029758,0.2895708404756419,0.001523567600904816,0.14438718981248663,0.1652852395801655,0.0017572588621017383,0.0002145302246501184,0.0001378757642122458,0.012767779167088149,0.1075825280015251,0.0016713795781632638
1.4530778792042376,0.0028304593446811144,0.2085704034246987,0.2688499182790286,0.019498210439150003,0.001001098227174206,0.0004237513646421493,0.00045881315692805294,0.21605536773539621,0.04549213777506189,0.002005268122870774,0.06656715764875798,7.333041050999471e-05,0.002371603804501612,0.03716256298818078,2.112744757709671e-06,0.0025998391354602095,0.0012270667609188492,0.0068937366914286384,0.002872099767873309,0.015042537750167206,0.08757134790208113,0.1787572256116232,0.22771598869127424,0.015190921997910419,0.006442742306401546,0.00924061732677069,0.0011326128116887957,0.004427642813234143,6.804575221440112e-05,7.817779316696062e-07,0.005882598679024716,0.016554787959587737,9.509000230693677e-05
2.3530181780395836,0.018281077551725183,0.011855840033213015,0.3307892306485622,0.0013747796378718931,6.4671498506519e-06,0.04602532812840936,0.012691053195091869,0.9427706265351993,0.24997712002201455,0.001692001528765902,0.07358797605532798,0.0001768262471325238,0.03573764834207581,0.06004706311884323,0.00018047138512025557,0.014530866918935334,4.262128940587813e-05,0.024679303812180697,0.0010863899656547245,0.03951631612792252,0.007575434590887236,0.000154492899720406,0.05876616012168775,0.052573568750475634,0.000656338774724487,0.0005185750641740767,1.008503433713876e-06,0.0035671727457596294,0.000181017481677508,0.0001868580555463106,2.7148044117684076e-05,0.3628026117241692,0.0009587835899070546
4.139507885400441,0.002717594618042528,0.09388631560419765,0.041609394253086955,0.0397529332807106,5.568722034786242e-06,0.0008781182947187956,0.03573414887300802,2.0718897406376544,0.0030416234223527455,0.002475395072011363,0.058158036306928354,0.0003988009095371542,0.022859692738795425,0.20725153407351207,0.000310497360194579,0.04238702445233665,9.707651768246603e-05,0.05924661073521039,6.336188474996259e-05,0.01874458862134793,5.636446554218909e-05,0.15766143210649483,0.033356019027724275,0.644005886967106,0.0038706001081155765,0.030371505425114447,0.0013661259890780115,0.0005155157830946577,0.00041487065712363737,0.00030841613966404215,0.004867609229443795,0.5600811992170226,0.0011242839068035828
8.90303239361147,0.014285628558241871,1.0347090426651002,1.051704926310977,0.02091540873589699,0.03778662208317636,0.6855045268271843,0.034568730001612605,0.5939895069215484,0.7092773429540016,0.024911012247471907,1.0868476486964092,0.0004487525141453085,0.0034567843716239517,0.039167296519380605,0.0003574888314980172,0.020182446058773538,0.0006893246947513423,0.03770782406539677,0.034622661849459765,0.018460242716991242,1.2948448416225151,0.4837077716369888,1.227134697778769,0.08456850262925084,0.018249818269059984,0.01995625790324624,0.060576942968069945,0.05059610654493516,0.0004323337672671164,0.00036020883096268906,0.09115225458654892,0.11463528559121428,0.007224153859001535
3.846173594090939,0.010544296404471172,0.5960018683843231,1.3438844967463004,0.009348937921102463,0.0016627768793005789,0.10672430861869427,0.006981624517433049,0.6331817599206425,0.03121619163042511,0.03684696685364305,0.09106024789353834,0.000104754213988542,0.0008981522992355295,0.020146476027840084,1.5412452864472818e-05,0.04258306853076746,0.0007500044117565267,0.054283853160703686,0.03925717868264252,0.24654444061223654,0.06888720250805104,0.05719386145420289,0.021282363054035084,0.10337548033064359,0.04391182495637681,0.006029372828838105,0.007870628143156972,0.008791872729858957,0.00011185811819666646,1.1748424499271455e-05,0.04439550669117957,0.21110806669153925,0.001166991998451664
7.570819453872133,0.0007663762260250981,0.0638058307118939,1.5905254666864705,0.4065172799016807,0.00016184944519526408,0.03925778864250207,0.03706076531195101,2.4197577519949847,0.5114409381379206,0.008662971652529185,0.2220838854541721,9.690283067651923e-06,0.022120805696311453,0.06933498898743976,3.709597508377095e-05,0.11585461650417216,0.0015346127177609105,0.0010788500883070675,0.05458005626016942,0.05915725847488471,0.5588186789907944,0.09341927148299813,0.20389131826732673,0.2675796710478765,0.00448323064866797,0.23114250393283964,0.0024160765477491413,0.01563206971939135,8.490092817836294e-06,3.553833187421469e-05,0.008597243783895921,0.5610460298166116,4.520567678093336e-07
8.331782852781426,0.027816697386303598,0.0007068772680035325,0.8966886207648719,0.002492252989119343,0.00153212071257952,0.0009606863513238679,0.0019996324048927082,0.600478276002464,0.3851573676260894,0.010842130234083038,0.48261188302950725,0.00026472818140811416,0.01358846751265853,0.10969043229629265,0.0010331191798024118,0.0643321904207047,0.005855080806471268,0.002327234115730002,0.1103201485109269,0.07141849963789076,1.4465187827062203,0.27261680072214084,1.0903144504749087,2.517083188796525,0.001323760496212407,0.0032369789865627583,0.019101873890445875,0.012497718661405496,0.0002678006325404528,0.0010435303280401137,0.009670667920726404,0.16427329291167492,0.0037175608228985513
10.155541940677528,0.03486331937127643,0.06456603652479147,1.6134219200743218,0.0023441260780621698,0.006235029452719337,0.7563629251089398,0.002557544386673236,0.045517105094055904,1.1547892691651198,0.007160373207951347,0.4252396952412031,0.001197899911688709,0.003945649632567678,0.32376255956748407,2.7737121567376976e-05,0.004825940503666104,9.384637225241266e-05,0.0029470151612188134,0.07455876621117624,0.022080727987070257,3.058253544894123,0.004309424913350362,0.0007205849082691329,1.5466991793999738,0.026549361442211095,0.001901578117863171,0.049280396871675985,2.607926435494936e-05,0.0011798866021783584,2.2821304769233583e-05,0.015557121533452225,0.9028154507025635,0.0017290245489384756
1.5447293388315548,0.006190241943230859,0.016987227480880725,0.007077009737403413,0.0839668913518998,0.0012710334229686234,0.03748111767295589,0.0021998432090746694,0.03506034203488508,0.03992300066224493,0.011338459671496241,0.04458369400364419,5.852978600494851e-05,5.520056840717673e-06,0.015327414749891369,4.545448798560759e-05,0.0017107319343552738,0.0010969973406914732,0.007784297314549255,4.203576848257263e-06,0.02753123779361165,0.6991863483437676,0.021633913729016938,0.2052072430267519,0.005321821712008145,0.007565952497362696,0.04824361973601565,0.11458550157239573,0.042837802554083156,5.6064809432883625e-05,5.251571562571321e-05,0.002616217950398391,0.05773738538184689,4.1703571386230645e-05
4.208158382682061,0.007209722773805093,0.05805876511732268,0.0005198138356341602,0.008488915173532468,0.025285673113646375,0.6561829391694146,2.0116186372505772e-05,0.12397543378189047,0.7771960224395206,0.0003823117219228835,0.030808699052033345,0.00025192020319627116,0.00033459839316306143,0.07701152318784557,1.6237400647297267e-05,0.006951419984420881,0.00017287775936308637,0.0017615437851368002,0.004957444157958467,0.008859807668378895,1.5845088343400378,0.19238651202612575,0.002512016827050463,0.0864763283862174,0.016721729956579185,0.007683538595139059,0.1867724831222833,1.4757699897413481e-08,0.00023378967852369077,1.2527170813925447e-05,0.001699761920845027,0.34069830346448593,6.757531054288868e-06
3.164639420265662,0.0041336409597995186,0.09024173179923015,0.11278968702363547,0.44057713912856905,0.015455639075176594,0.0005167807481659955,0.0012223162953524983,0.005099228268359883,0.05411046242128346,0.03656823744104608,0.15468296035291093,9.475968416044597e-06,0.003435762264772807,0.02202247912059341,1.7586704266213246e-06,0.004938694187047264,0.0013384170926839677,0.0016668411017550164,0.00014009877895796008,0.06407990832202143,0.1953714492169009,0.7464172740495852,0.38446766451754916,0.4218133493235938,0.00628103275880936,0.2345754260892699,0.028270257514751967,0.03881825147974903,1.3361282011900526e-05,1.2577361112238656e-06,0.010523212523753545,0.08449401034325472,0.000561614410117136
14.064899281628472,0.0024615906314561092,0.9989516393504814,0.044123858547196124,0.019890132356508126,0.0007646740266502887,0.07912334421401558,0.006574901700968916,2.618621532676915,0.02298071797692732,6.405781149010358e-05,0.4111988959706207,0.0009292065427760325,0.017501866101971287,0.5789705496564399,0.0009596797601398732,0.01720149610512229,0.00032846577467934623,4.834766868420415e-06,0.019523831037607745,0.19881271349636523,2.6381553720133084,0.03349888110501874,1.4156650149368168,1.854133966185213,4.206741386019953e-06,0.005864301723899127,0.15337190813272308,0.05004468241788098,0.0008969844499528396,0.0009695920697458979,0.023720206093425893,2.844312465718428,0.005273711535472538
3.611989226571804,0.011997103511830164,0.05610837752369807,0.3213169347825354,0.02295061963804671,0.0009740161470969962,0.20857517795580682,0.0007229177105614,0.3406687714290107,0.6162966380325973,0.00022269444671445943,0.0799691205473664,6.010790630793863e-05,0.000255294389581825,0.006629996934974843,0.0001688799892755701,0.00033888946454156417,2.130787517768065e-05,0.023101869473228828,0.007016739589828318,0.21212407709472572,0.013793243276033916,0.30210325268409505,0.4171449880825852,0.8319735966597311,0.01543219761069791,0.014011573576331092,0.0512046955982578,0.004113851083520773,6.480326691210302e-05,0.00016724946350258718,0.02879364240263802,0.02093993086913327,0.002726667555458686
14.619350132743923,0.10210849884610189,0.796246979628432,0.29049260181144126,0.015696298598712057,0.0017750993307249542,0.3390848591940746,0.0012816595640648455,2.8423505755731835,2.3403745906913955,0.033252265731676986,0.7667519890150823,0.0021666086833835,0.039416958645030864,0.8548067710371704,0.0007795964941260979,0.0004759264716356216,1.2812654220004752e-05,0.0009907414704319977,0.022596708337162378,0.18688494822244953,0.7438558025444696,0.35557688001619386,3.8949818134939664,0.21385959897113585,0.02684921374787004,0.021329544687400028,0.23550826873507727,0.005191017126924835,0.0021968221486675923,0.000786520893113709,0.047105829672404634,0.43120651982991,0.003355810876288688
5.8750060939843936,0.00019176782367824984,0.0825058418098144,0.9587375257336419,1.219043806786282,0.05118978805210058,0.11832344159375247,0.028195584090196624,0.2864093542595526,0.0006595845952619893,0.02690877047637319,0.017479238439441803,4.528028641165398e-05,0.016887560277724215,0.013860081778240068,0.0001405217533439214,0.10591390271050266,0.0001330996782412659,0.027096802533132396,2.008956890418361e-06,0.008529044723264653,0.4431744981288691,0.0010798806060509174,0.0016490360074430121,1.1521684260157696,0.00017267993571147056,0.6993287800909611,0.4072093709305695,0.003482572594565435,4.566530715079623e-05,0.00014789073580657541,0.002139536773124573,0.2011292764638794,0.0010254740366447061
8.46101016203126,0.003002199840821586,0.7264653770756543,0.7537507237383035,0.4629740732121172,0.01144466374797247,2.7622145659271266e-05,9.501131901885322e-05,1.651335942838699e-06,0.05703300024532552,0.0001853555663889817,0.680039361063017,6.265363407729745e-05,0.005394242541581838,0.012074479513743333,0.0001041211336694288,0.0007086684614339468,0.0018026825367531026,0.00868291930394484,0.06248632495772614,0.00025755269159593756,0.29833409347488227,1.349890062615563,3.4183962898277116,0.260144809883501,0.0002768979039512619,0.25143517725471487,0.0004922793761207371,0.0023461125850033843,5.799504833351322e-05,9.797042624500351e-05,0.02944673980990675,0.05769029569940084,0.005808754061176693
7.601687257173997,0.00491337936302039,0.18108186412173188,0.15228290566549246,0.2281121935991427,0.009755948961946153,0.6360468368895238,0.01245502280150724,1.7082142632139006,0.27014054408222377,0.0039037415553550055,0.004071961425700906,0.00037033243075028274,0.011794119601144258,0.009112446152894242,3.395607327444856e-05,0.044824416245488795,3.676136458480482e-05,0.022541813196294624,0.08007444453089611,0.2897972276603689,0.8216672834285892,0.06650319576147908,1.0873367904429783,1.076761287785662,0.0012760955567187248,0.1250809015982365,0.013894962616429961,0.0009722171700771167,0.00036519346812241175,3.7375070261417704e-05,0.0036948618736200663,0.7339122978997523,0.0006206155668279918
3.924737086165173,0.04610000753469051,0.030446679766636488,0.17332982808491987,0.0007564535044202257,0.0036453367986575124,0.24480906466647046,0.005047693028344107,0.005432452428918999,0.04412237938893674,0.15569337247143408,0.06274615347213293,2.3182324466169762e-05,0.004681969603598022,0.046681154403940134,3.4791691221582175e-05,0.0735038255291624,0.0036660064388562177,0.0013610051254166647,0.0015079773880896322,0.07736977735601083,0.0035269331212875346,0.5422270543369072,1.1271007234718804,0.022675464293341788,0.051574200329048116,3.015206336113502e-06,0.05903415540329788,0.09403130954868849,1.760284427249343e-05,3.809336497253979e-05,0.02789919933809493,1.015597068699634,5.3155201087682545e-05
6.5774621101912585,0.014072399548083108,1.0665198006942924,0.06407464902991886,0.48474831941684726,0.010585384304137918,0.05358526809202268,0.014772104437084568,2.803699547493548,0.00025441617267554014,0.02509288499890139,0.04272063580286409,1.26613070005054e-05,0.022480078020275414,0.0752945104850533,9.99871468185301e-06,0.1051362231160597,0.001963005778963977,0.0049516362981175295,0.056921230870517994,0.17140072626102135,0.15361695243792906,0.30991708762707837,0.4072710260478575,0.22036310702693246,0.014789090451501886,0.2808799940507793,0.07865615052097054,0.06739976290747543,1.5847885645083173e-05,9.548627485732266e-06,0.006020374576954323,0.020226663258472305,1.0239301091271713e-06
4.30757353295831,0.018459042188951613,0.6627272591808859,0.05631958837458699,0.2773955708330885,0.004908845366274949,0.24821786408011243,0.003056567121763668,7.111139368942824e-05,0.21241941912942017,0.008501794605182503,0.6692287191289031,9.991736736217592e-05,0.0131408107094559,0.03539296405839028,4.3771729367882415e-06,4.671480789205007e-07,0.000276041036032958,0.009949062721019714,0.0983679982787695,0.05454052501364,0.4564945778511368,0.251700352308277,0.39039439899797757,0.39757542002649315,0.032638036975985225,0.15430804209163326,0.0408565727512859,0.006046079219456439,0.00010476520382752099,2.5815563051051517e-06,0.03819772823988629,0.16365107674059695,0.0025259560869032643
5.312956316657693,0.11876851398797887,0.037345280509672514,1.1556237020798266,0.4260766505714177,0.00048254847278392417,0.47314389188178324,0.025757811959616433,0.0013263559517639261,0.3462059061066096,0.017829573440137254,0.006840601149809706,3.3595367312452546e-07,0.021717067060894837,0.04045604966981924,3.873354566514999e-05,0.12058756485542496,0.0011352331233282361,0.0002434388566991231,0.022894496191473702,0.021868436628115023,0.018489252873561752,0.1513911501015709,1.1410767011313814,0.1585403551236844,0.08979051466909234,0.2706860315596696,0.11524480661541613,0.0009426212736186873,4.570960423577052e-07,3.5746958132447845e-05,0.040462823131361125,0.487911416468339,4.224765932884532e-05
6.124036834599641,0.010274611292977406,0.20616361418527038,0.06148724868448267,0.6475969359979054,0.0021391465323399935,0.0017845113126627754,3.830282127002844e-08,0.4832365356774174,0.44922981578484855,0.022263179042401177,0.006504714785007891,0.0004146530342134877,0.0016363571506965886,0.1970169478058721,0.0006338592710815568,0.0031602524103605755,0.0004137692789115217,2.401771296039603e-05,0.041319278835629726,0.08083393378876384,1.9728183533537722,0.07894475495111358,0.14738344897438826,1.3448261923447034,0.0019240761244310857,0.3388380539940732,0.009070492201252693,0.005416250753772574,0.00041156949813006376,0.0006577989807706029,0.003166537374842283,0.002909699387817996,0.0015361857739484383
2.6420652442907224,0.012371087133551175,0.16027980773310502,0.5586725182450389,0.04025263531131352,5.919468356617522e-06,0.03697019339989877,0.017981150961631893,0.19072303860731576,0.07431440772380328,0.00628545654693179,0.020714341487614515,1.7353264647714338e-06,0.00877277868314879,0.0006268076183165155,0.00016453992681477004,0.030361580615479805,0.00042958179594693825,0.0014729716203024377,0.036200121451044565,0.08232794907710843,0.09700257741207494,0.015843600573919866,0.13044431293848754,1.0886952599625594,0.0004558172499968093,0.027711046041375614,0.0008957232452558846,0.0015816892053898345,8.153816388033213e-07,0.00015617708730757325,6.879915737114272e-05,0.00022548827626376006,5.5315025893037614e-05
8.621868196451052,0.04450755008915499,1.6703016023865396,0.5470597914314463,0.5163053523720409,0.0011457693627153524,0.21608204433403358,0.022784752373630163,3.714591063094745,0.14153073249633227,1.4389600035374166e-05,0.010144627951643082,0.000202900357148595,0.002347312497054958,0.08488999992950656,0.0002269720435520413,0.16559442091480792,0.00029519371864788894,0.004309924084289279,0.011503402448028045,0.15675801763303165,0.009254833366261678,0.019832845136163135,0.6300649848438208,0.28520813660234706,0.013585188963812937,0.31597979119185465,0.017657273319274216,0.0044272768551853435,0.0002214201709536036,0.0002325086121525873,0.014739295282788443,6.312826214594671e-05,5.694725909276562e-06
3.268760083649013,0.02583385100529472,0.000806478300244648,0.035777542781433684,0.00973766656072944,0.011347293564905622,0.024204828273754947,0.042230372184818996,0.9658670244632619,0.001373806007469477,0.009408338413920992,0.18397797835511234,0.0001424254551034955,0.03180329073832994,0.051113047367784284,8.562844097289503e-05,0.2893975253757169,4.825559788948302e-07,0.002897529245396162,0.07247494988907499,0.08741725394096767,0.0036731209703558584,0.33014862469329126,0.003118328385314123,0.5904934326322462,0.02469141526209029,0.008644971417350773,0.39518327741776244,0.025936385537239724,0.00014034779487998378,9.019575230951098e-05,0.023607007617315847,0.01685871408524699,0.00027694916333788865
7.379368687279085,0.008892560067493043,0.9569518480276834,0.4638992234642367,1.1608249179262815,7.751839517314144e-05,0.10028684446771596,0.224401888417636,0.25544504406157365,0.7179066614494124,0.009415799259567125,0.31322735198027607,0.0018552142691222859,0.18878426241272475,0.40112397981215164,0.0007898481992239238,0.2664646811909842,0.001702471893479259,0.007439408259037383,0.02781909716570296,0.02238185228249815,0.28350266221424514,0.35844892234638476,0.013419539801378179,0.2199293263702967,0.00012642113942852644,0.6331712245819464,0.011214322258535449,0.031123440349637797,0.0018809523952964316,0.0008027755643437503,0.03968080406033698,0.6557067933455821,0.0006710298496992654
3.148254113655749,0.014443636050105374,0.2896942398469305,0.020866992257769702,0.06702496134531297,7.307790202476976e-05,0.19753110609702648,0.034039300713767824,0.00014720542926132763,0.11534325906315548,0.002310823576032103,0.1274413330863887,2.5697345353330414e-05,0.05262887668307319,0.054394869354873435,6.088663012906942e-05,0.03431689591529529,0.0019086905026826193,0.024541532740878946,0.0022802881838532778,0.37199773400050234,0.5576168771361998,0.46941734929450574,0.024310795367317138,0.04100687951815378,0.022160220612580005,0.03348648888311528,0.02123345406368987,4.854712372852908e-06,2.139504616276738e-05,7.070765079649972e-05,0.04272969352493256,0.524947192169246,0.00017679895226018491
4.543110494753471,0.032839070703129386,0.0005365688683784162,0.9463823242017759,0.09952483232456726,0.008229175812587884,0.0014965313082643537,0.03547624179844339,0.24985619844857274,6.193545530861137e-06,0.010552304785662972,0.20904443593094776,7.754672114359648e-05,0.05619188517876383,0.01685328211958205,0.0005102448727360261,0.12347113097426698,0.0024773498407310722,0.03336538832057239,5.544403689395508e-06,0.23117559667903392,0.10584624815466852,0.19338099715488669,0.2594408973270332,1.8311363882001699,0.0024400944074836083,0.06460729900324072,0.019816960231625103,0.0002432235484731781,7.801513140226559e-05,0.0005127219800584788,6.964513715699624e-05,0.005658405809284254,0.0018077518296072887
2.7043507566364755,0.0056251943535044185,0.0008293123706208899,0.06323605260260846,0.11481309321842043,0.00023889525333840322,0.2111804349471157,1.1025640626286665e-05,0.0967226115740005,0.010564821341692497,0.0326686327621224,0.04904773811944801,0.00025441680507637653,0.004929100013445077,0.0486012535808843,1.5999333284561554e-05,0.0010521810464307318,1.2100455187479644e-05,0.00013901923159020835,0.015628268935605004,0.005000620057345568,0.903154806963349,0.002934340081059606,0.031748338307032546,0.1413749448160428,0.0013825845001002798,0.061161014399336106,0.026773137802794868,0.014102585323236242,0.0002628347244033508,1.5296954072761662e-05,0.0002102894896651113,0.8603995444867453,0.0002602671462905427
2.5702049242321023,0.01999118651469937,0.007582465690643422,0.6953732606221588,0.7640933315156002,0.007059432138040278,0.0067861496690205915,0.016152130405857033,0.056017203999061446,0.018357559115475475,0.02623156629411286,0.006682503652108848,0.00028488349690909193,0.019801905589544904,0.05586496361412772,7.696722621341113e-05,0.011386772757031607,1.0160123464800601e-05,0.0012826822692495548,0.012127502317941078,0.000287775406235953,0.053954025850631075,0.20843688274470978,0.001135817376816807,0.014312783536704449,3.0012525575985555e-05,0.4347710922689164,0.034068404892152016,0.0003777015045194579,0.000282924941482414,7.587689719294621e-05,0.0035877478646807928,0.09371156796584053,9.683445382725902e-06
2.387123380957661,0.001386677916965522,0.1250244174975992,0.46477496026937665,0.268710661276165,0.021638336356267808,0.0067547782278146,0.0006301706201991339,0.36170324767168327,0.004707515611402917,0.044395504531609266,0.023878048662208357,5.858232079263986e-05,0.001282633773947259,0.018428913073931564,6.193860803286234e-07,0.03786581589316093,3.4783277933450657e-09,0.0030615985918656676,0.004849814328486283,0.0015207411299734254,0.3464420328711679,0.0005733851456440437,0.024457590641982302,0.1545082588422778,0.005828158081990254,0.15653068487716149,0.2607422797255721,0.043721769753777784,5.3165227511212835e-05,1.2009510151208605e-06,0.0007523022210203657,0.0028329602896907204,6.551710992346192e-06
6.879438222263299,0.026840893352003025,1.8240770153287884,0.8482152993156974,0.155841581905698,0.010194641766631474,0.2275919822017486,0.02242523679552863,0.08805779146328088,0.37194081000995877,0.00041203620229990253,0.013300034358653753,0.000544021774048842,0.018601995304766653,0.21185624228438268,2.476595391236302e-06,0.0016926709474432955,4.407700758111958e-05,0.00455906953015602,0.0018177317814249304,0.13252757596498735,0.22491806575175438,0.8137874900882995,0.024779728343914054,0.24061727447766995,0.005576399411133514,0.08868025742537691,0.30526362359010734,0.00141062089688283,0.0005397885349203975,1.5908557192970812e-06,0.037277200521582,1.1751710912462228,0.0008719072292446759
4.962481223491957,0.011279789543301454,0.6095204213223768,0.7953827477988649,0.14303913711691132,0.013189513848778004,0.18236181371497318,0.011122026128554277,1.1153140616186514,0.14372669633986732,0.006273466814022439,0.36775510622326135,9.604124993930542e-05,0.0018447379776449582,0.04386058520473091,2.4350511578019278e-05,0.004462275789953459,0.00020434977167412645,0.0014858152247923164,0.004305308273743394,0.027308253242795275,0.04030694319588291,0.5438080563943533,0.5748382050991137,0.03918541914611036,0.020222909313137593,0.07615839569120605,0.02246630579528428,2.0180931762969638e-07,9.469187382196039e-05,2.2863457986285927e-05,0.09541893120013671,0.06594940642107033,0.0014523963781210986
2.950827000672577,0.0020564615913629025,0.10363776986651572,0.12550285363676206,0.16525407386592034,0.0026004372873970148,0.12386786401950757,0.0008261021869196148,1.244044912588191,0.03101174332061052,0.0570166418835305,0.0893283625638717,2.7699855198930224e-06,0.0022240898670787736,0.006720512430311881,2.253066439616108e-06,0.03139423740731167,0.0009596313795257036,0.016027660458025037,0.0022204970854166526,0.12808435055945583,0.16962615471893,0.0779385765537266,0.011151388552877927,0.10634118545010385,0.0062798401857826645,0.10035232923484674,0.21746998475772947,0.04206172181099999,1.6819857889243423e-06,2.770944173154256e-06,0.0007011416179657443,0.08607522746427274,4.1772345705012976e-05
5.278380181289967,0.003826814398428345,1.767458376119552,0.060210981507031656,0.6539073077304857,0.008089249154106045,0.006172928711566913,0.001218690802465149,0.2494031103388037,0.0003895772958676232,0.024426157539502634,0.02431516067878731,2.183890178867651e-05,0.009660540581621045,0.0014442525735657984,5.206173303387711e-06,0.03835396978729061,2.871095828878137e-05,0.008187669456062573,0.000204797355020773,0.005065427725137372,0.0008364916633187382,0.035106897667184556,1.8809155890745564,0.05661372618393708,0.00015430280991635847,0.3653840728053104,0.032845582058947935,0.009299396144120349,2.3444128266842593e-05,3.3787561300596303e-06,0.03093853680633671,0.003160239214970833,0.0007077561882951852
1.9333585811053287,0.0057111988555520014,0.16514659207727736,0.003862437222224711,0.319105599771678,0.015162147129432434,0.15353906371160042,0.022851030172065277,0.045525183122267325,0.09350211572257683,0.00016104985778594993,0.25365083446057485,0.00020982075603100087,0.009027055929963553,0.03823008603613583,3.757726704834617e-05,0.1640140103678587,1.0071643767472748e-05,0.04898159869730282,0.01537020546400316,0.04403304123960744,0.0005130011166092172,0.01485644476154775,0.06473730654415433,1.4040020643096173e-06,0.0043494979221511566,0.1923352836752997,0.025892826914906308,0.0007619784954354745,0.0002225598540216118,4.4513181340478473e-05,0.0016376627569690753,0.22852015487781813,0.0013552274982578595
3.8799074784848675,0.004442367278521606,0.9707943859549033,0.0002305691889892973,0.1457295803462421,0.00642560286369804,0.03629552770045046,0.0031556063056215333,0.050347737089438495,0.09583798160407615,0.019824940647291216,0.2137869082872368,0.000246368894623164,0.007484923928061009,0.023441557770756728,0.00013559638799314947,0.0004997267179946408,4.067512061016867e-05,0.012247947739130939,0.03149019919790626,0.011686721412623531,0.05087797635864321,0.014413985793606188,1.7575159772660698,0.002922338895955401,0.0029809656027882884,0.07591620940739127,0.27235920454154633,0.003128452461288354,0.00023777557147901284,0.00014137924077804932,0.0030155939305015695,0.06121029104145517,0.0010424039371966962
4.406379244213232,0.0024075355294020323,0.4863058406878409,0.04585436186118766,0.7232181537428122,0.022740550768830733,0.014730435641786855,0.029816710593465974,0.052719844752007305,0.2839563452309586,0.02582797760626341,0.3340465731196319,2.1069857598781646e-07,0.030236378638987083,0.024189378048139334,2.206516122745588e-06,0.03389214419649507,0.0015872218854708125,0.007288387940317995,0.002284052054465433,0.1069628477238712,0.13774955482620072,0.5921106335359013,0.7400959812489001,0.10770176839789175,0.0028838660342791938,0.41473977504981113,0.049823520597189204,0.010900729634754145,4.1520602863101526e-07,1.0669313644302853e-06,0.016180751967569497,0.10608468268549373,3.934086121490918e-05
8.497090702796546,0.03928889550239132,1.3230734554879389,0.26033894437101984,0.09093947290169024,0.0013508789473820307,0.27485420311990055,4.226046947886445e-06,0.6228737682557457,2.267721958630713,0.0001183209243209924,0.003894411909479146,0.00043004837729469563,0.005697027147676986,0.35723773805484815,0.00010559757454000169,0.004929991573606551,0.0014224444941538974,0.020043779533622703,0.015614742395278188,0.13165195072728597,0.07541083321178664,1.478882064119169,0.037726715293529924,1.3289586939351996,0.037371915176536735,0.03642129611383148,1.85011601983187e-06,0.0007593729706025023,0.00044398640068179785,0.00010694411668564496,0.003298517185238364,0.07607930836980875,3.734981161877565e-05
12.739604762831867,0.06024608417947827,0.07058303333902168,4.868619953215567,0.0017798525692137876,7.193750472414391e-05,0.8111906747666756,0.19567102972669423,3.475807659785723,0.3942709009949695,0.007232815861309904,0.01578832754293671,0.00027875829308267845,0.21159084420031635,0.03658431994627143,0.00013359234098597514,0.24954841647900075,0.0004839279763223374,0.040561701917600196,0.06937879077992654,0.008006471570565603,1.6572250862209381,0.0338756640498307,0.0594872482065772,0.20062657208612047,0.07586592341040237,0.00022270884580086176,0.09805978531314773,0.001595095540104812,0.0002796932847125426,0.00013793864893990015,0.055224840181810585,0.0391547136949378,2.040035815817247e-05
4.3873674439277455,0.11526155031437957,1.2668185523500304,0.208618483489787,0.3740799093505835,0.001391864187008562,0.45197113112902504,0.014350353053275105,0.48164569014838393,0.21914992838272795,0.00690017171902808,0.04409878610565953,5.6432180585200254e-05,0.020876967532948036,0.0008579806931448896,0.0003257852645515382,0.1499222391643355,0.0009799200699800315,0.01200495396389888,0.022629763907372688,0.04440644161472601,0.0012057791142810336,0.0001150043727749716,0.006544758306274695,0.4032215197943327,0.060515062928098405,0.20979616216600874,0.019198966335878972,0.01236851312267435,5.659525340586598e-05,0.0003382952734122772,0.014557022712818979,0.22310067709531223,2.182831041438079e-06
6.259306919993829,0.01606543272886173,0.6206487054164647,0.1794613577215199,0.000369311595944365,0.02676626257585927,0.505171734521245,0.0010738274526641408,1.9139838192652046,0.018335921420022206,0.0007673050529268424,0.19773484137854058,3.6887138443589823e-07,0.022827585521884994,0.018523777318552682,0.00024052351907564545,0.00034677234759531323,0.0009754040138846352,0.0048057168549182,4.4680080412433594e-06,0.02741544362670539,0.5508088154654053,0.026596873019734915,1.0402819193638981,0.42965049212110423,0.0011063586799621595,0.0007834707548130715,0.28600227876994894,0.006242948959152758,7.361591365420477e-07,0.00023611565012319146,0.0014710529608166535,0.36009308411865043,0.0005141947597868519
7.475393066598602,0.02429383018187381,1.9397618789233806,0.07773091780867589,0.16248436025140606,0.004015918970561453,0.0510204604267323,0.11515896098791585,0.36968926563298243,0.18478472116777991,0.06510687880844619,0.03213736527176537,0.001112975380742032,0.05733676802416502,0.20491130702992372,0.0005177700766522717,0.11114091651531503,0.00016604005562744653,0.039837245161266854,0.003051195253009755,0.016278137619113616,0.31347662553389033,0.1723407916566538,2.819990318237256,0.25920277083171617,0.0028309397502000342,0.07052337366544614,0.04672911941790691,0.010673652528679618,0.0010987495000248319,0.0005250195866359869,0.0009770964086218373,0.31612952151567514,0.0003581744185603005
15.311775584188679,0.039127868149035225,0.9446424848006817,0.4050621590135508,0.06338018015816066,0.010358603457466612,1.4982536070816335,0.03030655104582893,0.46011194941963857,0.5849827074645937,0.026735948595447256,0.0385261776665856,0.0016181323449720297,0.020053380360187764,0.7219997534445615,0.00025227814224308703,0.027756728043494414,3.805329809202629e-05,0.0012731870954712416,0.0028966426693294712,0.08103594676208059,2.886567447579345,0.8823689790038373,0.17543005379389587,0.8686264302286465,0.05756015112580712,0.05887352101550438,0.009659337323849503,0.05151637444085501,0.0015772242408414357,0.0002325947878078513,0.009832548873794512,5.3509126011397115,0.00020598162172755146
3.0705801378869104,0.008597135240886556,0.8444413525473845,0.012602130333548355,0.19550385663648331,0.0017504886456373402,0.018421293667338846,2.5664363770717084e-05,0.7667905837320345,0.05664879222871982,0.0007778370351307971,0.06871404641072094,2.258199456075265e-07,0.0061914497048560085,0.02266066602711431,2.8906167571320237e-05,8.746674851931849e-05,6.288124170160868e-05,0.0008324883043658033,0.009564143829129174,0.00033997822151592307,0.13947458707282231,0.0011638189183923438,0.42018658705529716,0.2804452670004634,8.876116824412371e-05,0.11083728915466677,0.04918949829780195,0.0004324485847397888,6.772676533405945e-07,2.8127395897891903e-05,0.009456044616440827,0.04507779960541365,0.00015784484270222728
6.373565311180443,0.012268590506807895,0.022571723895006317,0.012177236017302839,0.12491028963328096,0.008648141668818351,0.7394750124812814,8.698055831610029e-05,0.09622046300063862,0.8803165882259362,0.005235541053583704,0.059895193889368384,0.0007835456663016142,0.00047799727440967025,0.19978565263515816,8.051352216695635e-05,0.013770812504960202,0.00021399057124141268,0.006358592729255277,0.0007850623475200367,0.005637164312809047,3.168584707471853,0.06762902990264445,0.0005499133594160981,0.034568447221636926,0.004339699779870706,0.060939783554413735,0.00046270244345699584,0.03435635965456151,0.0007562093769115972,8.000838705264372e-05,0.011734913011409024,0.7993787241649178,0.00048572035813646724
6.553200191796092,0.016005802952698604,0.08503620135193306,0.0014418601017274929,0.07769663545175717,1.4508846012369452e-05,0.019794855780983757,0.020028405393554584,2.4166019366890024,0.11661367547112518,0.0066480770593559295,0.19430190479505116,0.0006688982292060024,0.02640345132376123,0.3310862238378216,0.0004712869581706528,0.025132044751362603,1.3623806727259568e-05,0.010927908855645131,6.42501756902256e-06,0.09957866941644444,0.0010306229749732574,0.2248193738158275,1.233275634755559,0.99484626508604,0.0028377703722096944,0.06276172068446549,0.00843156700143561,0.02045256212168512,0.0006703837976267721,0.0004744516265535399,0.0044760216793754545,0.5497326482555002,0.0009187735349311777
2.30887023225192,0.0008955882251421592,0.0005580365293410041,0.7951649364863671,0.0006011013056749422,0.0006833101009351045,9.85807892990158e-07,0.023734231881851676,0.04086591863852731,0.04959469259119138,0.008495855467037449,0.010679438873739877,8.560027714058046e-05,0.03066485190936986,0.006256808774967277,5.229256453521044e-06,0.02479952470244641,8.814622272063695e-06,0.00023201588281088984,0.004927895791624706,0.00011341811915587572,0.2919918536973108,0.04085759293479108,0.4299007850382828,0.4487539966321143,4.832019781200148e-06,0.0002441157283909414,0.017299022064847777,0.006590064827851334,9.490238134591801e-05,4.301025466135256e-06,0.07447181968273509,1.2664821642579023e-07,0.0002885643268439952
5.55882014652022,0.0009487364986557992,0.6382180231290986,0.3107308616636058,0.2385218388705673,0.0011275462036969875,0.0013187982649818825,0.00827004376248357,0.42155250717719694,1.151999258030839,0.031136121535765997,0.004244711509587313,2.589686773407957e-05,0.0005617815865885604,0.007066011610918841,4.944468247885415e-07,0.008762211464505457,7.813740965324721e-05,0.020278491871562627,0.020512277751249416,0.005087420407214795,0.005382240735668572,0.0015684317755997538,0.45498882451374467,0.5083770847546645,0.00021635288444160167,0.13998479280971898,0.066657172051259,0.022398034600427975,2.9395453381408113e-05,7.538246991529099e-07,0.0013658519210736494,1.4870264623486873,0.00038357878412106705
4.671589215785208,0.025805955167317103,4.023407172085354e-05,0.011472198221684203,0.07075050440440309,0.005797697471944159,0.6735951453088591,1.7378660248738747e-06,0.4436308063542755,0.3966151587271818,0.000643653275698853,0.09371922835914381,0.000314203530042965,0.0017052272148624635,0.03481249246864079,1.0029057678834545e-05,0.038166106160510346,3.860490722676804e-05,0.02722928380053825,0.015233994725512352,0.2011839495382071,0.3709882729500554,0.0030267773256845406,0.8647469742539851,0.5902024580915888,0.03354113700405828,0.044575239627701504,0.031074732569796575,0.003874656036569603,0.000315130295587566,1.202569399975413e-05,0.0007319748497045357,0.6875635603502458,0.00017006610475789284
3.9491584085770013,0.0001449096333471827,0.7373567713372796,1.2860720049713588,0.06582437093099745,0.00580855349594753,0.03179845627359506,0.008630174535271259,0.8661220684135734,0.07810347728470697,0.03640698722316944,0.010620485335646895,0.00019458113407237775,0.023406328844721797,0.08475301291488783,1.8036457687534697e-05,0.008939143709396968,2.5265686978546695e-07,0.011711250327268066,0.0365756827413352,0.023991530204327878,0.11711619645058036,0.2382898117837073,0.11420365366531478,0.06022218510388127,2.13025114837763e-07,0.03977477388442518,0.030877498069795683,0.017286163396542136,0.00018890430999270196,1.6848534823222607e-05,0.0033421481614284844,0.011283044288144604,7.888947778999589e-05
5.484099302318004,0.017246873174924078,1.2761751401330799,0.5546879353944011,0.26650897747283336,0.0038228310712454055,0.2655015749558315,0.0017928961459773127,0.03178681089904229,0.14489405256514562,0.06525717639541168,0.015324232824260455,0.0003626333804470833,0.0012921696491289695,0.11115971920150905,1.3755055104684517e-06,0.0002601332184908996,0.00048126531044054874,0.006123460973727107,1.1529054683702878e-06,0.01126507971681441,0.23779426465942133,0.29384736302712555,0.01126794912452149,0.459794375726953,0.018330580682902272,0.15255892721158534,0.15955615833464498,0.09370759327412398,0.00036496275121744565,1.5243512101377178e-06,0.003079618776204532,1.2797989121005167,5.1581403887844135e-05
6.811761082807239,0.0026645401491619766,2.016859431848306,0.9098222007230955,0.0016157881236157177,0.012129916959598603,0.09271801679758183,0.00336816587073124,0.10888792881474466,0.549384157802131,0.10309157354117157,0.1882887253869209,0.00013612973659413402,0.014594676990875409,0.06328854509496838,6.0819591805884966e-05,0.09540114224952233,0.00016315424778184286,0.0037203311454973116,0.05061427969883844,0.045896976047514706,0.1917378280797224,0.5149140797274099,1.1907655012728382,0.28738555545577105,0.0006966975256370611,0.0005680284461780264,0.24051192264588928,0.10792445038214682,0.00013706915391474315,5.894209216103009e-05,0.00013097779408138146,0.01354097429688243,0.0006825551141499552
3.819039941413547,0.0029586720059907442,0.7671048002623332,0.13176542230213426,0.33886351086393124,0.0011536292274753285,0.013187348069330553,0.01713527708303798,0.8420045201761185,0.14879778363401724,0.0015519224045543536,0.24393083381677147,5.415779572748702e-05,0.028169929842597446,0.030046567962519605,2.4315754779065288e-05,0.04941237271754516,0.0004849365945148881,0.0008873029742768412,0.032670786600018396,0.05714508356933761,0.7768343842003109,0.0007140270395729183,0.0021605605523032116,0.008786648697284157,0.003947122845970736,0.1897560714820716,0.07835800319079038,0.0005058966846690857,5.206742530626907e-05,2.678626981844993e-05,0.0013431649432281067,0.04920602979779581,4.627414059604643e-09
3.043895546177899,0.014525597844641622,0.0028515433493681345,0.35461288980182226,0.04863274224861452,0.0006603095554506459,0.00023020659062953367,0.005132427914772376,0.01393196548383656,0.5420932692642927,0.005702415373304323,0.015683823384825584,2.0960067533013625e-05,0.029373339752046635,0.008314702702189156,9.775434191297992e-05,0.006540818157769605,0.00015517877381189267,0.0003349626000500972,0.014051951019768803,0.02639608436720593,0.2004579287582494,0.005191982997038113,0.07020756243430928,0.7371281352014607,0.005834344941053816,0.023315345447400115,0.008738099395752196,0.026378966342610048,2.158200945883184e-05,0.0001082732070250292,0.006570336517817371,0.8705990800573995,9.662744781314768e-07
3.9924919723469645,1.3712159158287796e-05,0.00015202370469175546,0.0028240000211648708,0.23411536427262247,7.856101681012906e-06,0.0008401043134522939,0.033174090734172136,1.660814855350529,0.13188065016349074,0.05296347161272795,0.23377226094346637,0.00027981279771450073,0.025313091464773594,0.1534810733055226,0.0002525217804601868,0.0190003930042954,0.00047315250012673615,0.0077519469248749084,0.01010104932024032,0.00015257528986200813,0.057051685473883854,0.037887841363564136,0.4103276764686116,0.5896325502190957,0.015981053213129346,0.15095464259878766,0.02122725333145965,0.0726060235525427,0.00028353832348089675,0.00026417859922206715,0.004057925902703034,0.06474876293947393,0.00010483459598222797
5.207141677248178,0.028125411449116337,1.3292602388938055,0.3183259199874545,0.4434660142606754,0.02273758157839266,0.08358924008668775,0.0015294563014451828,0.009195656073604125,0.13145606721711955,0.000617657688470017,0.019978942200986893,0.00016312068801225003,0.0004528589535358888,0.10745623421726781,8.667154656933513e-05,0.00023200001451797152,0.00048546715371092816,0.014762914325848564,0.033435426099020636,0.08457517662229556,0.03144477413288098,0.4985207664821558,0.03351839133277466,0.7003054120651647,0.01828132177152352,0.2343219553841673,0.2919904167080487,0.005003101880058634,0.00015130708708585545,9.098367787348909e-05,0.022666605939549427,0.7408199138658081,9.467156254976449e-05
5.126278876408106,0.0016787910788597482,0.01606367584091845,0.6926468969620886,0.06150372721847911,0.005560138854095939,0.251086931370569,0.005164891518629391,0.09206126897671418,1.2581527849468774,0.0012157530045971623,0.11258590525112752,0.0008921273739112455,0.009151674012538386,0.2162807549034891,0.0001483281678177002,0.062302652247266624,0.0007438487701388884,0.0037879017397319773,0.00137488028713858,0.026580538451240778,1.9447787498484395,0.03258674750014467,0.07409245285991771,0.14877378918935563,0.0004932549093757274,0.03180645678915357,0.0004594359620395372,0.03445584478687644,0.0008813549387250967,0.0001449679901443844,0.0009136415209756418,0.03720238624814587,0.0007063228885822738
3.260600065075816,0.006026966546328955,0.4794552446008895,0.314108047710681,0.06507028353251407,0.0002742730210264263,0.14784579382835372,0.006672659608777377,0.09667349118133596,0.2830780694285643,0.0013841030385723697,0.008126078542803616,7.129529253788445e-05,0.0008513913815351038,0.027459958458170723,6.125447540209658e-05,0.06607721632996576,0.00015329990192482277,0.0009420703514826545,0.034646955875943825,0.004795606490046003,1.3504367913416795,0.0008559644324236791,0.12164705480759207,0.11527852411973644,0.0021006499871259006,0.031086021874371976,0.0633481620258058,0.0009693560785878284,7.163934182714861e-05,6.125428371060463e-05,0.009501761320484414,0.0212136202818323,0.0002552055837822885
5.779083014012893,0.004159917551857021,1.9906879514172355,0.019613885801538628,0.16946754151331805,0.010180415851872616,0.07498329711782671,1.3986058868233863e-06,0.5921414869826753,0.0034830792472568387,0.0017075377587013384,0.22318006199480825,5.491597338926578e-05,9.207257551378924e-05,0.03937268850562588,0.00014094322288245832,0.0036621071200104967,0.00019196834423148895,0.012035465914670605,0.03981808725117994,0.003515357127450736,0.04018150057713035,0.3138872162019932,1.2495987384963816,0.8734819899942654,0.011209478305748442,0.0810597451284873,0.01808597413737148,0.0022880494932687213,4.89861784967806e-05,0.00013321871347372435,0.0003422702511955979,5.597846213530681e-05,0.00021968819501313292
8.344878711133418,0.03932681973308452,0.0016895504238353045,0.19972754583260874,0.04768998215563783,0.019391536908836465,0.7750263667934526,0.05655296965431971,2.7895738804424854,1.3845407317262097,0.0007591403403226847,0.568018466814267,7.565013142008179e-05,0.06382648922100607,0.03972427533472362,0.000841602636719987,0.00252550629312005,0.001444709543516191,0.01248537749605508,0.0006031046136029056,0.15920314935849142,0.24514819121705445,0.26073744257756754,0.3493015991239002,0.9031047679355585,0.029272260687080397,0.02806146037616475,0.23486936312609652,0.032659439391725976,7.572313515303559e-05,0.0008461984979211823,0.001620733513351406,0.09261799970853989,0.0035366763895881173
8.47909862955431,0.0068735275783125,3.606558835441485,0.14292492039843752,0.8137941686598004,0.014228760701726635,0.19485883176663998,0.022566469699006414,0.7094887098833413,1.0067644655052082,3.730466790086332e-05,0.07064839591947199,0.00022946490357358585,0.01391599650639838,0.12666850637104535,1.9900091690365534e-06,0.18318803512151025,2.775888110208668e-05,0.0003561409593138296,0.006771337111612312,0.15258249805077956,0.02099523165372437,0.16740225091951844,0.645699236929021,0.006684610255332296,0.02542148936379504,0.4669954761327882,0.04105431219260194,0.0036208604401770056,0.00022001786389875465,2.983197604770067e-06,0.00804352284644351,0.020469322747472936,3.1968760957870033e-06
8.108600267679165,0.051784672688267086,0.520499037815417,0.0035954158843543972,1.5512379480757774,0.017073587898694148,0.07987166467174833,0.041074297404422894,0.9595523962499087,0.5459253841815926,0.0012009219919676265,0.011829242984049707,0.0007858450576560409,0.07099957141535908,0.24176492624964663,0.0012131440019934735,0.03548192344036909,0.0010043834188107378,0.006992576538083815,0.01296493848600169,0.003350756744662661,0.38311352194261916,0.26586489561110677,0.08618820407655779,2.0679212093859562,0.006656207181774083,0.8339924802705333,0.06830219584124181,0.07559761478915468,0.0007807398623735375,0.001205623137604451,0.04024498079769883,0.11960521928365592,0.0009247403001044356
3.1951413304292693,0.01241733969419996,0.021538650607985016,0.22949196507247396,0.00017142781774556024,0.024078121074883076,0.414929953886903,0.04980662415954735,0.18288719502152617,0.30809582247833117,0.007225507305178646,0.4388732073837439,0.0004885991305901598,0.0780279766776932,0.05731414880167742,0.0001945120522860092,0.12227301251785118,0.0012040659113346569,0.011817327780850232,0.0120711665918955,0.07762305565124389,0.4197964861332987,0.03977251291924254,0.14130028099923192,0.05721687756288537,0.00019360847092552092,0.000887305004754777,0.05320944520837527,8.57343527958603e-05,0.0005131753253721647,0.00020158931192813215,0.007165645518444481,0.4230542380108102,0.0012147519932641665
2.4151852915173793,0.0217482631392708,0.056290290248210244,0.03829653286740705,0.004195546133146213,0.03557733681830162,0.00211001975444821,0.0540050687689342,0.17764590229301885,0.027953523043765974,0.014584872574198089,0.21736377451302705,5.260943922089877e-05,0.043219597762260864,0.007106449335811709,6.180085169827878e-05,0.18044446413787263,0.0009453092931454941,0.10456826215498173,0.13583869470512627,0.0023083208184085284,0.009541950418609894,0.3469632190070633,0.3705576538908078,0.07911373696229203,0.008192951018177467,0.0030939078002193824,0.4114472328137174,0.0027693588645512027,5.753723760630133e-05,5.593869057435144e-05,0.05705579553414408,0.0002217889586761474,0.0017975816686856259
1.1530231420800894,0.0008944539450143243,0.0035838782310505845,0.00010636989103692894,0.02753988101925018,0.00015750308710969462,0.023951913290202607,0.002900413811697254,0.041358689510456154,0.023922715233828346,0.014447181089201108,0.07530213956296085,0.000136149069512273,0.0034872744639795747,0.0398938133374983,0.00010308236747018171,0.0001004829551437158,5.65295922015227e-05,0.01047433200417291,0.0012384919114081239,0.039409354732316625,0.2628728877365112,0.001579176589205746,0.003914156758069172,0.035521097693093355,0.00020794526132839232,0.013092524578704618,0.004267302128514982,0.038405056345646955,0.00013439722821160583,9.807946414209461e-05,0.014004968667507332,0.46921636521899884,0.0006445353046438186
2.204021108627451,0.004016228467770203,0.07844956219137585,0.1581458900270583,0.20366656775541767,0.00039271240238798716,0.039874995292815,0.006328513211667358,0.6963586357598157,0.1816082485948556,0.014788898918087828,0.03025933817015056,0.0001485771740332586,0.003394266625626795,0.09427311974640219,1.3651776718724218e-05,0.0056300283376230905,4.0383873958229824e-05,0.008957169774080976,0.0009178447640049935,0.01169893010913363,0.32741297732513164,0.018710711875048667,0.08803330137178715,0.007891615007453412,0.010046522516227925,0.1251704425730942,0.008373923708848839,0.016397539757183485,0.0001418329184316549,1.533039245720046e-05,0.019748317485630176,0.043108331749947874,6.698973225016844e-06
4.409323370921088,8.382716109627149e-05,0.6536152243380738,0.001545256287870632,0.09033172238002436,0.0015717081596773243,0.022485600861395547,0.009733253570834178,1.6845416228340109,0.35119732886325505,0.012704510348277256,0.0009299241279670967,6.289627787336211e-05,0.019393123962015067,0.09614049094534763,0.00016133825288438866,3.7798773271592934e-07,1.3612914224872697e-06,0.011679630270733928,0.00017107798300111681,0.008273917327711927,0.21825615481035127,0.05403496675380869,0.0919500865760823,0.6668588589187076,0.0004372607072615272,0.06167916676128322,0.013778979859376712,0.027929272686379285,6.657655676684184e-05,0.00016724987826207497,0.022659639269749718,0.28666418034327296,0.00021678456858075822
4.070671606022598,0.005894529642328297,0.028441659395910025,0.05202077186778705,0.050288863056294306,0.0003199942046702326,0.18588910411307524,0.005463459418004498,0.16286833134044168,1.2381907166657986,0.05574271818766556,0.30017174317950485,0.0006632590618573865,0.002131781799781788,0.21205689586169807,0.00028795736686227085,0.0056679070102094555,0.000869931860342324,0.0008061504028789441,0.00855890775838804,0.0007459801312394965,1.5367435784017491,0.0019488808715062203,0.07611640272794325,0.03214166872287077,0.0008870178014892451,0.02410409104846326,0.04451014285622782,0.008671891107749678,0.0006919644687761872,0.0003043000767896376,0.018619848822298654,0.007034985162842678,0.0018161716291537928
7.7715573207690545,0.00778442084275202,0.015024201998442793,4.5206861483479175,0.2114765046219058,0.00763255486674692,0.21748174167186804,0.01621710399989013,1.306568560316132,0.0352494404597121,4.378293332314829e-05,0.003347909988339962,0.00022439437927043179,0.00022148261541316496,0.06269706554127989,1.2183010506788487e-05,0.000824811194814515,2.262789655963748e-05,0.00029411643743259056,0.002301297683514002,0.1394702548209841,0.00618298558344944,0.12047574568420429,0.01412520601384881,0.9028926030934654,0.016968480301801883,0.13061833078899943,0.014841000963399971,0.011114647605975076,0.0002287866630918183,9.951403308363612e-06,0.002192451302389561,0.004306714107435737,1.9813630880227086e-05
3.5603412362680977,0.01989203712565281,0.015846189511489257,0.3193970649272826,0.21053499178872775,0.0002966808148839597,0.011682551441675734,1.8253277259189748e-05,1.189074070630688,0.7595415393793072,0.08246630133264334,0.07756931734775947,0.00021410416449384499,0.001101000501721998,0.1298514167299071,5.448654943081301e-05,0.005110503293543709,1.4903768929929126e-05,0.00028745820479728074,0.07926586346240717,0.0002794293139183038,0.27620337986931015,0.013271477341919425,0.05387921039611339,6.964258662885588e-05,0.0002187443791691379,0.12493230324409427,0.008203105545684286,0.06921693922607615,0.00020719966110825604,5.1433069765434546e-05,0.000671081356107885,0.11014380286196923,0.0007747531636318969
134.93666912588924,66.35911784361119,0.005194796156641164,0.1885278505497839,0.22476814834459044,0.053987028155436954,0.2697850007379403,0.0015462069308306787,0.2050232372768692,0.5394558148952667,0.04291825997643683,0.0131590309473099,6.744698550295688e-06,0.00374500558330492,8.354727648063497e-06,5.9783747820470194e-05,0.08493430458417042,7.441525300331439e-07,9.038569161921471e-05,0.0036808390589935496,0.03285856308506416,0.48074301996272206,0.00043994711486544815,0.013947446090128646,0.004007584599270709,65.52147928932423,0.1385367411328668,0.5972482465116716,0.07621691773119126,5.619412096930981e-06,6.695938083900013e-05,0.0006200071146872786,0.07446904692936934,2.0357673320063426e-05
134.93942437740944,65.6954842136545,0.10089244948580585,0.7727591597697253,0.06282544647002002,0.0035474049612038987,0.0157926626789561,0.007417928792012762,0.4721658627945293,0.17597708979332147,0.05270278296044435,0.021756351376886217,4.521379974097726e-05,0.002304394605027561,0.017988869549776524,4.0097342695744e-06,0.00012976982783640865,0.00018116299018217097,0.0009710248830337603,0.008416427309728301,3.675270968137258e-05,0.17295427859397108,0.01214623647504427,0.03784718025959677,0.2469471656832416,66.52166312961269,0.03266368143583998,0.09163777018070449,0.04994782642183982,4.275991095703434e-05,4.449035973106213e-06,7.346471399980451e-05,0.36209734603792565,1.1090096239321845e-07
95.75237673473332,44.18275826978239,0.618336843473621,0.13005822039811096,0.05051979316853167,0.06804378670513518,0.557971401916748,0.003456819698601453,0.0006691472250741241,0.39608129941577386,0.07980034498682217,0.08819028801044199,0.0005764269108735142,0.013676778416602727,0.13375704842893318,0.00014520554139370136,0.1119939726973244,0.0011412692877718947,0.0012773117497862291,3.21216062114075e-05,7.45771573655189e-05,3.8572568627844994,0.022979861423009822,0.010440092444198952,0.09329419110320866,44.362294740465295,0.042328651498504906,0.45256263005497854,0.039468083543226506,0.0005832263228490791,0.00013177094983304394,0.060348446458902694,0.37094076402762644,0.0011864870796652956
96.1904311381554,43.63326120053921,0.11449735515439992,0.025351729696803067,0.07091298757882862,0.003403173637807933,0.23044991765015457,0.013814886233603173,1.157571145624783,0.01308180167256625,0.014089702873074598,0.04517480485396139,6.521683303004737e-07,0.03422987742707712,0.02562870837564395,0.0001562353923132846,0.009706685195137538,0.0006415362189372778,0.0006580871200120452,0.0429444573959577,0.48633090037147647,0.25181883908796654,0.03841634346948832,2.4806039662943045,0.5347830733418398,46.36963642474847,0.04122891155891306,0.001462133380785727,4.3231548964012106e-05,6.50331919650466e-07,0.0001501500680150278,0.031693415779513845,0.5173038537610822,0.0013842996040690056
197.29217054502473,91.78909358968549,0.06264081491643356,0.49543185014667407,0.6220038395689201,0.008449645807959224,0.10810644574974483,0.003660780608630148,0.0777571883753378,0.02868424347111218,0.02239792431489079,0.10109026653161535,0.0004619053462069169,0.0027148400619541116,0.18619107307590976,0.0006178804252329614,0.019477566953911063,0.004078890421671046,0.000743852179075008,0.0368281792801598,0.3312475238124479,4.36139946543702,0.005341753803813538,0.8634067935628565,1.6318999636672267,95.56604713014825,0.3143903484046402,0.08490265760636005,0.00837589651629149,0.000480870501677208,0.0006097973250021113,0.019395307033390256,0.533116080618397,0.0011261796664214353
199.8997151546645,85.6317997186595,1.9436275751848584,0.010159132873055603,3.0089459154645994,0.018735000537315763,1.198284822887656,0.014450602587952187,0.5770339703920064,0.11116531114131366,0.10734722940219828,0.14444476553892455,1.9161690946883626e-05,0.0473303786715644,9.005898128691189e-06,0.00047596926841166683,0.006306410660766994,0.0016129613016176018,1.1802699868727615e-07,0.07379046739852597,1.4730471287016929,0.27092924978983657,0.0013770519237802105,0.8738086264119348,1.8992785884375925,98.91550291077837,1.6921873877939344,0.08738209524621977,0.002270437198143275,1.698297827989082e-05,0.0004937518329277905,8.37069505950133e-06,1.7878136857274518,6.036956293720327e-05
178.3198291843298,86.21601535422545,0.02020520769609512,0.09050281470838474,1.6554078161882892,0.022040845562575507,0.14979108386932938,0.10509917024674925,0.050484714703115004,0.8959367072730922,0.19469742087661862,0.8058914151316098,0.0006253349351380816,0.03421483310642605,0.31280009101328676,0.00035254671000490504,0.28492032468780004,0.002864706101935328,0.050974139253887704,0.160340731607091,2.2342488939418486,3.191886238527037,2.2015563071543684e-05,0.06317614726401563,0.010167226990965962,80.0345935730989,0.9044729779274906,0.43395728978001363,0.05849950492514559,0.0006202702278655926,0.0003404089914474552,0.12330052940662081,0.21027372117326398,0.0011051286152181704
180.00847960691058,87.56326341420822,0.13668170618443723,0.20393067851493296,0.23412358434418842,0.03703500745672103,0.00018864553719881886,0.5176547215222779,0.5451225619098631,0.3400482587533709,0.005500849399896603,0.000262063725601075,0.00013147810078723002,0.5093816287708447,0.07074428003664134,2.304146970970673e-07,1.151747954113144,0.00012206599818010879,0.1098004177364364,0.35484071267343875,3.84770011948189,2.520501202498145,0.01524307030679371,0.8273325525114326,0.35852458273855015,79.78978026183144,0.12143314367327689,0.2500760053886811,0.005962362698165724,0.0001268931599620259,5.390289314033761e-07,0.3219315980694505,0.16924727000472997,3.974611826772656e-05
249.00979883730233,108.47281346412518,0.30870645968715743,1.3912204079083306,2.061354458217455,0.1737615783901267,1.3692005313451283,0.5798602878479235,0.9009290883125882,0.3120089414475683,0.1699724798887698,0.08314215422441285,0.0013460513306277717,0.4833397824177453,0.008898922307858619,0.00011562271534424406,2.002837935698281,0.0016399875013261074,0.21944325725082892,0.1722374304119159,4.496541199276284,1.0074953939184415,0.05236255907170694,5.046597761599664,4.031053462618128,111.46681511988133,1.1787969655738868,0.7328373975747381,0.07258645408176265,0.001316287764334264,0.00010493252744916859,0.29111830559504787,1.9191982935094802,0.00014586328149632428
255.53688344567917,111.01528324146197,1.9133072761460272,0.6467629629347067,5.996958129953096,0.3753379021339746,0.968488737221802,0.7950672562579473,1.3288738402530886,0.0006022608060089551,0.02044441610582762,0.14435578139315702,0.00022512411716555224,0.6990701951724723,0.08346480719795911,4.7041004729385475e-05,3.4153043778787104,0.00011822419802649848,0.41930323574649786,0.36797098132473355,7.9910597480588414,2.8590527639009897,0.2436462619633224,0.9346202705724335,0.21949385679769506,108.43035146470756,3.4273768024900035,2.3402723244330166,0.0067194673862171535,0.00021343658002262203,4.480351804896661e-05,0.2667610513669471,0.6253038515999175,0.0009815509963003763
272.15070099258685,122.22239094319352,2.3179363879919066,1.4010667594443824,4.64245933102199,0.42182998428474033,0.13455236138128138,1.1888545923525218,2.405537133402799,0.16067670647512408,0.11814371957236972,0.25527063480792334,1.0582037216949555e-05,0.8915362416617136,0.42822316717509407,2.7100704659269484e-05,4.968902813629329,0.0009775950360891154,0.6172516864432318,0.3393833663588973,11.907369948452754,3.069350676743519,1.9376633097402243,0.548939842642085,0.00934198514148489,105.90727788654651,2.5664789437958064,2.9371069402328556,0.08288672030021925,9.679816518152978e-06,2.637042541051409e-05,0.5061305665691853,0.1566334333638301,0.006453581841657811
292.1306352136756,120.64740253747254,2.530462965183195,0.3462450840981351,13.075253295149333,0.8902970958654178,1.1188366204300626,1.7835392958029443,0.0018656207745829396,0.02767573780829804,0.04213787596127651,0.04135453979233657,0.0010616595229237245,1.2296481747175136,0.002643954780039076,2.176928512030121e-05,7.762848716209527,9.265630659546714e-06,0.7255456547252641,0.49029171435020863,15.823378308346902,1.6172072255658276,0.217141622149213,0.06501134772888092,0.01686688307325368,107.98953422490878,7.547784566437662,6.822477739939423,0.001331719337701569,0.0010942763595185334,2.309375819679462e-05,0.7239230805418483,0.5833266163486713,0.00439293162031862
285.5215369590718,124.30257415204869,0.2180221392387574,0.03999339985476582,10.220375396399909,0.4005083892334523,0.13553134439755835,1.1411783161864806,0.05290738158229599,2.0912402288084495,0.06783342957821221,0.3371403548450007,0.00017616095865996705,0.8186537082346889,0.717990429375217,0.0001708719772370378,4.952537559106939,0.0006405940083948602,0.46840874484382633,1.0415201597962274,16.514355031138923,8.414993662138938,0.8579254151230384,0.0060139308770167325,0.07190923266564796,102.09435413609795,5.671945825628749,3.783931718660755,0.002060358154601338,0.00018035748949869334,0.00018581211780181048,0.6212349128912839,0.47465261392451696,0.00039119168834274553
306.9233194921846,120.76378573731678,1.98255971160956,0.31503260021720086,6.114323552741721,0.8951852405233367,1.8178842067770562,2.123731204781684,9.724969880676678,0.02837792798190581,0.11241115658563694,0.41606180335558524,0.00021589924102828183,1.3713480397319422,0.5836607496485307,0.0007290496005883424,8.497802841197089,0.0013999004781126748,0.5640505258895536,1.3099039046682812,22.988333617819336,4.238531414103938,0.06493782378930377,1.443376497743902,2.1979833850885093,106.43348868533997,3.4299004592839513,8.027010333855818,0.0058570885451712604,0.00021239184527942746,0.0007486896442871825,1.2689274809587776,0.2005407468221053,3.694432194962674e-05
426.22199711629014,173.2142018938055,0.1777878399099847,3.011026912747298,10.088495152162688,1.3534294568086054,1.2366504131413196,3.0799106691150198,10.211798327638494,1.5039534599626025,0.10803986367789954,0.06692476185954364,0.0002528251477960707,2.2355117263670055,1.012284664307101,1.2967466169776232e-05,12.697204979909696,0.00043664436608816545,0.9799406958131728,1.7013882789540062,27.93773596922697,6.0650515547648025,2.582839693319328,2.4207643328714896,0.2288345953012961,145.21315379257408,5.736522565381087,11.097024839187304,0.02219981624409234,0.00023900535565775765,1.4935430890499978e-05,1.4575232054070038,0.7769735473709991,0.003867730695111617
401.2577145088977,175.28405742866764,1.7740217150311377,0.036837931958273826,10.753412358889403,1.061420495098939,0.5155967543254876,2.6411777926163,0.06601727466331404,0.8010257187535877,0.04955610249955254,0.3058116836897319,0.0011974826140228718,1.8706527452834643,0.0672959418164912,2.1044046410317545e-05,12.415494560554693,8.288875832864986e-05,0.6287803571498564,1.8944292358520851,26.29468251143066,2.5845591517922903,0.05819622233897237,0.031178737287903557,0.0276900951173349,143.29537738364272,6.1731936817832995,9.7770422596262,0.02234528141556891,0.0011897553333383474,1.942852065953205e-05,1.4724003406777775,1.3515822349241096,0.0013679127381633202
494.38303962110075,221.18936246710527,0.7455488504136134,0.0009789127726401758,3.3979074960628846,0.9760092393239239,0.8997359454007169,4.362089593312729,2.0632702727153522,0.4622342252634653,0.046776196966492385,0.0013617765462128357,0.0034861075488046224,3.2317301367983617,0.036364492876879366,0.00034869472882971417,15.102538239537676,9.80422468710857e-05,0.9216124854521667,2.9926483140463502,25.796271856129067,5.7681252603094695,0.0003542777909426937,4.6933698783708575,0.007057088753518315,185.2439920985588,1.9951965160161953,9.337881437671015,0.07999270271644794,0.0034531607241075363,0.0003490020118075728,1.7740428703756008,3.2459297203517554,0.0029222622019357274
521.7353725602162,232.4138710519776,2.4486289771591747,0.1252992851032829,11.025179069164365,1.5925083990849034,0.5000449695281971,4.868038602971128,0.4029589488701602,0.18551050944716085,0.12840170288326275,0.5457424692435681,0.0032085337695084417,3.509864954569357,0.0783970170915473,0.0009358082369872088,17.96704105561188,0.0064790044074497805,1.2351554007302825,1.6661432749612726,35.26576948885624,1.3481814721695347,2.6500989650843874,1.0498414104963159,0.04855181173616553,181.7593302211688,6.212678197560237,12.43372787811294,0.2913947085779257,0.0031743012938888608,0.000934228679489519,1.8179413291110857,0.1304229537689485,0.019916558789138436
690.44549245625,290.3074622078607,2.4387447038575982,1.3084210210033729,20.43487804632105,2.048732942421898,2.8458688683820643,4.779792836946713,1.0047607402799958,0.47485512855035733,0.0019381282585344516,0.1532812335396843,0.003489031505218246,3.345931829758386,0.03721371198570232,0.00018671220937188532,21.1329029968927,0.00018586723233064492,1.5202430220651546,2.8158906222804068,37.34082256356809,4.962355391128635,0.47760866878906516,3.2274416881890784,0.05372133790629345,254.47867341135654,11.918268071659847,16.283193211882345,0.04916542823983591,0.0034490733262718593,0.00019296055861813663,1.5880663451846018,5.397123843263448,0.010630809846168904
680.5934598369047,291.9298730025402,0.5786835954447487,0.433039373130837,14.397356649056245,2.1270153176994846,3.843000655656071,4.617132182936207,4.715049264853187,0.4730989925502688,0.08304434266028198,0.17890247014290847,0.003528088079022339,2.8574292162027746,0.08998726925487308,7.514564116803114e-06,20.827184059858045,0.00035517098959179195,1.3348473025312297,2.211993500577052,44.8416460182307,1.0418807105685008,0.12793674740312094,2.763528197269449,0.3643570675346122,251.16130319785628,8.363109216658165,18.116295885764973,0.032345980370123276,0.0035453750692195627,9.551431138481963e-06,2.0213857961681447,1.0489071170745523,0.005681006778567142
654.9654291193245,277.51285171198026,2.592988236876513,0.12039292641477801,11.30948924950343,1.7761886859358873,1.153888058230209,6.255168018513991,3.63274785894873,0.0013931314136125211,0.17812293497227547,0.03254157508181742,0.003176100264485796,4.7346586476808765,0.28307149676828364,0.00023933740993227929,25.48085230634663,0.0002270024877924442,1.6088224044872967,3.7391297350698536,47.981487574840905,11.178387870824242,0.49738288745022424,2.3389255642357107,0.04657874882220603,227.03995788520132,6.459271854068333,15.896616102890723,0.17199528937255854,0.003152508095600222,0.0002459334496228435,2.7721456294618823,0.15570670818155147,0.0076251440429694894
668.4862016463155,276.01072145744956,2.1912881188681474,0.3087978379598762,16.954901559270464,2.4244088574249854,3.7852869034077012,6.653240971296665,1.342325871777673,0.27865769052343375,0.09655019867201298,0.21005021137384505,0.007652534066221498,4.5676425819313735,0.003629400225962559,0.0009766570209319848,28.902495623596813,0.002539317111996284,1.4795358069968623,3.6752453279331743,55.651089188468156,1.177226786703102,0.4645824714579464,1.558282252563686,0.05181360278326997,227.20132019735283,9.901041751049387,18.13223785743638,0.15604682012922788,0.0076933906103217615,0.0009679567916916812,2.3903918362788312,2.8837518784465286,0.013808729336324273
737.6897277168192,304.2987693513144,3.8906324451357137,0.34610045960431673,10.294411794479906,2.554829431316683,2.6981813972213784,7.878242601735356,9.52607493415298,0.030260001724380637,0.12951000737462212,0.10177469579519019,0.004122468557934232,5.520604621456633,0.38563941142140273,6.405527614073038e-05,32.240231674330175,4.869378376951859e-05,1.9060642886943409,4.871002746736784,57.219006652179985,9.322757788250913,0.11990938091697426,2.5879313766744256,0.21522509787214048,245.748851048026,5.921623222086387,25.392060726104525,0.10867791468227575,0.004111656701453853,6.660774597847472e-05,3.4836284851084023,0.8837557999885923,0.005556880369108655
733.1859819940831,312.42078034871093,0.04804410748826961,0.05362048158342011,11.267453219682459,2.5420351531788827,2.252346909786962,8.82238941457943,0.4599424485711332,0.04013948875622236,0.08825931278501274,0.010538455169750853,0.010435791578502156,6.3498300193281745,0.02492847839993374,0.0022257918601276167,33.74887160466319,0.001980860021507613,1.5101962229163925,5.070734272544069,62.512711194306654,1.7016683748458368,0.019504384634720984,4.725159476981388,1.0213677202369498,241.9152253863857,6.711959242270595,23.15652314811715,0.3090713031064235,0.010378263361641243,0.0022676438267779354,3.7281727424128737,2.6353024706202075,0.011918261371732039
717.415681293594,275.88126709141994,2.744210116337071,0.197424252879513,16.534116388416216,3.449240491881333,3.5567440332935325,9.872668856183676,4.272481800690517,1.4211441965220524,0.01542679863220995,0.000154163152433526,0.008560158466232017,6.970313382571921,0.06305277253929907,0.0007882350032189697,43.37196262644283,0.0028162856810298605,1.8470817411845313,5.329488110706641,76.33935931034226,5.3527955244066066,0.2058507122920538,2.2387086311317144,0.024445247302580853,210.66509350784133,9.624754966929961,32.32211908830402,0.046644854397616634,0.00853935104069841,0.0007841956261915897,4.8397504216927105,0.1981225037460335,0.009771476536116389
713.3074574838191,281.94861305454725,1.1464200385241623,1.0915006465991781,18.656651675839953,3.5322096015009636,1.9079079710509455,10.450450022979004,0.4266208031765342,0.03562647407291344,0.008236856923906822,0.10490142873083738,0.010090743367106464,7.326577904356774,0.0073296048381149385,0.0010348002486490026,42.814669863080795,0.004792272501107029,1.5306325775800347,6.1157612346463885,79.75010942997388,2.527198867290662,0.2814485837820945,0.6506551160099043,0.06361538147458398,201.88067696109866,10.787315919192862,33.24230858650966,0.08814068362643011,0.010035619191175413,0.0010721205005215224,5.189980278006981,1.7070303540313332,0.00784200856576997
807.6595953251419,314.8458998838418,2.1877003208046397,0.08011458257039178,20.64814177679711,3.6147545369960508,3.4016798983051935,12.466913798281794,0.018679874035626473,0.523247667460304,5.2497961320994605e-05,0.46619481275579794,0.015550732100000639,9.165305824429373,0.12323944090575385,0.0035396947089826234,47.92836430391117,0.006951248118557349,2.062708966528538,6.4628662667155234,80.36278177438481,4.578658701351136,0.1432116017190475,4.342055207207967,1.7306792089403342,240.86211182860325,12.229923175912688,31.153592612127685,0.057360261495925234,0.0157126667734496,0.003577010549738994,5.0236539726399405,3.1136137263770425,0.020757449830928282
813.5235418879864,330.19537859867495,0.6720574468257032,0.3126405379624388,14.304948879646016,4.01633122144372,2.129980780840824,12.075077909910487,3.7779874850067703,0.003144772786240345,0.012295295921226471,0.5151715464177088,0.011505354089040944,9.224922550835068,0.08123678379614484,0.004104455860772866,51.08192049155214,0.02337792892477868,2.2181271137358394,6.735549272335276,92.85170698820815,0.8729779665854832,3.557404667674751,0.0007749848138230902,0.8807280762437536,229.64757186606946,8.289400272362247,34.47590697684117,0.32785004045232485,0.011601320566190098,0.00406227880150423,4.655205383052021,0.5176809580227196,0.03491168172766139
841.6269166061411,327.32488555117163,3.384294980788257,0.3495699762048731,21.14289827143219,4.003473186774564,1.3046806701130074,13.164012517469232,1.6041753553950524,0.223630717162078,0.059880161901325356,0.09993745477328377,0.009721270249058365,9.68401864675258,0.17464656521405236,0.0016791848681845486,54.99106672551812,0.00843985670932473,2.789684842841446,6.542746084524086,94.25328120450568,10.083230361701531,1.6004629657602232,0.3810674445436641,0.0002274916881794366,231.6754452979477,12.102373315454397,37.14698348585268,0.2277856674492697,0.009698452645183502,0.0017176787783223409,6.652605486775005,0.6093034498359429,0.01929228334092058
830.5635307878498,330.77998687716615,0.017857130421549783,0.2701961149333887,13.605171997968178,3.8353775273885216,1.3928239682285557,13.659359136438345,0.5109202172961045,0.017872717490962312,0.025049878279198752,0.1709595555079024,0.014141552664078088,9.685128940563857,0.0007934622224964931,0.003284776198723955,56.79651133122937,0.006961086382105589,2.060561137505535,8.8964691407031,97.72752595720333,4.537647763391718,0.07604625841349395,3.623087762886104,1.0602893101593795,227.26764474041468,8.023244554935445,39.072550191223215,0.31249320920327184,0.014260622985165778,0.003285943334034323,6.429130894371805,0.6544887715494674,0.012408259190570557
873.1139651508217,325.55326668994735,3.658779789488061,0.17275951973936537,18.649696025234675,4.30518836124008,2.7431842534172515,15.116181515660974,0.7137436201336009,0.010653562568456105,0.05814774820582804,0.26616017973840905,0.014254666422496372,11.234481145776064,0.0010973720888589188,0.0025387040161643543,61.714168430043834,0.004563656977388053,2.3575478260374028,10.416423292080125,106.18465025147648,8.49715026534658,0.055950385734156824,3.2084363009162753,2.644484016926925,230.34875076914918,11.02969490547953,43.59613340766071,0.25197171852200273,0.014321906480055544,0.002528225121659177,7.13181505011493,3.1485307754832292,0.006710813593685209
880.2533471279688,333.4747473920209,2.747571447467559,0.18817488456110606,13.683459325752292,4.694314473622605,3.2194484486782917,17.726508525002664,1.0080838645760692,0.6749271982261578,0.05113933943844626,0.12490311559358251,0.020902864140174875,12.818500679896136,0.07158569825052527,0.0064807321784251,67.38802378680452,0.02456828357869718,2.3503183357086224,10.132488868932612,114.69979994606918,2.151413334917028,0.2638065347819127,0.709004109127236,4.304801638310633,225.77089098458222,8.15053186968828,43.93364704210829,0.6316112570422024,0.0209941208821565,0.0065657441553077876,7.324144780489249,1.8572295580776723,0.022758943308132464
916.523581314396,333.9712318342846,1.996301399525314,0.9586578505274631,19.918622699854122,4.976656970998848,1.570002915586187,18.528228108027427,0.25967622239807386,0.010991541429430499,0.11289369099945934,8.116073039618495e-06,0.01806988819628045,13.034896486590762,0.0013808047814260233,0.003617178851073563,76.21069587045055,0.010629067680109055,3.114353913088916,11.286846762142233,113.4817548734999,14.316985223782382,0.08485301378010612,4.55684178764889,0.6792766643120637,223.51489593910154,11.671184311430613,51.54091071593036,0.48609682507493673,0.017989648030569523,0.003653515404498385,8.60696118996998,1.5659787239015979,0.01243756104337735
934.1136897493805,335.7694711748256,3.3622956560081456,0.13594608157193053,27.77406542124319,6.174574970706151,2.9045364042396455,18.889549649097276,0.15211059793748022,0.02669542570975893,0.11372359713886437,0.14565431859956834,0.019651501498741807,13.365729894223255,0.009555823628110312,0.004854275376255112,76.87397921283524,0.02719116233814256,2.74739997489876,10.036377985247965,123.27434106211012,3.4712649265167945,1.133087569083313,0.0685322857280846,1.462639306741929,220.4308874640001,16.224375698385778,58.83111856069219,0.5977447665629921,0.01974478937411818,0.0048345796620966565,8.247719739997134,1.7907435945238868,0.023292278877731686
922.0390528758684,343.8023411555212,0.7507577463587061,1.5647571145052919,8.325205211859137,4.95465378742782,1.1819389952899857,19.943442027367123,4.386365032376055,0.08767343249703731,0.11214871267393914,0.2798718259998739,0.018497245178302615,14.19097750263488,0.10514114099356604,0.0040330748341514564,81.83710741559024,0.0161835676062175,3.2710872207828396,12.219509127016073,127.93040923748194,9.62091342964005,0.14374874644808835,2.4551876530453955,0.25570937972732516,213.29181319603197,4.863228297836538,54.43362029157639,0.8446457746762173,0.018559916178434072,0.004043281524042646,10.359631889444016,0.7553072423584797,0.010543203387110879
954.4023495536953,346.80082805065337,0.10065988504380984,2.7811141742314183,21.721579871313004,5.603880669758144,1.15006470024711,20.417210346427556,0.10330823893256798,0.009451247065242925,0.16073294698847784,0.08585866184397978,0.020514699183851976,14.72212868856525,0.00395412557302471,0.004582387168039613,78.50677134399685,0.023954956734683473,2.674285365282831,12.126014718672106,138.19993410317906,6.648234359404248,0.5307361917846299,4.393084763835579,0.2689258380378781,216.84521944988398,12.672649411382928,56.79427085455122,0.8460318488462136,0.02047328797470215,0.00458791740469684,9.784595280481886,0.3653058913231698,0.011405277924032911
892.0994790426427,309.00319650424296,1.4684187887429454,0.865650237238319,15.06270437747424,5.91298566201874,2.224957985597584,21.05856599579803,2.495785889452118,0.03550861132377016,0.06431116559118186,0.17557388702695698,0.020369542051241682,14.725673374961236,0.020803986672247938,0.0038537133717063076,84.86901600000934,0.021616798990020118,2.523824979738785,13.941414953780548,133.54608992960405,7.763982106283439,0.09635343130751288,2.1876586011494106,0.5865446116379591,189.31146867915018,8.843411382319582,63.54063241076036,0.5670766601289351,0.020276540633811062,0.003911521148473526,10.103281431243955,1.0269640611500384,0.007595222042949784
903.7315039503935,313.8763607346499,2.730400770304325,2.3418477707949363,14.410007858745812,5.511305274913889,2.1571875651638557,20.694880328623665,0.7137727461359981,1.4417518385164976,0.003715754038548711,0.4516245604600294,0.023508666669386665,15.15377632855654,0.018684080846074647,0.004329961819374324,85.21755687026156,0.024964735315995412,2.1811060490503196,14.526757092918253,145.59165182286986,5.3429787718879815,0.037678736746334235,0.7692599860032256,0.7354022709905141,192.13734252439323,8.444849711279979,58.38860580675469,0.40444138846778327,0.023397750847677642,0.004315714992401776,10.219857523385693,0.14317036163314464,0.005012592356056086
995.8362878149836,343.7425379274582,5.272173164800376,3.6952214553731437,13.555236320826962,5.866791843823594,3.0889716848426803,26.516508466235162,0.11328374296572613,0.14185727490700223,0.07541978597280655,0.06769155096357536,0.03878524570837068,19.34553842104768,0.6213498410612097,0.009674647430361161,97.10687464863393,0.03454420298256685,3.1767191355827586,15.023986692364899,146.43908546653515,5.362183126176152,0.161363992075091,2.6024897945496495,2.4584357626793962,213.75501965974235,8.139748418893205,57.75975305233773,1.096408208664857,0.03893362081857911,0.00956236078327661,12.270670126077713,8.234630472072132,0.014837700597410538
1010.7556782362383,358.47056395659473,1.6246780378910224,1.4413355061171973,9.791594852543575,6.136478861364021,0.9790280080484625,28.14738120558889,1.8939128603590025,0.2622878666315817,0.05812290898547919,0.22915816135143285,0.02816160330513127,20.100455391143026,0.005527864218717271,0.009863832225214208,101.17088446439581,0.05633861680880017,3.643432061295166,16.160299247461708,152.39326352008723,10.800058118043085,1.00167127677633,1.290108276103272,2.3619942047475138,207.403103857159,5.76326201258096,64.3796445285829,1.1602002649980199,0.02809553165280072,0.009793756322709875,12.456020865994796,1.4788961427382965,0.020060574122195248
1034.91502798236,359.9983774566597,1.489635079673691,0.18411616125320368,14.506172923131647,6.505448854740206,1.0691811622725902,26.077617180900877,2.0176422516613544,0.8314146058073153,0.05007870512622138,0.004844482143414268,0.023704617578300058,18.873894180186717,0.05657048162631491,0.008126702911840991,103.80129777478855,0.04959147827591762,3.4598129981597223,17.73446372495173,166.06076959144275,9.417225350825692,1.0056756151934003,0.5829474938207732,3.933437462928007,206.03494649097672,8.512281100105131,68.145120821102,0.9344704614397222,0.023673018830303816,0.00817241583646871,11.882892327005438,1.616600711113494,0.014824299891015122
1032.5789113397357,357.0664686771545,0.18415770111988483,1.8541216279412154,15.560786932648247,6.720415205230215,1.2159868834435767,26.80324296904826,0.03770772488488942,0.5326393115377432,0.010813976327872522,0.032950367549708946,0.030612386385245254,19.053178042242912,0.03993823729169606,0.009417070368005064,105.46879425259753,0.04894372103843454,3.0020402501528403,15.347009941854042,162.1268508171065,7.591208545705825,0.09830758094237148,2.613049651515571,3.792670082178611,206.30562727748526,9.251947736341092,73.56849327972161,0.4363344927942629,0.030518729506304007,0.009448139804963816,13.67331805045826,0.049413597579075014,0.012498079779070716
1083.4565663966284,357.4106519465117,7.383786949782122,4.127774708417237,13.334657423809208,6.6382192299075475,1.2361346489771707,30.775441767870092,1.0051859912397485,0.042775694028579773,0.01542887218896139,0.5451506624313023,0.027835523538902906,21.326441614038856,0.001354859216060055,0.0052767374009350795,110.4354805647079,0.0328087165213401,2.9375902108297653,21.16470620756408,174.07438519220312,19.983256894765297,0.20665481328218063,1.4137298115832804,1.0797143551674697,207.12189974335826,7.7882419686641935,76.73477111997876,0.5917487058796692,0.027718663038828983,0.005324951505617415,15.073498430348781,0.9072793655369803,0.001640052334443249
1094.9864992999496,356.9574085555798,1.862006184744362,5.021126560309126,11.450629912471712,7.463615057235866,3.627804559721665,31.59413543981118,0.17810640385714896,2.0015631845955495,0.02609826865983382,0.0015327209724685295,0.046911209745825994,23.049051587608485,0.5005110433921186,0.01107042622504224,123.11367748013373,0.05572182947628017,2.810657327770664,20.491836484496442,177.3051274805461,5.910664277886101,0.3428406412053376,5.807477582499775,2.224314279238525,206.90821050135827,6.959952473430401,79.77906953277027,1.0997293459920632,0.046946567507455794,0.011133618062412459,15.231448950068717,3.088472730653757,0.007647081923205988
1102.6138253269723,363.2537036514212,4.981422816388496,4.731122587331942,10.236924087153179,7.407344894152331,1.9826514710257932,32.629118438772615,2.9490982385161395,0.030787584935344555,0.0011705556913331086,0.0015603887294608646,0.03600309537587158,23.587058144476313,0.0019050857467251764,0.008846741199602257,122.5339002476919,0.06678131275074145,3.4567164902174965,21.604595422055905,188.5303261992491,9.508436299042664,0.22058405689527533,0.5303880712492473,0.6884473330152721,200.47192033652163,5.9953317149068805,78.1614111006425,0.8553206970481487,0.03614388443098017,0.008925686489562868,15.10083877699139,2.9956579987371073,0.009381918120151139
1140.6579369833817,363.968862373742,2.456997135694171,3.9300885300516994,19.36599693930866,8.605421505501726,2.3067244414831602,33.06939320366687,0.41451906148744433,0.7082784276788083,0.06424018981303826,0.00018411897512634432,0.038425731506442136,24.023532406308323,0.05256215645128507,0.01002850740459856,129.78229367267713,0.07510574868254133,3.7658324069781783,19.453762065664147,196.765521479792,7.901922700074902,0.22226323755406877,0.9519085134891279,1.8333000188994624,200.49547473286447,11.40404615424256,91.53798682889763,1.1919619610867076,0.038509422452514985,0.009940896105883418,15.700645548194036,0.5012421869552243,0.010964679697760923
1109.5140634004188,365.5138283729887,0.29146386249499273,10.040432722168136,8.127182884148215,6.936527479041671,0.9245114812095445,33.00013421238188,0.2895173945553087,0.05606137048283912,0.004132998069708048,0.466831205698109,0.04126801914335522,24.605736370792936,0.08164957097559708,0.010291026678815577,125.20912436847294,0.057516470492860516,3.688062679952363,21.898493144790635,194.38505596867194,10.484606923714153,0.14460308710502773,4.752302809949868,1.0922256645654798,195.0402177813638,4.854777764149111,78.99037294407425,0.822920087305469,0.041085269940199294,0.01027122349300094,16.500001600359887,1.1490382982763727,0.0038183429115058987
1158.1227126704612,370.28127124880683,1.5421040889712705,7.131414333056624,11.201163890766347,7.491957600710695,1.2517011567506695,35.954091952522845,0.11261979107957326,0.36515048992206933,0.0071826356255192975,0.49365703445958475,0.04604199506132898,26.29857262751794,0.32970867690207584,0.012445825258770337,133.60664708001883,0.06133504322580814,3.66786757948632,22.266745675655514,204.48129184148794,10.81508776004046,0.6289215324282569,3.9167767378730605,4.395670694032309,197.7816035842725,6.7589116877776645,85.56135672823768,1.1470718263418267,0.045884991581446995,0.012448673455049538,18.74686515149942,1.705325705786129,0.0038170298489202657
1187.6996033578148,374.31425203121603,2.7395402295107814,9.260059519764802,10.440829344969462,8.190454322464575,1.569542249361978,37.703728252271326,0.5530176740231363,0.03820394450936408,0.07817466687904431,0.6176744426654114,0.04446015503614494,26.56544050487879,0.09207568946717684,0.010347709894507675,140.64178909229295,0.0710483999933016,3.630257474733808,24.240289755912503,217.34465788723392,9.743262506971774,0.1820550167383948,1.6482065352213573,1.3887894893614163,194.3800626547405,6.197844192751826,92.60603128836715,1.631618063561323,0.04437633198767953,0.010342486634113702,19.449531677510713,2.269250756624809,0.0023890102647609363
1193.3868814250511,381.8377729522475,0.8420899825614324,5.450540633604698,5.628201009694318,7.467650193770104,0.19638198973414378,39.4025838688443,0.3503658305764902,0.6765192954039506,0.00027477819419252484,1.1513172371355347,0.040331525238488264,28.942286205839295,0.009388823486935389,0.013379839537755532,140.82343499766554,0.07468096348830715,3.361282460048346,28.75398236560189,217.61490163336896,16.2149856344836,0.22404001699936815,2.4401019194018194,6.5425833234602395,186.78605467338417,3.4096440061021163,92.09942306294155,1.280592596974663,0.04045390508511659,0.01336655029730046,20.18967310954802,1.5070297660420167,0.0015662742886379097
1221.207791052298,372.2480767086553,1.7675189115208116,2.5086699106103025,11.284155198425832,8.732018033035091,3.2632249111034364,40.0552800085278,1.2694551743631783,1.1985301426583963,0.10237586300723142,0.05045983913217005,0.05077302003465888,28.5576679239222,0.2366177031264831,0.0141545964233728,148.22724375919717,0.09801228911649396,3.102696767362244,26.81521412854744,232.23595499258772,7.766736615950088,0.09715009295086395,4.834464168275382,5.460898182042395,196.79458143381706,6.856772182711313,93.63150601870991,1.8833557885605936,0.05094080134631685,0.014189607903078041,19.608968903912256,2.386270629870531,0.0038567448910951964
1246.895789405391,378.0142029197338,3.049816640422777,3.6239249606054185,6.802679369734757,8.663573859278333,1.9851424738636108,43.2634133457477,3.4806387863616286,0.006287495585050306,0.0032061617680640567,0.3845433322430026,0.04710047714040775,30.18531717372746,0.024175251219058915,0.012600628941071513,153.94109091990117,0.09080128826486428,3.48683153708384,30.025930113715045,234.7776499264013,14.610068583182287,0.18767673822791803,4.182819544537306,4.175129907655978,191.27846661158117,4.1358909136745945,99.61770129875327,1.2576722066355386,0.04706882673529673,0.01250937920448035,21.6381265840466,3.882778443599155,0.0009537058190343003
1253.9850100176811,386.89621360792216,1.5375768561410095,10.42745207332126,5.832193019063541,8.333543348867098,1.1519474163811465,44.8298075412887,0.08411989562080208,0.0029657252107653906,0.001042119774050339,0.0723128198725841,0.05954093651760701,33.86249118219687,0.3931081411013168,0.018572915957968648,155.2278827068655,0.11993470412097756,3.352865913456856,31.335985444300682,244.7922755276462,8.029214067545114,0.12582211101407376,2.382204574112508,4.686350676500674,187.6779020968253,3.563949154094285,92.25764116600125,1.845692597543128,0.05948060266128648,0.018732636643437817,21.06680025588131,3.9347315635751885,0.004656619656464105
1326.0041958576403,388.461438416365,2.68996193480166,14.568852111333424,7.589608182727195,8.964681438058744,0.5823911183117926,49.20232739669825,0.055355328447267656,0.4215403045972812,0.05696206973963484,0.06128083056043913,0.059036321554260564,36.6489892036312,0.17188860605258025,0.017244543676290143,174.29477857311872,0.10973961856308435,4.824227813532335,32.07124974972017,250.2482280733553,22.687951172138817,0.16699862384654063,5.111994959968498,2.9825829922238096,184.03171371377744,4.566555500417692,103.84123758879775,2.196721743707802,0.05918824297415167,0.01723506261573663,24.742948473657684,4.496241665269719,0.0030444833999069333
1310.5372986600496,387.3770685224987,5.7158638801687855,12.81605232976327,3.320135240830121,8.46378036049423,1.8702488840450038,49.73917720884245,1.06558430730383,0.7707275988476359,0.0022779082925064543,0.10646069304722038,0.06628837069233927,36.62434989146164,0.4556049124500597,0.017961090438692283,168.91112672198884,0.11740755590945215,4.298793184856138,32.753932891865695,259.0349127331142,13.276192578585619,0.9298506109528897,3.415449115183584,3.2265629465320678,189.40450186326308,2.0628931526362706,95.67517094460598,1.6695384848253851,0.06613407263652751,0.017954874598676625,23.489971238579926,3.773300806174365,0.002023684564403602
1354.887265763836,389.0962380966927,4.574412998604887,6.1208610111257595,7.619863083993151,9.629558978278157,0.774162161214986,50.37257138439905,0.8247760638200158,0.03573276040485669,4.7229785248652585e-05,0.4441287972561017,0.054108927470898134,37.059649619185535,0.05439517339175064,0.017114938449397765,180.1669208676111,0.12315342570771745,4.477460239254485,34.045958282396334,272.1793444396206,20.57074976624022,0.22061332963766517,1.6534505221457694,7.622493949430043,179.7716832078534,4.596643560802832,114.95966655472766,1.5165873114622965,0.0542532288334245,0.01719248815646045,25.28888957829882,0.9430648551002142,0.0015189324844937621
1351.3123454251217,392.98754443969455,0.4229227449862012,15.643974037218063,5.72579615222485,8.608598428687735,0.7451534956755581,51.80986528262774,0.17346331669844683,0.01062554899177782,0.048332521442637714,0.42747123506914836,0.06408924523233984,37.26983722563078,0.26871201575419346,0.018289420488412297,172.7801865581817,0.1317592002716249,3.7898351716624896,34.44185843339338,282.85420745606245,15.574025410860783,0.4723545263273366,7.989200934101445,3.1882613824289554,182.28437321675992,3.487756154986125,97.12047952928266,2.497632277688947,0.06424289135287951,0.018310052592079008,26.97518707216136,3.417747017011352,0.00025302957366770567
1371.8846219450224,395.62319034887645,2.4338288388097373,6.8110477581128235,6.6559050115342195,8.626283561819804,0.321376312368719,50.04175904248321,0.8408494410332836,1.6725090062888963,0.00038227413254364294,2.0228389299248044,0.04972055814520793,36.901540735578266,0.007099008131547833,0.014666562419699066,172.75245088124217,0.12202432447216101,3.8567610308820766,35.804229768533645,290.9701804096475,23.08087467438895,0.6500208028705465,3.6692486712375754,7.2913774570992045,179.75663729166257,4.008413249214961,103.11408336712955,1.5495004506301995,0.04976724521651873,0.014782229378177357,28.943940976093078,4.225788336039486,0.0015433896248854663
1426.2298774347996,397.0817486847605,3.693785846301742,13.284356350120294,2.855829212921319,9.096735521803577,0.9833963169176215,59.53409165870187,0.0005696697275562371,0.018160198686462885,0.011552698326557765,0.3793870883607777,0.07770653787918576,43.969460718260414,0.8045121990431644,0.023905306963127704,190.2310481142758,0.148170607667526,3.7199019937215834,41.993481305810384,289.97647271257426,19.91169515596306,2.4508699022648313,7.983521403690839,9.515094227062535,179.77087792598894,1.8603712339789054,108.53401234178332,1.9152628071652242,0.0778388758833082,0.02400329927727842,29.266741352277066,7.0353028478498425,1.3318790715643754e-05
1449.1514688829686,402.7587212389268,6.0382718701946585,16.504409382154833,3.9585026549396822,9.21333426946253,0.13926183951064175,58.4611724069357,0.025622254708264472,1.4685615976606345,0.015523063530358042,1.5013862653045391,0.06414708514788524,43.036886139340126,0.1758008571585627,0.019469775676918398,193.21715853959543,0.15222286638158686,3.8899234768155133,43.21037266678862,308.9081433820735,22.9965325163823,1.2185006049990499,1.179573299818633,6.735432985984725,170.56426537910014,2.401655051296287,112.37144013708964,2.5383058034391133,0.06424888882263481,0.019564393194906386,30.732216848030273,5.569972807218897,0.0008685352852077806
1477.7738528536565,402.1008991173151,4.163380542290716,12.71347455504109,1.5652160649480062,9.373641746144646,0.41028743435837123,60.35976865875838,4.148046384962003,0.012086687715868655,0.00013243386954437568,1.1852211002001722,0.06363095148788793,45.20970750946268,0.009894548174509877,0.018445433069043265,201.36220542683154,0.1678219091111733,4.268008440650105,43.16672182233877,321.8791684470361,29.867353205679642,0.9802791379308512,4.707156912306095,4.801661207631519,171.74169636228916,0.9735262525395131,115.8506984981126,2.1708465314478107,0.06351317665669476,0.018438449620641787,32.91526854988191,1.5035978932717362,0.002057462522692565
1505.453061729254,404.33638685080047,5.579020195690123,14.275382053615205,1.8942704208154508,8.383334497467251,0.22008196676206176,62.56156913342109,0.07670611769588298,0.0004678930639755248,0.004887747709870738,1.5183907511562016,0.07290275888910253,47.13480164120417,0.37693491989727523,0.02265757807349257,202.05112377915117,0.17230884678641903,3.9228211556958588,47.18104060436906,337.1889322417722,31.259155780064123,3.316019327973763,6.383623996148828,10.641964089525482,173.667789563409,1.2147709842623882,102.27180825715139,2.6233579952675687,0.07275468549235879,0.022756255043776503,33.57270149637055,3.4274811751127734,0.00485696939567053
1543.3075423149323,411.16532158417226,3.8332326589800343,11.96077490608529,1.9831055305476246,10.198074768870402,0.7258524295246186,64.85341334227911,0.4902102241593993,0.007917848977869298,0.004760112594606764,1.7745489303415363,0.07810664372613033,48.67950326749644,0.4177575340275923,0.024236105883745113,215.11205189729864,0.18884698164306013,4.319317310133564,46.8053577489659,335.6250600417583,22.226634571793102,3.0097869071159886,5.739186297875986,11.825290482704647,172.2546211306215,1.3117204971772807,127.35381504850533,2.729272625385656,0.07815937337928061,0.02422629110326519,34.15153385116709,4.351866144743115,0.003979225893955882
1586.2430712484847,417.1867942167083,1.3700415724738817,14.446241033863432,0.6418922959048068,9.782286370581915,0.10093706158126846,71.0846994727331,0.4447341278252541,0.133149527421933,0.013038493307416953,0.7370025120150656,0.08423330347565408,52.1413517915928,0.3276626064468773,0.03102839326674797,228.44926797492312,0.232198151306903,5.334589262683863,48.05204066739335,354.065937614834,28.628682723243408,1.559858493548818,8.312584950048514,13.680817367207567,164.49490408834657,0.4628300744191238,121.5679504066614,2.7693334711909428,0.08434296918911952,0.03097439484974779,36.90477674794466,3.0857531150486497,0.0011359964466715786
1596.3524703554094,413.5666081474602,4.9521797367332585,14.305858198872949,2.3218683812400167,10.803962578595371,0.3851261165150396,67.14526393293143,2.7804126479606417,0.48952002367937686,0.0048023966100749,2.306716422779321,0.07128719299022879,48.34317682435744,0.03220231382546122,0.020911841889258407,230.61956182516633,0.2113754136775465,5.303987123498422,48.035766129044816,364.89840075653336,27.166151732082064,1.332348053500292,2.691088008039764,6.959033163873542,163.62900854691588,1.4408877242369114,134.07522734161992,2.6942266064404694,0.07138859418305014,0.021024982876179665,36.31924816803518,3.347381953687633,0.006467475557853663
1618.2303132859204,419.77084787659436,2.7599128222594316,18.80251266103181,1.7677848606450302,9.965048784367987,0.0064811582661321605,70.7274874914768,0.12377196801071365,0.6144963206825231,0.002707963813879749,2.776816347057202,0.07844797818477246,53.16277283241975,0.31018029006758707,0.027092378761596432,227.46925224615552,0.21790849127706208,4.625398815927697,51.117544538405426,362.29564634004885,33.00641662186218,3.160101075648182,4.5518341363017845,14.351464374315395,160.7878203266025,1.1483534558499287,130.55088795576768,2.7309405175430856,0.07857979507744052,0.02726493072003228,38.69138298744689,2.5147640666944002,0.008390876636644654
1691.4184116445836,425.49205890204485,10.160427708460272,23.400877563606276,0.11192404424844374,10.556991613531242,0.15070539420449722,77.53481715313097,0.47636306043273946,0.7853109031716619,0.02205890003831631,1.0457538710753458,0.09434656676238797,57.37190263430477,0.49401034259538856,0.03074998639143134,253.61975289119158,0.25375511799614286,5.1595752869739036,55.59894616002769,371.07411357834667,32.82041491709529,3.1619518788163736,2.842143746973914,10.78522185280538,160.81947422814054,0.09903255754199601,134.3638083813839,2.9534665487599985,0.09443431143652369,0.03091326767624912,41.55436234584505,8.453466279871636,0.005279649701981902
1720.7256210269827,432.4346437777103,4.163161129295153,13.265445567090438,0.4340127510214962,11.227175018123726,0.0026908788200385976,80.5628417198523,3.0371299086353383,4.403639925492912,0.002580375298756648,1.261355858490343,0.07842154676182983,57.37037608259974,0.0019636429920076646,0.030115822229317846,253.88002849422855,0.2951575640555434,5.805364974366512,55.51921591750942,394.7691303879366,37.27333288596143,0.4423198239449796,2.3381689453513,13.585825731488512,153.97944352753527,0.29696707223143987,142.98156149745756,3.236640842536545,0.07838864699886798,0.030137461414071035,42.83948596046209,5.093485589853307,0.0054116992369273595
1772.4821170095406,422.8022039764265,11.417765205240267,14.656534926662793,0.5471700581453269,11.404641543310856,0.19243970731176924,82.28835404447709,3.275665110804391,2.434585993205391,0.012254506111051906,1.5569739535869813,0.08603054439067968,59.74548600444006,0.0725300891249864,0.028015189181877155,267.9585264059454,0.28240112149790164,5.625778114561725,61.14289486521086,411.38354288853606,42.881486845932976,2.1049568631580646,3.37905650359388,12.33000271872375,153.98467027014308,0.3764323697066278,143.48276934122293,3.63236289290851,0.0860051159603962,0.02803958367379455,44.19763097103693,9.07195266922102,0.012956616086530967
1782.5706003929354,431.87794664963144,4.926000071561989,14.431370222021885,0.10663417097616767,10.088355276301737,0.4972506001677455,81.60029545214547,2.47505869815624,8.262665937108101,0.08947150403498547,3.611931218004278,0.07180821048101979,61.5713756799136,0.033429428733509736,0.027551759873759924,256.00431137816895,0.29182724093778656,5.753817650973974,61.30452251185718,423.89426027665195,57.584460020401174,1.5453235450670286,3.453291803997799,16.11699774337009,146.85939467017212,0.0788478609305732,135.67869744793202,2.3514456468810354,0.07162586068006695,0.027727521070583433,47.43770652616205,4.421514998578307,0.023682809990921486
1889.4456322572325,433.7596893783321,10.373648083208439,13.189694167000331,0.0004935159800936249,11.998076395542201,0.2753320514413893,92.06380794202006,4.511301179126116,3.3759677627813707,0.016377441666691684,1.0122272721699306,0.10154299085320485,69.78840027915561,0.17282079968829056,0.03576646855337721,290.4798146337917,0.3408677762565982,6.757615342684938,64.06457456482123,440.8792231486205,46.43297778738409,2.520560857078427,7.017700452165053,17.67315929506748,151.5829369423015,0.008037491813256562,150.7934099826777,4.482998166244948,0.1012476209726803,0.03583280699074904,50.97470826848683,14.61075073965253,0.014070652703131266
1918.4808428945928,443.9361956306374,5.314835475336911,16.182905081968663,0.1798557925833077,11.864457643349072,0.00811197397614992,94.87132164118304,0.5867834136796881,7.1165778661868355,5.406196192738061e-05,1.1038314203445998,0.10299917224207314,71.08020528050224,0.24295824016941142,0.04072053164606014,292.33814255048424,0.37077669989750756,7.007346102514253,65.75680267946733,454.04363980591353,47.15913450886778,1.857751235295841,6.949902889949555,22.65533309094763,148.02226156741062,0.15697602400265098,149.52657927775888,4.281982082935831,0.10301517765389034,0.040922217163869304,51.33050350214304,14.235096761269707,0.012863495149020715
1989.5391195790048,444.3655914659783,7.681094980445665,14.266250185166513,0.2638884522559133,13.913449787208691,0.5264493596353991,99.9764472677428,0.16882456283256422,1.1367193141763758,0.04424481345487215,0.39218485781616447,0.12829985073186542,75.39162877182135,1.1139838426573678,0.04918816629879186,322.6010664224008,0.4041636311823543,7.315656620636095,68.66942406974617,458.69954911635796,36.01700839575416,3.4464456399062473,8.375737303828183,29.75326228281925,149.87797807238337,0.2556080262362973,173.67468089831385,3.8080646297312293,0.1280717970579729,0.049069876041229664,51.04272228902602,15.994924840800769,0.007439988560019733
2028.1221486418783,454.3681863770338,8.535872020987263,19.07118868476752,0.45162826398987627,12.559016705269496,0.09794976989215962,100.55135017701252,2.7801667575064832,3.415696274241006,0.01962282474445299,3.030829311848131,0.10415829134774215,74.90772045640689,0.07908872339831399,0.03995275339839407,322.0584754528735,0.37189327076315315,7.634159149122907,73.43266405372411,473.6521187853986,58.63668748871571,3.9521389808432814,4.56014922954692,22.875244285791357,142.3264396576803,0.1959740440751928,173.76544531460937,4.0736275498996655,0.10414905823263503,0.0400032087732915,54.39025067408043,6.01747829417543,0.02282275172850001
2028.3365257143023,456.85768099068787,4.37063471820103,29.45648946274214,0.0005817474194286669,12.850714423924549,0.11840776694481316,103.12615257483058,0.37856610738851904,1.9323847794889166,0.03793866653104756,0.4783969985330218,0.12030557363146749,78.82714433346237,0.3527989198415421,0.04845544597235432,325.83181834827144,0.4783858037454866,7.207152936966052,71.95396201928624,496.5815238408419,46.309633925020314,1.2408750671828457,4.54272916030544,18.38661039322492,140.78576603805945,0.0016861178494485649,162.69586949289902,4.5223631428218285,0.12004412468340962,0.048410643716401726,54.11083120441244,4.551715419703552,0.010495525712393526
2100.061801613261,456.02011236853303,5.830899876151173,31.069385551720938,0.029228885148275492,13.04424539752322,0.06139326218297425,103.19991786052061,1.3341764904926054,2.4773677495040243,0.036527622752834235,4.35165726558279,0.10917393699894884,75.33507428020079,0.1185376993083562,0.035623853043396506,331.8757081113135,0.38637192854703956,6.3250205850353804,78.00268213438608,521.5819670187033,58.66885385796936,4.827840784501884,7.533819856536373,14.113476255414682,141.04328753868498,0.03433655277728432,174.70776260340625,3.6638393652689634,0.10950710761607649,0.03553070204811342,58.785167895036885,5.272224542388112,0.04108267396302491
2121.8349691487733,459.3928751141289,7.289492196724872,15.08764278018571,0.3419828352534104,13.550339267203755,0.04511044717501581,106.41482323733044,2.4864868828745186,1.5022991158536214,0.1590516024101157,3.0723015786559507,0.12153048804103844,78.0912165512408,0.39152157479929556,0.046568945991614055,342.8362989273699,0.4606702245971801,5.424672590919364,82.68010548381473,533.6710903856039,39.51458625877958,4.759860969339299,4.54651302397359,31.348556240652574,139.0257036801008,0.12424845835649118,177.94218547246152,3.6800254701218083,0.12134272196256618,0.04676864496349406,58.94464107711981,8.683590542286693,0.03086635848084243
2217.136369325343,470.91035172581985,3.1227427417218103,22.363020332016685,0.08031896901960289,12.818117060879532,1.455687868932273,110.54827848780353,3.794066996698017,13.114279923092306,0.10650419053126894,4.349628368162422,0.09589212347033926,80.10534473596935,0.10197863056575078,0.038808311629350445,348.38634505153436,0.4585872605338024,7.216733579549106,82.28684329741994,552.3525746022551,87.49664343859713,1.8217366931949093,8.144028671030538,20.885642719820158,132.47168477872293,0.031077027739004382,177.60830206368416,3.472379910782623,0.09591608560288901,0.038756569112935055,66.77089543107702,4.543242446549609,0.049959231824550594
2266.5269266451933,472.8750834263974,5.529412045926371,20.643848280119354,0.028874588272318192,14.817915551720741,0.04789286200858498,114.92665479602377,1.275207849456507,4.431494866974831,0.0035722445450605397,2.6030840406835485,0.12408831362793862,83.9676464428948,0.19346569759707866,0.04856864988062907,375.42972783950705,0.5280797816112844,6.72988450729127,84.68939298931977,575.6441493885285,55.725882251228704,2.9676073972998913,6.290768748544215,28.500618395987512,135.07716392191347,0.04302781114962167,192.98613090047434,5.195430253781248,0.12429334634636847,0.048551402426307885,66.69045616137669,8.301839510073968,0.03711238220440775
2364.1371551916295,483.83011373042876,3.326999121343132,35.820746248152616,0.020827293352074776,14.926671723436899,1.5740028199140426,117.60719948018631,3.7857442285646394,9.92937269823478,0.04348933217658253,5.490563062302018,0.10464960306492499,87.78497234493094,0.12134231202416586,0.03864447850311845,382.59696942183496,0.514562643058392,6.893912023245003,92.92672039619438,592.797508678786,88.26885625734012,1.9990436578756317,5.7357587932040826,14.504950188130621,126.89877960450275,0.006964897954137474,210.36390837058127,4.240544243132811,0.10494610581614737,0.03840548946687199,69.78024667188235,1.9958031023987823,0.06393616961039503
2449.914085980015,481.02866404638985,9.347493492522378,36.57873025725399,0.01005298859630484,15.576576851516082,0.4026814243747754,127.18362493027678,2.499997010405922,9.149620808517215,0.0039842862939872695,2.945466896843457,0.12859535402498337,93.38425964354484,0.025603646021752694,0.04575150607109699,409.88645677684167,0.5584914252343822,7.119512854200314,97.96469502721645,622.5345612977485,82.53696290171713,2.952257727495659,6.453708478506689,17.529148851228065,126.89716511526805,0.000866599112695505,206.92793525693497,6.0409642774905805,0.12847251788260972,0.04596132336636148,74.1868331031286,9.785197468381146,0.053791835607283504
2547.3500211194128,491.2546870198725,7.050795668461162,36.11442480335167,0.11598027631308158,16.606289747503688,0.4290231226911654,136.85227497234735,0.09873604392890054,5.218953398396492,0.23821644944793266,2.5201609184588296,0.15414468179570595,101.95861945786238,0.46653391980503445,0.06098872980307862,437.04259229158964,0.6220221979336482,7.968675032347222,97.2484304529214,649.0002940877822,72.05596466202377,4.574225982138911,7.16733776155762,31.936733233310967,123.14383486376006,0.030545284560129768,223.05072299179403,4.541258286888619,0.15404171858301952,0.06079348019745081,80.56322117356012,9.008474337462824,0.04102407096221871
2642.389726183893,510.72356531441795,7.168154820090078,26.678051141457182,0.9253796418459351,16.985536889395156,1.7898039733222533,141.3649322786178,4.97881053994153,17.54661865017315,0.2894334705200511,1.8876097471413027,0.13290453351650647,104.06667495582455,0.03375280057482325,0.06192355542630292,454.90807779867805,0.7195176832572768,9.337386510454929,101.27954760408466,682.4342425561703,84.27798363448198,0.3868365362852708,1.4771906980692646,32.5103546739582,116.28523017600844,0.47283072818694616,228.66221143762212,4.814011077502875,0.13308087294825965,0.06172012263161387,83.08085930373049,6.883716505554997,0.031775952002524005
2721.7529628829357,501.73707855445315,8.178670673235061,25.64973544329685,0.012710416886962,19.1661361644992,0.19516828722553897,146.75856958325582,6.760318756666499,16.104855549599037,0.10438807684749028,0.9940464123287577,0.1463780589292756,109.19913257764523,0.00048695850672390395,0.059797321416837114,473.99921283538356,0.7561750134938205,9.582340943279833,104.46415467710719,724.4347548451681,78.42144662299852,0.26888800580424677,4.7171666794770095,26.034168566864352,117.24774790390322,0.01961983536177056,240.8241691105971,5.368796152913125,0.14658068274952454,0.05962355853994717,85.23432784240455,15.070520815554936,0.03579595654284361
2800.5456762807967,511.7866705130549,5.059172770042519,34.02609120147902,0.006879548201719269,17.58315178656298,1.5845986251240671,144.36204952034274,1.8545424594064623,25.441715745837495,0.009434531954891311,5.512123501040153,0.13715166744371296,107.41216277774146,0.006614836494839161,0.05372315851873377,476.40343576764275,0.6656320556856488,8.658481205021655,110.99759697063745,736.9628901422363,103.25061754229554,2.7127173328780776,9.318160596142986,28.92014404562992,116.12318730277336,0.01414949649179672,237.24375628464554,6.126692577081715,0.13688964840277987,0.05401375182325494,92.39761626567291,15.64340780121574,0.08020485127374592
2894.6884609393833,513.8462332434975,8.9528208946049,31.76032905638067,1.7244989111509503,18.8920121158416,0.37276574878744156,153.93171843865386,12.163277732728062,13.236866908193756,0.432263645633674,5.736714883680035,0.14924138680004345,112.11801459696511,0.02618001137821832,0.05370149530387898,504.4956335375673,0.6974223231388694,7.9103717423573245,117.0359279354446,761.2014928605807,99.21967344937612,4.162329498939257,9.355714904024152,25.085952015612474,114.70512583561754,0.8753055027460311,260.4959719910908,4.024101469650421,0.14906889247056068,0.05355823059488954,99.40502569118615,12.329268026138658,0.08987796324759492
3003.802502983289,515.3093190195384,8.181031703952065,28.50048618813473,0.06473383048201099,20.70881612762258,0.13593013912285415,166.24724289780187,2.590350929084038,6.981423111481522,0.0014124422934207136,1.9239838130907825,0.1808373198076658,122.77510452633469,0.2516635631559528,0.07336637468408491,541.6720323757038,0.8494703977398305,8.163990795564546,119.22980441377999,811.3274765201305,87.46541675072797,3.1799133525107695,10.478235972986305,42.4132129340126,111.5453102325421,0.009788589192166857,268.5732566246504,8.476790327789104,0.18084953171806617,0.07366917555984438,103.89227994781962,12.287090702465909,0.05821235180842472
3079.1501735385655,530.7395921059698,4.931451379718934,30.1696522029802,0.12472610203509445,21.701418797002216,0.8668517714649255,165.26272831226728,11.277454735479944,20.383904789601885,0.005229941302194031,2.954151300145963,0.15527391637663,123.42257723036016,0.14932038101169193,0.06456196670431094,549.1284208959609,0.9065548061132763,9.188543789955533,119.56566343097164,846.4415701475355,94.08389597050058,0.26869963886131043,4.975058275651909,28.76567912148448,105.2341168691875,0.04962062431065625,283.17298522049873,7.7700892820780965,0.15502517425366383,0.06437221140627163,107.22279325957822,9.882386871326375,0.0658030164699888
3252.6231715051276,531.8847287368175,15.673042867147341,39.307900193056504,0.8242181166721043,21.740103395378913,1.1136995970348718,184.4554957407994,6.65345015113853,13.825309785020924,0.08604884060709565,2.2413682807897692,0.17876563281819782,133.41771455523062,0.00026462750333497626,0.0731716428577807,593.2333635090287,0.9161849614632978,10.940659877879245,127.81641031463863,876.2317426347026,124.35109786453879,1.994097235907819,5.041122055326607,34.58648785773722,102.10757532117496,0.40455402926193607,291.10116174244706,7.250532113852052,0.17916041167938165,0.0732345827690926,115.22264152399893,9.63349811619285,0.06436518965587296
3298.065372908516,544.8269606218533,3.1358015407532416,34.093352179434895,0.8350204622121031,22.927111108021208,0.8970704131504976,179.32843135502927,8.685716050587622,21.562578307617265,0.02274894294088973,5.255296424461932,0.17972459582885872,132.19781209821122,0.0112033805050558,0.07401184131170288,601.8360083130058,0.9352304106859711,10.695255704551961,125.70681502318064,911.5382407171638,94.38532273511314,1.7953132541851762,9.168008989888362,37.96930572092949,99.51643788353526,0.3829738891812871,306.2991833857801,8.40808349641312,0.17930725484276056,0.07400885648789807,120.60637925439998,14.457710177140061,0.0789485201123264
3433.0510438566034,545.7174825096605,4.126585732125946,32.30988618919352,1.4094823941524306,23.436922452565376,0.7935850337603099,189.5730755882579,8.835471977921877,12.12976736052901,0.09126715934544825,5.381679455417241,0.19148532846726907,139.35891227023876,3.631464127347832e-05,0.07848688586648797,633.294033664877,0.9484365553805164,9.632123100980962,134.09994508251265,952.6309580612303,111.26727902014125,3.600185773145234,13.854477594080857,45.57227032347365,97.58996768589931,0.6606043880525098,319.0568670304085,7.829902047553144,0.19170043492895214,0.07859713235908539,130.31977599032618,8.903428599029803,0.08636472008000443
3524.7396668847714,541.9214141353692,10.233108240333802,46.97803895100827,0.3111052684877708,25.955641975073654,0.05340610618911989,198.6734146567794,8.421293810072681,9.403267739577146,0.0031624877071001747,3.6644416567424347,0.21396102433535588,146.0159863600572,0.08461703597546821,0.0771434389033222,658.4598573662103,1.0145361488128524,8.686163582546572,141.53175393061935,989.8411587024708,96.82925177152596,3.4430490736011854,9.504229449252218,31.018561135788246,96.08748070999307,0.11910032677004792,337.6747704572534,10.136402025297988,0.21350538392546878,0.07698351099423154,132.8805744448084,15.12546952697097,0.08681645131838997
3559.5388599808116,555.4442380793483,5.235241928121828,50.778683265923824,2.736242312028875,25.496719325718434,0.49748084057002384,207.67529763459717,5.872584188920884,10.655915105762249,0.2481275324416241,2.457468895247898,0.23199287104585561,154.68521446009117,0.2282559611000886,0.09428498901117413,664.754951910096,1.1221292758944448,9.18162763771507,140.26474084640188,985.7417607588413,90.38003922303234,2.846891455976593,9.792290414435936,40.89194211476949,92.22136497452377,1.3532496164909502,338.12211799738225,8.440605297447581,0.23190599371877169,0.09442005405093185,137.87793589825907,13.814628607013184,0.06851051483219113
3677.1322080884966,574.9559453124542,3.594646210120521,48.458946968530945,1.5890858693570136,25.01299551867781,5.017156422271118,210.49753462555532,3.04481135210006,31.45851286896549,0.32398231202475447,4.120803310632599,0.19719936584830397,154.64592156740292,0.041348493750826554,0.09433312311355818,674.7183897004616,1.1796058679885488,9.524106962812976,144.13778808581287,1014.6651337774803,122.64321378229006,0.6537708691543462,3.034258685692865,51.3745119829963,83.61869963976146,0.8128554255279529,345.8547817145913,8.142492467044793,0.19751352929314445,0.09426191936540301,145.65554296164964,7.695384182024401,0.0766732137436419
3832.693826292717,566.4610535531646,11.217661988019952,43.20115239479875,0.8054027340276007,26.280514447678264,1.7409428557471027,218.87244726622367,4.702480064630811,20.31179468840906,0.09973677545183963,5.7660227807342626,0.21273597261353772,160.79227039335552,0.003854944496387358,0.08732062725483147,708.468942285844,1.11686147975035,9.018942289720883,156.64754511628888,1067.7452567834287,139.7889844559514,4.3156285710169096,8.661449453801541,52.28981550215195,87.8059508437103,0.36255132088656344,360.3963113159445,8.776598929746706,0.2130173767963339,0.08735810978909679,152.8718375864382,13.452601661087153,0.11878172375779407
3941.7374368300616,582.4101368910017,6.160542325160257,49.690232354488955,0.284643498325081,28.171000805246017,2.7278201522185017,225.9516160459708,6.777279609431897,29.095607508410176,0.2030991417890979,4.892622565055527,0.21015722915114352,163.81768454486746,0.08575535345592594,0.08959746679193069,730.9109360009635,1.2547139371050224,9.994564425738275,156.65863117048383,1126.8002358901888,130.3613280799225,0.8269048262772515,4.642076345578201,43.621081320237565,82.48563149619508,0.12466486222504265,377.27866079179154,8.58004219377165,0.20977296645282242,0.08949440331402304,156.65599079537606,10.570323333910254,0.10458849916564454
4019.113062857426,583.2650754700868,5.923074539039596,50.708801592495014,0.01792022615709015,30.30956535018952,1.4750716786894216,224.65471983985714,8.186925469197753,21.885594920952947,0.20038247570671772,5.850030094635706,0.2147916805902524,165.7382926034221,0.08521712177063366,0.08456556649930007,758.4807108893389,1.2600767315787866,11.997059157560459,154.30114024533876,1154.4245843840176,131.8864101973057,1.22512512236472,7.2896645518353305,37.858912347930705,84.69298195471056,0.025540942547541634,403.29282572577824,7.952696819434454,0.21485642131463492,0.08424581666857738,156.3860325747932,9.017465325087542,0.12270502053012192
4134.670547897822,594.1425688997691,2.603773426433149,37.75074543460556,0.07821921331937884,32.00258784447363,2.29336165528955,233.69107629697632,10.017014855762643,34.79717369921177,0.08371793028722686,5.714009282914122,0.21692237378924553,170.31421464598242,0.2070623864268027,0.09765134921237249,790.4157842546583,1.3770816554473153,14.281027253488956,156.8883468636772,1176.8179583110032,123.12604057156491,0.2530773769839703,5.310104072101624,54.99065689852438,76.89754319270482,0.0193587515142397,429.78789681654507,10.029303959872866,0.21669635235384854,0.09777658292428178,158.51168389045256,11.53671280460791,0.103398994942615
4248.1986877648715,589.233362106619,7.7373728032733,43.114227537979545,0.615739667608927,31.715789816727256,0.9369891886520018,242.48358950347105,16.68191808558036,19.338687071535112,0.2668823090655669,5.321619873768936,0.23349868438614682,177.67747774034865,0.11383749573460383,0.09334397732744515,818.1380657049215,1.3640355840268992,15.196001656500776,167.14853341651633,1217.6901706613914,148.54762759077553,1.7749446913521512,11.636709788118228,45.29760861189955,80.9129609528056,0.2718786402186251,425.1298049682901,8.381653675149357,0.23361064521158706,0.09344759014406219,160.29243064966224,10.39210436668869,0.13276270912019403
4272.520280223525,599.4608768955383,8.33371265785555,50.180988888561885,0.15828619469273353,34.11904128076014,1.3350448204909826,242.95060008480263,7.486168308857903,26.118117308013737,0.14202118395121716,4.989984545863455,0.23540298331557521,175.84254153187942,0.04538332245955076,0.09746579783866696,828.2209434335912,1.495535000227077,15.075405599297085,163.95334965998813,1241.4778486291584,117.9781639718591,0.401224793128279,2.056305108558066,46.187064816904325,77.2874124422842,0.13210797215056588,446.13871949756526,9.609889088504493,0.23558382306672054,0.09768602125370218,158.98450522493482,11.573897935581806,0.11900140058992387
4374.282691522827,603.0737106358339,6.7734811738773075,63.635230341256324,0.21681264348387258,34.99555075122965,1.2992148047356111,245.2423166404679,9.084685059438879,29.1009512067153,0.025799789597469074,6.765345751492292,0.23941804512026213,178.146724664069,0.09522483324137834,0.09189414543124776,850.3979587754911,1.4840150717487044,15.695593615004555,166.8321460341461,1279.6337731021204,121.06071349403611,0.5750471518843029,3.2302158364326052,34.55487745882742,75.1886243602705,0.16349759060696767,457.63050015678994,10.953399328635284,0.23899377917892312,0.0920648518592423,164.52851648918252,13.096895166194454,0.13949877442721798
4424.575658468669,606.597439503168,2.160758084743426,57.558044807570845,0.7435730478321597,35.97728378246434,1.666816636723323,249.79635629376006,4.194313889669189,23.389829735431015,0.025160510036681294,6.275580136230038,0.24853226151932525,182.68997488794218,0.014950353218191109,0.10171754803112493,863.7026513026874,1.54212503382398,15.495875592786291,168.00831286771987,1286.5976480888264,124.69287574797697,0.7344852471763141,7.661253303845887,47.567598588367,74.47782328951428,0.536373897991039,475.2081433608585,11.204168418083825,0.24834359088890137,0.10179045693620206,166.75972293142692,8.458503362249035,0.13763190917040172
4538.567648059647,605.2466298978311,3.2768550789202258,56.68240014477331,0.040930402859309684,36.710658678773214,0.7008248463485222,259.68026115508906,11.101392938373909,21.12840584457498,0.08381213071103592,5.706449184824082,0.2611288143007292,187.86941644258945,0.028029962477541186,0.10036187284408492,893.7760429003831,1.5638580235476036,15.939288076101866,179.99477410086635,1308.8115381001433,138.7397865521619,1.405228092292533,15.012134364551684,42.0651564849488,75.21320399541557,0.057657345423276864,485.23495436634994,10.355607023697376,0.26132158629387364,0.10044391552530149,168.73404532823196,12.52323639192336,0.16181401649853266
4554.779968274486,610.0678786143086,2.644974901144972,42.40151089092923,0.05856601418295248,37.884656212341895,0.3596973081262808,256.3428829225722,13.489488477503718,19.005533134803805,0.006325207926553194,10.031010731166496,0.2526116633750109,184.6129540291436,0.043249535334525586,0.0976852006755863,889.0685912616191,1.581865483396383,13.758247149558494,183.7589768582364,1337.8420258126202,112.98014498794743,2.144031315747261,10.043072740006826,53.02648005792712,74.34685116994692,0.07972049181857717,505.54256245191027,11.760371818188517,0.2526995926392816,0.09798275115595567,169.69249986080362,11.3106721507178,0.19414747670984356
4637.667803242326,611.3356847727543,3.615009660217405,57.47926074218367,0.013490839602637167,36.60574754772357,1.5072183298390442,265.15786014322214,8.148016785453201,22.916573717915256,0.07010553936557788,6.8378895889002385,0.2609481827404608,193.24491173609303,0.034807109025895705,0.10368591833232739,908.4221094343505,1.6472500488249198,14.27278627706701,189.9040071854136,1337.0735373759449,152.02184571872212,1.9139809614292942,13.633900024201008,49.60261679290544,72.10430529490611,0.030182286774858243,492.4503705080796,10.884335785775301,0.2606191953777134,0.10355953621618433,175.55244544513292,10.26201072509485,0.19673003274052134
4687.44727299508,617.1561476367153,6.83172368715347,61.24499351681649,0.5492522753815543,40.17691608696789,0.42686022177602373,273.2778405605544,5.989022339086361,20.5347900591243,0.00590626540603757,3.0752353024777745,0.2901207429460152,198.24047989345988,0.03904642664030563,0.1176131442126721,937.1645792885148,1.8784186775916003,15.065586064345242,184.156771211439,1379.221695048366,103.36171212355669,0.2700654949383884,3.1642273836890626,49.31041482407266,69.90299616306136,0.4189381085914077,510.8372706872007,13.594927880978595,0.2900743935043454,0.11766992913212111,175.17653106887713,15.419129732995051,0.1403167555081961
4856.068068260454,620.6049772629392,6.314119308589962,48.02063308603285,0.14446665073311402,41.57444723905282,0.4366077633554591,283.3254765700128,18.17686196177457,19.966964533222995,0.29643344363143415,2.231406668163161,0.2817730695348398,207.77066753593996,0.10913429633771872,0.11611421613051458,978.7086735647218,1.8966162596173017,19.529175329461097,186.3171695239311,1412.452651688995,144.50970764665917,0.020394224950638692,8.848401812954378,49.036273654579105,69.51799370291276,0.13692455202314624,535.9693652527437,9.908240656936266,0.2819282715086882,0.11613415316662266,179.14122645933526,10.16908242327904,0.13802547722768027
4758.507013999587,618.3790759611991,6.280058956825248,38.329631824602295,0.44110081959469566,40.357183087532036,0.3994840823947711,267.75674126807013,15.926446405263496,20.95685520185647,0.04127915084284552,7.69725263434488,0.25919426603219403,195.57001332077039,0.12414483359705127,0.10566735661816574,941.2685783985644,1.8422018409156504,17.016745822809195,183.09255292229574,1434.2825620302908,113.56006103711057,0.48228002979793966,3.205652370759044,58.22452768648503,68.96034500839535,0.3433000260578691,524.1466862002962,11.71743621108419,0.2594872074060383,0.10586896088008954,177.31926946793794,9.86350439593758,0.19182521301873273
4890.340206182046,629.3911079077367,4.233850446540055,58.36541014906102,0.3896850824885334,40.009749932131925,2.0748436346706227,276.0497367159128,6.276630168228701,25.915973676685148,0.07633068462788607,10.378696829821191,0.2647906644019406,202.42994813799478,0.07512206396021036,0.1068697620822255,961.7837732793657,1.7998150345469432,15.68861938860478,200.21860125385768,1432.2690333300322,146.1689952691986,1.8167833818114427,6.327223996135065,57.35513471939915,66.25769494254492,0.30797803555834935,542.8183442916009,11.363345395460302,0.26439382435533115,0.10692357473694131,181.57858115505746,7.9432131056993125,0.23300634773792123
4903.157696211083,636.3278058234876,2.830937603903525,68.62408452526306,0.27285877967010475,40.61081682976669,1.799839190298624,275.0832857495129,3.202694282949991,33.419281801761464,0.05422448829172653,11.807279989240541,0.2814235644138861,201.79621967973182,0.0019848086550165013,0.11218460051649212,963.9142494708816,1.874064333334907,13.282778479617868,212.38988719261283,1447.2144015610554,109.4964297505975,2.1320854154517157,3.591729930225473,57.5421910966062,63.7985161268345,0.2369232604985876,544.2909711683303,12.682080078054303,0.2809998258747851,0.1126815355899582,177.34563104100718,16.50231606767969,0.24483815936794792
5004.5831197388015,633.0484409304208,2.70828427970625,78.2167928799293,0.16767298282488094,39.338685086873966,1.4507313511471875,293.7391172191791,4.5796956710703505,12.716105930870505,0.2157611619713471,7.155964320988667,0.31360238986421307,214.43284442418417,0.08508473227855523,0.12409222811957786,992.7585898838114,1.9782684883199049,13.890538207043143,214.3182168094718,1480.16972874464,138.68003536847496,3.6565600828090976,14.015752026446137,55.523200634696316,65.54559811755321,0.044340613930260495,528.1084747003508,11.928050268884903,0.31388685996719784,0.12389702730331552,187.79979854194394,7.1922235614600725,0.24308421226544968
5027.852679427107,641.4010211341015,4.839229708854214,70.70405507795995,0.3513605417109437,41.63413102734777,1.8574338795923249,291.68503264863244,1.0831619313054226,23.08306069754244,0.04162556442647531,6.583610740821814,0.30851055544019584,214.35212517945928,0.1294336294528155,0.12998338425165848,1001.129222622751,2.1133621791212587,13.864633337191925,214.23448736320591,1480.540139162635,118.33818285723424,1.7022372909076895,3.4513062820310187,68.42314421077735,63.1193945160688,0.30139056641418654,550.8760168614497,14.046200569210542,0.3087341054102756,0.13042110816396577,184.75491800117624,12.105807554429802,0.22930513802941752
5062.3074829042935,646.3561600063233,4.4192567574449875,63.08555777244881,0.10659001214695048,41.70721857328906,2.261091690683759,288.21991668154595,5.451116934173797,32.710960478334606,1.2235949835223361e-05,10.39080620550791,0.28207588245814397,208.88836762954676,0.02398589905209931,0.11684261469206682,1002.4621619795602,2.0554518909639796,14.426557568685423,213.9281776385254,1484.1001061593186,131.06958555531023,1.5320271741640406,3.3837261342892995,62.82452989182959,62.65271505501841,0.11059301787354202,563.1244562934576,14.84135103465683,0.28183365037890656,0.11718333503876713,188.69458540614664,12.407126650010163,0.27535509546764086
5053.409983343265,644.687291894019,4.2087762226193135,59.600664220477505,0.6629168216079464,43.50474311405239,1.395339765204644,283.72317474681637,6.841200885470556,24.640786113891576,0.0468503293687303,13.19450803252572,0.2753198311685697,206.84400426863763,0.042600056964454375,0.10913033283344765,991.9345354486765,2.097757602881812,12.377635417785177,219.20138029287,1510.010731198455,111.30519941713554,1.6326837475416005,1.5180017290944394,59.52364231103713,62.64532961739249,0.4892654928648345,585.7273026258583,12.637548051961927,0.2750610383413399,0.10930368262011929,183.5820044973136,8.250128751401823,0.31516578437591986
5283.005527592302,642.5750226154624,4.464155266104064,77.1340181533408,0.7242778988081597,46.00618051042752,0.9024488991583024,304.7473059686943,5.771790581544021,24.33468701449831,0.08130442217576615,9.144793804190286,0.31203891620166,219.6056091660396,0.0012862605189760332,0.11657467137513199,1064.1258210299445,2.12440231686202,14.569685713679277,229.01725117439062,1530.7302829500431,142.4456858737221,2.5452858157055,9.770735560250628,51.19562096522146,60.915307502760896,0.5560016939266457,617.8228363185922,12.355039245429744,0.31178164715521817,0.11638764755263903,193.7749612803421,14.396868258907316,0.31007844927615774
5266.428166143331,659.0811723285395,4.783444285704527,68.37686099206012,0.7077348600198623,44.959159804485886,2.809748821565375,301.8122094696348,2.4706143182938263,21.948076953614375,0.1345513141900692,10.144573746425039,0.29706479484966636,221.99472950194857,0.0014288251147544229,0.12736041652626112,1043.8120024599843,2.3318016602721503,13.747341971082204,219.8478928027822,1572.0509240979795,121.98349290436339,1.0494596960458773,0.46588928103777777,71.16080331470133,57.93194935952254,0.5164901518785417,606.4971756896285,13.080220733445712,0.29739735074613505,0.12716954410924333,197.4355052932862,4.150685676471257,0.2932337230215483
5400.8568218381115,651.7193191645762,5.321724755991516,51.55720738973354,0.010491793746607223,44.93617259500366,1.4944179202966625,307.8699218207485,14.463450058136683,24.357055403518522,0.13797371670432793,12.235437614545393,0.2930817761873748,222.86710801794405,0.15343882675847267,0.11851549980106336,1083.498721798163,2.230413822629925,14.99055548179126,236.2151747523769,1586.5538224425402,159.9813031682248,2.675145995629777,7.983524814308724,70.66291492824577,58.66602042533273,0.00043775242169838413,617.8071418295981,12.210357666351449,0.2930809145042978,0.11865657029952927,200.73183235596724,8.340512240178349,0.36188852585467696
5365.106563929459,659.5741185532943,2.016411191493266,84.0703071363915,0.8121518456213737,46.54447432288039,1.8045096504364977,311.9531256893103,2.4078164509254325,30.6537345194279,0.08590024330140848,8.868691752023361,0.323471802826038,226.79671665928828,0.026706137446661126,0.13036342044548252,1067.3722379822134,2.4340745996123307,13.774341315707833,233.89983416318296,1599.4814291253376,112.55651320498144,1.0404299905090095,3.595327629757329,58.61323803443215,56.36316911825959,0.6025018197080103,614.38781140318,14.090375456839343,0.32362947928902386,0.13055195239154568,195.7835846597093,14.266513374927499,0.3225012443093765
5470.2561516661835,669.8804657790974,2.4255299090237004,75.45657568998288,0.055024936754674736,45.696859557279744,3.8042501828345316,318.8068572967084,4.22670826166353,30.41453547352809,0.0815699940048101,10.369499974754984,0.30779595774347596,233.3625397449339,0.03717989141365044,0.13229802861084408,1084.348977904801,2.5045559357278746,15.375808089539612,238.3729972477367,1611.572531516771,146.95312725331598,1.1580918335669577,3.5542339701577985,69.11378429553014,54.86655894037348,0.06833227626411642,625.4534629777021,14.374081980744412,0.3080961186816793,0.1324031601866679,200.44739718501035,6.232953296972055,0.36106700476706466
5459.280066456476,670.2941775211912,2.0536845651884583,75.22988330089436,0.08667282216736885,45.27157317852886,4.3930632024721294,316.813782842145,4.168924428052435,27.668664469146208,0.07672175014525978,10.624840276438377,0.3014288520114036,231.51884520520372,0.07573995964813404,0.13109584839540972,1080.928805757375,2.6440848188807156,15.201633330595891,237.44637251152506,1616.1227413154652,150.51327809359833,0.9732073486952207,3.1180895357368454,69.02041582762772,54.74750706367657,0.09008100295371756,621.4724614166113,14.359216409598327,0.3017261894132463,0.13120120291236995,199.65526625863777,3.4313953771191303,0.4134847744255351
5388.378974417663,659.9673548190435,1.0086078213743412,95.32346939045205,0.6706282982105158,45.146411832219684,3.3317140161324597,306.67946306601675,8.253964163866904,23.172799807300084,4.301736974266607,11.24045688978587,0.2900961093954376,222.5631816150111,0.3075457767174784,0.10793353041409134,1056.4332494713412,2.6399152801766186,14.279074671177638,233.52027921001078,1610.8131080918185,165.10113525698495,0.9309440175268067,8.377792543884711,37.4105874030518,58.69944682629854,0.45562687256964945,615.1800295161332,2.874971964721074,0.2903905171340211,0.10802729399808611,196.38264648242128,1.988949634366835,0.5274352538403221
5379.389333671904,660.527435733545,0.7426218800735935,95.06922726588026,0.7730133583649997,44.69992163585166,3.962670773704391,304.59782376435453,8.183358584140924,20.46842961270371,4.264386729474355,11.55244580073163,0.28319193746553756,220.63986666614835,0.4200903180181584,0.10675473018543809,1052.7892795712307,2.783979717609933,14.09396811053585,232.52285287208272,1615.5676850551658,169.36847471022816,0.7480344022807698,7.602869671506159,37.35482812283443,58.53176028376561,0.50883914131262,611.389751078724,2.8679040311384822,0.28348317083781915,0.10684865519793554,195.52739282484566,0.4597889872563983,0.5903544747081962
5385.61117849432,671.9485593558016,2.087813868070975,86.81057373654878,0.5376535369864552,44.36768234270605,6.564880497781288,302.73261822646447,5.884186698682805,20.690961425810848,2.6719334720343206,12.626597365574828,0.2689757284676529,218.94055562475134,0.5944884474121842,0.11345743729457711,1054.7761854908417,3.0341669568213665,13.911004736902939,231.19832094850565,1626.203183001441,158.12222999966394,0.2113444625385573,0.24993682638870324,50.29068949850821,55.1809948064176,0.34229167106682806,614.617318011042,5.117894144557102,0.26925945793334066,0.11355525376324578,194.24968969164533,0.26925691072259833,0.612918861171251
5380.860706531388,672.6631715122107,1.6491724664567475,86.56742108288488,0.6309623447772206,43.90187634601911,7.547840390859685,300.5373939665079,5.832775889867433,17.845178558051423,2.641114832565389,13.006218880153869,0.261631135183069,216.91024540552786,0.7670382893845175,0.11215125689934313,1050.866261588678,3.1893972576958274,13.711179326921336,230.12549711238162,1631.1912530786003,162.784699315312,0.12206589491688438,0.1191523164401801,50.24027061362659,54.975625581636,0.3884147361424601,610.9889599147734,5.107816365706736,0.2619113600887082,0.11224924403005988,193.3278649012878,1.7933511699205098,0.6805443958808622
5395.7412511944885,660.7334101050927,0.0192660827459347,92.02779321894498,0.8935144281282235,42.981601187868065,5.901851274519728,303.94047621946544,7.686267497401611,11.13667412519641,0.07300190523978344,11.573811799953653,0.2703242387869346,219.80355443313266,0.6790077544339465,0.10880451601788466,1050.106832436236,3.252392723032836,14.011709687674431,231.72670538728755,1631.4362785595165,191.26032406913853,0.5001213714415219,12.135359284457676,40.31822414467695,58.465854824332084,0.567091170819494,593.1578077313275,12.47863160590131,0.2706090566229785,0.10890326170806652,194.96683958358437,2.3552996441754663,0.7929078656281887
5394.106008677965,661.5911913880775,0.10111110380856353,91.77576019042434,1.014994417975448,42.50034969652093,6.940789929009308,301.61067178061757,7.6364802679733845,8.865499624380492,0.06774195959686015,11.985262004335807,0.2622493629480005,217.6435017301465,0.8839373922439672,0.10742666796472346,1045.9324195156603,3.414001050246366,13.79363203095669,230.57048591954572,1636.6511933985014,196.92755230107238,0.34370839580277185,10.96231089971088,40.28534256326362,58.21014991989817,0.6261793550418715,589.7555626714568,12.461738045716654,0.2625303512577685,0.10752555050409202,193.9704474641203,5.974746221725096,0.869515507460936
5382.104132707676,670.2203987939423,0.08244848802442754,93.40207265526328,1.0782448907278652,42.33029222282144,9.844297675291665,295.841869982276,7.158427432127923,8.637509225517903,0.10198385067607062,13.54636888318763,0.24302604371821235,212.58143957094737,1.429291340806277,0.10528617347825373,1038.804623451313,3.642142532796643,13.232868901666446,227.60326193710262,1644.4356416399546,186.48536244815878,0.0075724373731147635,1.0888634026733564,41.01607311997216,55.67671745761926,0.6125170665290941,593.4200930921351,12.363982511384778,0.24329760905105702,0.10538400572680494,191.30556162346187,14.536087323902194,0.9211249180490518
5387.307918922807,671.2269776055876,0.008124325381657457,93.1484115489921,1.2119945883981111,41.82592894259504,11.305627583916815,293.4105283530399,7.119137878145882,6.477272089272166,0.0954984375518968,14.03983259643637,0.23472097107352635,210.33032257839133,1.7494365582063913,0.10384126728066195,1034.3760191430322,3.8127360245787467,13.004419071703262,226.37626151135228,1649.9051435128654,192.60250179081342,0.001952000087997237,0.7285385095936663,40.995979738970654,55.3861521482773,0.6730161639250154,590.0965154293909,12.346594233207734,0.23498834394251492,0.10393921777240765,190.2471426985737,23.12557607001668,1.0027879904346908
5389.32171983939,666.8349775084056,0.28619403624563383,93.30026680253515,1.5489083555423542,41.204416542239684,11.61340088777824,291.1540845734764,7.711179611473368,3.8046808000517305,0.767815168491679,14.115610692891725,0.23079515864542272,208.13731926905905,1.9949220516456054,0.10013591939432472,1028.1117229502672,3.9290716694938417,12.816757818037853,225.49417097791078,1652.9466243056538,209.3371865846882,0.00119482185672738,3.3536189556965446,38.15470691102195,56.66415205624798,0.8655974767452689,584.1393577508064,8.147699701021534,0.23106074911635338,0.10023285211954422,189.5293421929169,31.57808023536411,1.1164344525492733
5401.3750646417575,667.9936434978231,0.5628869933058157,93.04653174088209,1.7108636766991059,40.68858124236125,13.339476816000852,288.6279037254264,7.680433277875758,2.316107157585743,0.7491005908150387,14.672832069524853,0.2220637209177957,205.7991988811988,2.404957034505278,0.09863494334500476,1023.4560088064788,4.10720501505949,12.575768610238034,224.19657499571238,1658.613534869566,216.3745778340804,0.011434166840462948,2.6361107444160954,38.14805390646628,56.32605946359377,0.9371723571063584,581.0708079052766,8.132547499475509,0.22232476895213776,0.09873195881189654,188.40778556029335,44.94106928251679,1.2060815286056226
5424.775231525165,666.6802028368547,1.4892724948702385,97.95364596006995,1.95692092134377,40.103505553488006,14.321200410716134,287.4837540130022,8.654889271827614,0.9296250785136847,0.006650743522742541,14.790337166396641,0.21558256951647206,204.75929823417184,2.8299641035390035,0.09569433124213898,1019.221938895122,4.273926074900955,12.419571035161207,223.38236651461543,1663.1760680661077,228.0151499631321,0.04765553418219651,4.188227347409194,33.14641555222483,56.70781319080641,1.0512033049618745,573.7618537157443,14.349858750266508,0.21584044033839367,0.0957911171043291,187.89393064388102,59.24718806940863,1.309889620721906
5445.394967492679,667.9886101104329,2.114395127346409,97.69192759728392,2.1417618113629975,39.572630391697,16.393196507799928,284.8470534246061,8.631869111051317,0.25019755643282393,0.00860409491796924,15.41489922067559,0.20651494428144232,202.31905389098827,3.3562560056679995,0.0941346516540222,1014.317418401485,4.460726145166098,12.16590180907836,222.01024037950958,1669.0814608527587,235.9514337898692,0.13718251908428683,3.3158355822901027,33.15133708940258,56.3260072486391,1.1301218012974115,570.8802168186968,14.32850991153925,0.20676789827646755,0.09423148032333181,186.70574269188688,78.69396297851155,1.4067656486654938
5459.600036297239,674.6359199102469,1.2488166247762222,88.62423981133428,2.26038917654796,39.219533357514194,20.96194374518557,278.2601888709356,6.8884381435082425,0.07697815416070962,4.0046342429015604,17.30411516366466,0.19122113419098638,196.2644296832963,4.173938314373433,0.0938672878453927,1006.3409322824584,4.6845918118372545,11.620428655471015,219.0451131149191,1677.2373804973095,234.26600320173154,0.4057443287358441,0.013114288676067261,41.91140382911698,54.41524260134093,1.166502523546765,577.7246339153219,2.740385618999414,0.1914650942842639,0.09396372346191899,183.94943169927984,108.09556264202811,1.4894828482384306
5491.782304922375,676.0975849427022,1.8750986273043404,88.37552222404975,2.4597577032464,38.66846351957301,23.647736288075087,275.53548446756815,6.876661011361387,0.04897211840405959,3.958266395523292,18.035276701798068,0.1821034104655487,193.75177303242478,4.857293882532549,0.09223649863181656,1001.1909147527186,4.881235937242869,11.359371653431436,217.60573467244598,1683.406919126526,242.90318621823295,0.6391585333571418,0.01654149476112066,41.93029305361003,54.00007420282761,1.248400050537046,574.9138040144979,2.730778054820821,0.18234206308188983,0.09233295863079709,182.70275543454903,135.92366533204668,1.5925665453965754
5496.3822131373745,662.0226515522302,5.226354930093474,107.42374054603943,4.407579354911104,38.26205707506214,21.303420319825648,266.8121640057056,11.931976175090986,1.1185096030926363,15.478748518916941,18.661934731834062,0.17376792734848914,186.02675927315858,6.208436743895553,0.0733339002665988,977.6954991618569,4.854867486868308,10.606847585904065,214.18185595484215,1678.885901046013,274.6134206570973,0.5006245585403271,3.2700244363146247,19.273130405967844,58.09499817757908,2.2630885572806245,567.5808315785642,0.38281185113889354,0.17400318164122996,0.07341894954884462,179.8811621929025,157.0923587239151,1.8259339739269964
5539.751570234152,663.6247207260242,6.534380803743035,107.14966546336429,4.688324200683787,37.70021730745044,24.203390205666576,264.03499159882955,11.92898020543763,2.531629250089532,15.38413386083954,19.482707060892874,0.1645306010182879,183.4761830354629,7.095941765176008,0.07181481656579014,972.3757347182875,5.056152126419606,10.342831722767851,212.6842554375675,1685.2432182826312,284.59980006641587,0.7749936032302278,2.3946093675042905,19.294991188405838,57.62052314715712,2.376493840678501,565.0205333439818,0.3866405784838026,0.1647601157925153,0.07189977867703112,178.58210146376874,192.75064246043456,1.9397780907026017
5637.236582466919,671.9786360906364,10.302802728294362,84.83414136587152,3.0902988657782853,36.56222779614512,29.440111778626257,272.53134263844936,7.204813667905079,5.0959662588766115,1.6216404964506,18.55702984682626,0.16649139356553644,190.57258480883075,6.3898452738218365,0.08978103552434506,991.1295393679128,5.422890724201466,11.033588974107008,215.7565277545992,1700.1940584981712,296.005369513299,0.7325985389947013,3.026421504546336,42.41860053570725,55.17794471466535,1.5688554498773144,557.4107118779493,5.239305712381449,0.16672059574045425,0.08988026181378896,181.23269199377395,230.2304173852707,1.9627450183042112
5694.554649811394,673.7409803213886,12.23665427713658,84.58898510727566,3.330167880950799,35.99237839878475,33.05952126737894,269.60305047545944,7.211100769582479,7.984572615258773,1.5899635270790902,19.43574011393693,0.15690942460476703,187.8757050924355,7.3504933416837295,0.0880108919244556,985.5117098869039,5.638340031331237,10.749009779851376,214.17546842811257,1706.81153782612,307.0379075733532,1.0797609728945798,2.1350176380678145,42.46335705646401,54.67326159840818,1.663750210326599,555.0284430360457,5.224439926351634,0.15713256364412445,0.08811005895153144,179.85963846543666,275.9319292374248,2.081602016825393
5766.220672926703,673.3374515488795,16.583869690780812,81.48980062074423,3.529203278533712,35.28845138171779,36.06013180506334,268.0409033291228,6.982305597402426,12.430611439313154,1.8690771663769852,19.864848722080197,0.15075037060085067,186.2842066441452,8.04073921718978,0.08766489389458103,981.7467807300385,5.835744997236752,10.597854851339225,213.30884279081076,1713.1878662148142,326.06033926237916,1.154331713937305,3.545871081501693,44.80439004775035,54.79017498180283,1.7631022167820016,550.872298554092,4.622035516017294,0.15096941735109579,0.08776514738900398,179.12012967186735,322.31904152916394,2.213118496583996
5839.310340310335,675.2446927032166,19.170811654974496,81.24974471175277,3.7864565453215486,34.70424413962299,40.303871845325205,265.0104856422841,6.997193874167971,17.0422583284346,1.8339571681228937,20.83303612919686,0.14113356662465718,183.499258799003,9.180664014742229,0.08583404365378204,975.8864618268719,6.060450286329798,10.304234135054127,211.6584126514652,1720.0691279254168,338.32465853770776,1.6074436091383513,2.5194108176897814,44.86399835552372,54.246649660078006,1.862206137109423,548.5806406604099,4.607715747535153,0.14134615217196342,0.08593419453236935,177.6860880624838,379.38282372482246,2.3390946595507374
5925.889961740413,690.1862071879483,11.284438645478305,79.99057140400843,3.8445263697163847,34.58874507445052,51.92267184947331,256.0077389769885,5.805442015112949,17.431685570543685,5.409253553139789,24.525250115476357,0.1188247098943993,175.66724531868948,11.81924875775302,0.08359236506124111,964.921905321309,6.419069936814206,9.50201288306048,207.00113218609343,1731.4260388353532,316.56335401754103,4.105628637634964,4.869274073399897,50.17480178874682,50.103214749608966,1.7665526757262409,559.7359628339381,1.5089322783356747,0.11902096057116002,0.08369068721275623,173.44312917431486,473.0648157931317,2.395982993887092
6020.896955897629,692.2768610616621,13.5711904385391,79.75253125075746,4.116641248733335,33.99339723438622,57.293117331840776,252.937629158035,5.827882326334231,23.164401723247593,5.347400444519805,25.67169279481706,0.10984746085687697,172.85999077850457,13.276307918597455,0.08171979151635538,958.8662345083607,6.655957108910622,9.210039962677014,205.3011691728591,1738.5347417981027,329.3498918765454,4.973523031241914,6.352570267267251,50.25270311436709,49.54073597903297,1.8656386236445377,557.6524800090893,1.50030402280204,0.11003675801376238,0.08181797008079923,171.96599174700978,545.8756407990154,2.526868186260885
6126.6224662427385,689.6596696254289,21.731682842756317,75.9709614846132,4.204899221343924,33.10491812923426,60.119042219796505,253.88168910628715,5.678837847706193,32.907848765090044,2.9042954858991594,25.36354997766545,0.10756250077477349,173.41156583730069,13.77941354329893,0.08310659330724986,958.3367188732961,6.860072730856396,9.257286383902958,205.5079771842234,1745.1331166145262,358.9844912303025,4.5967725790296035,1.511772427856381,53.520771054697285,50.24687419362049,1.9257471758084628,549.5385219250122,3.3089206721867064,0.1077498854468868,0.08320765338134467,172.2139220219321,609.9014167755374,2.6780836806193893
6241.3776831013665,691.8997644512866,25.045812342066643,75.73746950091173,4.493997831939727,32.50290063328099,66.20856248660616,250.7074464593123,5.70867982973469,41.07673998177749,2.8574821324095985,26.59948816778183,0.09859971641604166,170.512820915284,15.437281894445782,0.08115487187936295,952.0450431579179,7.106255340416459,8.955213331371345,203.73807461765915,1752.4930064784387,373.32898163865866,5.561763473572433,2.436582082428771,53.615149214063386,49.64328713092441,2.0293995610580793,547.6280407668138,3.2955518171854896,0.09877973474490391,0.0812557368526197,170.6747034075512,696.8621511674697,2.816243229106658
6342.399727848633,686.8440745601371,33.39424170022593,85.241807886186,5.590504355878519,31.893631614850452,68.05528869525176,246.7539583522452,7.9369252728938475,53.26639767785001,2.3161305937175682,27.293651233519288,0.09133524582283177,167.01893779776927,17.478256004758297,0.07270034662908584,940.2494256596617,7.245807387631224,8.579097771529115,201.7656109632119,1755.2885290970933,402.0775318800786,6.068744075244894,0.4164678613060669,39.58765879768824,51.01554633191918,2.5344509448963173,540.7375143133374,3.4853405562749202,0.09150953897070724,0.07279650524949785,169.07754264975742,777.8353294604226,3.0229827166238343
6479.538794501067,689.2264794022315,37.69626290032185,84.99468136381684,5.924702402353663,31.279308873208475,74.86986700733043,243.50182197745247,7.9816337161177735,64.0917674584186,2.273100731832963,28.645959232232986,0.08269813257576773,164.06050240539463,19.437639779972127,0.07080018885469362,933.7503579897738,7.5002057591404,8.274969312262066,199.93461774562695,1762.91462201475,418.02946313751085,7.22655834556509,0.9886647704230407,39.68182570984464,50.36758171567179,2.6514712712295734,538.9205915514185,3.471300982024359,0.08286457325868134,0.07089604992062047,167.48441291185827,880.8816530877922,3.1695120008816775
6644.0880281422515,688.8238075973117,47.81879453267483,71.57515250754182,5.988739493124109,30.433174694912914,81.21201886693292,241.72396509765125,6.250282160569634,78.94132936485887,10.057819730296046,29.401815561057163,0.07872292155778707,162.0580870533262,20.203322413683136,0.07346214225020706,930.8890081795702,7.716594531100094,8.160102360010168,199.17983131077426,1771.107123801713,450.35512140134136,6.539070830581274,0.09587469862543777,52.92082538105541,50.482934085636074,2.7275240357719635,538.1279127817472,0.01716015204989702,0.0788852584197678,0.07356105728169089,166.747666417317,980.8935249103432,3.3348128111647424
6806.516452159302,691.366926534613,53.207576192153546,71.34854537849556,6.33911623302018,29.817546733210317,89.01174897341593,238.4016025835329,6.299032099413092,92.67939537607421,9.965264350422135,30.88233902320859,0.0703594754675367,159.04689931305614,22.41229782698889,0.0714740031219503,924.185243801462,7.978561886722882,7.850803590176337,197.28899629569273,1778.9575087494593,468.05101762668096,7.796488601799586,0.45744921385971327,53.04476931003215,49.79610461697612,2.848728657290853,536.5353281437766,0.01614240087941623,0.07051352642922809,0.07157257626724826,165.10184589126843,1102.058046975963,3.4872061983728346
6964.101807738955,694.1392889448399,52.039123958330904,83.06970306130182,7.75394102161299,29.5339181102695,97.63543852021664,229.65801431467838,8.400581331880373,104.22443389432708,13.998185474791404,34.03437269390734,0.05709844208879629,151.61306170422878,26.829574495780832,0.06109627557783658,906.3854114297321,8.205116132178329,7.108437013144743,192.89573888834627,1784.0172576005675,474.74052664728754,10.96048431798599,4.285987622331613,38.40704682224365,49.05499075791292,3.404627681904526,538.5129373727123,0.3109559029664591,0.05723852300030478,0.06118703728742991,161.29217544662535,1247.6782878133556,3.675568485540957
7156.58888835566,696.8429660353968,57.93081720395616,82.82397975624433,8.158310415681846,28.908982211879348,106.57737375954184,226.30881319826133,8.46639698869412,120.6904568838717,13.885565242777185,35.70733288482614,0.04970501389154213,148.59863360839248,29.48808762681798,0.059212083513815766,899.5210722767446,8.4766720812976,6.807823302173782,190.96137233555567,1792.121812351262,493.75153322683735,12.64618021936825,6.025074729870556,38.52444753720536,48.33821112805523,3.540229514776366,537.0722098184298,0.31555133843865585,0.04983622610042126,0.05930238281135328,159.60845264881624,1390.4371371140187,3.835337210151769
7391.0837969260165,702.9198052606683,68.93733689190877,69.04859356974265,7.0341585540206735,27.960845873183956,118.25756020627944,229.01434080573574,5.8806525902645745,140.9841153785392,6.64618239160655,35.951214919183215,0.04662395866191433,150.56168819395344,30.061309883876532,0.06780832925070117,906.2190781116109,8.862393422276734,6.962454859421082,191.59793156064814,1805.3691894935944,517.4788782247895,13.132601231167452,5.73400950652196,57.64305420858283,46.74744362053858,3.0021585386706025,533.1376678296587,0.5071709157492182,0.04675076904159941,0.06790764779706793,160.21901725806822,1537.0546266216827,3.9292262993211775
7614.758238326314,705.7891502865228,76.0098938199025,68.8247730682078,7.4213249043522325,27.33092950866616,128.53105133823541,225.55155961900442,5.943882465242567,160.9175933850324,6.566536366355288,37.751315621328715,0.039695042883817346,147.44984995372073,32.999645776655704,0.06574982111222792,899.093227864907,9.146130075373094,6.652939980116517,189.59481024995682,1813.7703932577338,538.202985342761,15.052777228467097,7.820291058765057,57.80254109988693,46.00978289537177,3.1277380564751223,531.7818188447853,0.5012193562710434,0.03981253630024625,0.06584865282156653,158.47475124060043,1702.3340304976923,4.094189110805934
7832.793155759825,705.6747804556662,84.47418003396099,79.19732740793282,8.587390954553536,26.805546144730982,136.32304810733004,220.70062155662356,8.020601128732082,183.69991744163156,3.772557346130123,39.67042476008896,0.032346234978656234,143.32785973519162,37.17608757476736,0.0582960795242853,886.7535668357199,9.380332621130202,6.2160332675551,186.88358879933133,1819.2235554458593,561.4936227615752,17.876602187724014,8.841034698066565,43.720276490910265,46.039059304337066,3.579223843489154,527.86715121829,1.596461398784126,0.03245308239106297,0.058389794610373566,156.20443306817393,1875.2023657638729,4.304020216160975
8091.125635065746,708.7090119790308,92.63641501865096,78.95741358015432,9.020201167244938,26.17422191922082,147.81525033911603,217.20243117775965,8.104723870727662,207.3605294047225,3.710977509845128,41.650556500329394,0.02640055065373258,140.2007025006467,40.579120660027804,0.056319058775083176,879.4730786826484,9.673748255530612,5.912680547250622,184.83604867932522,1827.8493040887727,583.9915801709351,20.19843170537199,11.512610896565839,43.872836127602596,45.26672635073728,3.71607307033333,526.7359587271825,1.5854302759764947,0.026497497294168823,0.056412157039925054,154.4205933050123,2065.316916342454,4.476432948808437
8349.400021384796,704.3099502393754,109.61458221753661,79.72582370048168,10.52923373435863,25.513211129651513,154.27737917202268,211.81715579170236,9.270280473702917,238.51293529520774,12.907133463031512,43.433566017401766,0.02191915255157939,135.38389573808462,44.10093129284535,0.05033312140385947,866.2918880544963,9.823602393216744,5.518331650009858,182.35604378848532,1832.3001277359394,628.4913277609389,20.3661174726315,6.644365355577122,38.81105456333797,46.39741625473234,4.4192556448767,524.8674676688954,0.3368154406628519,0.02200795988768198,0.05042151185426782,152.27583944893064,2246.2143580953416,4.745250045622264
8644.279468379109,707.4945418109526,119.28314264829329,79.48459618459243,11.013158836674656,24.879924710138553,166.9990567390244,208.28460880201493,9.371072208217331,266.50745307398597,12.789935544038862,45.596311362255975,0.01690030171481686,132.24927220623428,47.9557448441282,0.04843320263110467,858.8530417516589,10.12545811152679,5.222156756687293,180.2623906301918,1841.1807973333152,653.2542607310443,22.93888118000974,9.08988504128991,38.967337077653774,45.58310666007365,4.570508825657202,523.8878220457209,0.34207735893638297,0.016978635277739112,0.04852085206188856,150.4517987708074,2462.584263240334,4.926030901963766
8979.537231592636,715.3529058370934,130.82290234196626,71.68422758840295,10.001519075550906,24.06890956228315,183.97790590869977,209.25057056454494,7.5114764582622096,296.80787015957196,3.906381795508274,46.77542959673824,0.013545324166280069,132.84073681920037,50.311485180260206,0.05360210347291269,861.8428280930491,10.562269010841296,5.219660653494581,179.95174556498262,1854.7676046625004,673.9764110277783,25.601349897063525,12.77532875057354,51.30916610380982,43.60628000382077,4.034318986592501,520.9208224652352,1.3120629502842942,0.013615502625488473,0.05369651218083363,150.16734982943404,2695.0167711554814,5.02648210716624
9315.56110730532,718.7109774758799,141.7970043489832,71.45469537336643,10.477547697419338,23.43386625445507,198.4075514920444,205.62566751743512,7.610952176026008,329.2072830288864,3.840308164508778,49.11184028210482,0.00953525550646515,129.63384693068954,54.588117925560645,0.051574859930179455,854.1664589549192,10.879161930450708,4.921299064088562,177.79869210071962,1863.9587459584427,700.6209967391462,28.588174909464414,16.233464570352012,51.50280207253999,42.7806360447756,4.177788175997051,520.0238871922435,1.3014967878745292,0.009594419650254747,0.05166847010627384,148.29164403032559,2941.079944648971,5.213882452457906
9687.556695312787,724.921853097841,144.540010657432,69.56605209454497,11.098954060180487,22.921496883718326,217.43395930642927,199.56825847360523,7.253591516762618,357.9978060967739,9.121687740041814,52.946482926747976,0.005377789053750016,124.4033946735306,60.084225168110414,0.048801843289679486,843.3702408762126,11.216336504583843,4.483460057287849,174.55742927258058,1873.8874654507465,717.0700268206482,32.9988231507874,29.097316886002176,53.964239421095606,41.28014401513014,4.361679096349083,524.2718010755541,0.0013439059895699237,0.0054224894236091096,0.04889331511912745,145.39717846597622,3224.2415805484393,5.391361632799034
10069.47339282579,728.4637630708522,156.520958013627,69.33975594116615,11.606445223656202,22.28837379484913,233.6977819326082,195.93447441535372,7.361173527072257,394.878691400133,9.018026839739054,55.534721625031075,0.002907280436584257,121.21567238692113,64.9307535359985,0.0468050316714601,835.550893131206,11.544537499550618,4.197912329122725,172.37008523862391,1883.3211066739602,745.583489588024,36.50297636552648,34.41873269430314,54.177984492817934,40.43883464293279,4.510639164934327,523.5892659938528,0.0010147927478704897,0.002940326349479421,0.046895596863613616,143.49219396242782,3503.2983809183643,5.585205395065177
10443.671082409977,726.7602254241347,176.73234405158198,76.85404620234122,13.051505273725663,21.66568092256843,244.4866932961227,191.79440308359025,9.400737835865474,440.028495949723,7.305102862870161,57.62210833946301,0.0012630735021539707,117.68882381833063,70.5660374721178,0.04105410149655053,823.8478540572885,11.77869029073049,3.876703640931152,170.0064383955871,1889.336273793302,787.9064935136848,39.51820774292681,30.162831227521217,42.864624680101905,40.84430429841985,5.0818500110346685,519.1644105527923,0.059043256442533706,0.0012850337127477537,0.04113971525691782,141.52099074441665,3777.8153165688714,5.846103179520979
10872.576442510319,730.4623791709612,190.45689901472525,76.61567745757476,13.607177051913373,21.034214257092206,262.3554048614049,188.13190370534133,9.533615714419255,482.3447712036475,7.21005539661239,60.42672598454801,0.00023850615134810444,114.4997027168101,76.00563015469399,0.03916673622017428,815.8828860358296,12.11675379326226,3.60272689618864,167.7792577038131,1899.0361777375101,818.8715882631091,43.481340824580165,35.78750502456295,43.06832518711703,39.97098381246269,5.241824794832455,518.6327899098419,0.05666386597321114,0.00024814922253432953,0.03925128539833,139.58112672689532,4090.655732242883,6.047698324720533
11339.874483974521,736.6814342617041,206.46867084484447,71.84416039812412,13.21374732439365,20.304810910465296,283.4450512901964,186.93202457932384,8.48989696491899,527.9449525348227,3.2944509573014518,62.59079785305471,3.869336253531197e-06,113.30458798272689,80.42106938352451,0.04088931608907244,813.7054208394126,12.534560154852464,3.473713139742858,166.55577646784775,1911.458729850495,848.8767185329527,47.42513187877206,42.10735972982781,50.55552529503719,38.527080808163156,4.983406728424212,516.9423369184321,1.3652367358248134,2.74608119865137e-06,0.04097726234303396,138.50634109018023,4421.639179928248,6.200437397057548
11820.415698376635,740.5595930933774,221.82072999793763,71.6129086328599,13.77766654396455,19.675279297384048,303.35373956041286,183.20908272575963,8.625458940666597,575.8710671788272,3.2291522831023705,65.61965920168106,0.000517493890229039,110.08192935789017,86.4286345654947,0.03894864767665385,805.5408203703365,12.885115198296054,3.2062347165962333,164.28088507668056,1921.4755991398329,882.1390628427431,51.90826396391411,48.95463899239706,50.79066362159326,37.64496749514251,5.140600107971212,516.4905983358566,1.3534602267392228,0.0005034196476708051,0.03903543181231894,136.52554239996778,4771.727533547226,6.40780596895782
12445.132303936534,758.9204757269357,197.72093655316496,62.51094967850318,13.674004848661426,19.366969393385407,345.2915704835061,174.1287930712202,6.067650488319841,597.1237339693754,17.410625034148726,73.87963703048761,0.0037045792963580947,102.52046731358399,95.91268879728216,0.038619012236726646,793.5525408571888,13.427545400738978,2.67759154389427,159.36779318363307,1937.3658112132666,862.516873795041,63.58142394319435,122.84119653867687,67.33253723487623,33.633933659816144,4.897900370347635,532.6863827384012,1.4180701655094352,0.0036665314734404936,0.03870524416305659,132.01051057641266,5246.7155771379985,6.493417821794185
12986.66073779781,763.0276060536617,213.2820565009145,62.2963628530548,14.253852930603616,18.74020446558877,367.98576265367876,170.4524896432952,6.19148279685478,649.7940245561015,17.256582435705088,77.29040228815418,0.006776754144823562,99.38186726332383,102.69132530823175,0.03667730243614391,785.2845318933281,13.792148022148549,2.4328243027551353,157.04975174598238,1947.6815697777274,897.1929424329347,68.92589901287897,134.7637420942904,67.62220146146706,32.774596391499244,5.053251500582218,532.4541803469455,1.4304664599306467,0.006724996798476036,0.036762286354568165,130.07870903341268,5640.687556499348,6.705405733679685
13268.608338306534,745.4453219809648,265.2200916750477,78.93021751754098,18.007916692264587,18.12763081464619,357.77329781064606,166.961161151903,11.482715362050529,722.3489731025104,18.59589215167799,76.63709832010846,0.007801008096188545,96.48641667222071,107.90010956248992,0.026605292586645537,768.8800349151614,13.749202053028325,2.225633187015486,155.49556243353933,1944.4766631362384,988.5918724665586,65.61280319072519,69.53250493721454,37.43680307453409,36.55956647871578,6.729298334371943,518.5721732054656,2.6660510187054416,0.007745057230400597,0.026678084487396114,128.9639478603857,5837.949924846477,7.180624911925259
13263.269050472625,744.7244971661208,264.90875301346745,78.70317545076661,18.46640204806528,17.96899263615486,357.76890972996216,166.21547861310222,11.3039105075524,722.2858474163754,18.549160552959055,76.44856717219363,0.007933055702268633,95.90288557403109,107.89787902145996,0.026416086896322393,767.6924064215195,14.056805030517335,2.2100521657794983,155.23335673738572,1947.772841705964,988.9487382556922,65.82655611490868,69.35872459562188,37.27845922245407,36.7190990242203,6.936474121791646,513.8632391389857,2.668952195525624,0.007876660049553218,0.026488778051669833,128.75674323155522,5837.325545500415,7.407883527378646
13376.031211122767,763.7330946583435,235.2082600386677,62.929786205021955,14.926600553357831,17.776050218210006,382.7274675733161,169.537699614487,6.132142338514481,699.1133489324216,4.611102839417268,77.4300936551289,0.008954203447039401,98.57828682130595,106.3348762564229,0.03695370544770492,782.3091564055441,14.818293429838148,2.3792715375174436,156.2053351651497,1963.8704335884718,932.6301128593176,72.76011532967784,126.6276540780019,67.18410424957219,32.62371835665826,5.282336365700919,515.5152943170345,0.7450919579121923,0.00889462116616749,0.03704100477880939,129.4677084051854,5927.134934057566,7.34699778016298
13370.536129034957,762.9974080731218,234.91209071007953,62.72679394030663,15.343199195565834,17.616275136411932,382.72780315389497,168.778415881954,6.0010927708351165,699.0512676895667,4.587818218573565,77.23725054530779,0.009096290418610098,97.98235598437242,106.33180514599785,0.03673098149476326,781.097832167048,15.137608233540751,2.363061977149421,155.9400044596645,1967.214947206249,932.9784354648369,72.98661199326165,126.39093992194643,66.97149643212319,32.775684476748474,5.465525060242412,510.75213097098805,0.7436267611530132,0.009036266137346934,0.03681820468419676,129.2582345989603,5926.497879766857,7.576851355465533
13330.071988661066,757.8766047077393,242.86627368789084,67.14213105041557,16.47517938571432,17.444767788829758,376.4270843362994,167.98361911765164,7.016039218472544,705.551509903014,3.787227100462121,76.31257133421205,0.00885752903986229,97.38703493992588,106.4606965045394,0.034311046322998175,777.7267088650407,15.376947245563919,2.3405197406130833,155.72707128306337,1967.878479040413,946.1022765695951,71.92364002018815,109.44354274994768,58.099881310613725,33.85044061897652,5.975056282130979,502.9718967048267,1.004554627525737,0.00879826747740731,0.03439549199323856,129.1551597005722,5901.808705115409,7.870007376585655
13324.806836154947,757.1497929444246,242.56834816614858,66.932741070303,16.91384434269505,17.28915284949779,376.42258331459004,167.23565425990577,6.876425912110661,705.4891225108352,3.7661538995155497,76.12444003226412,0.00899819833338226,96.80078266469809,106.4584808915124,0.034096134808326725,776.5322648989114,15.702151432063859,2.3245409378844646,155.46467038531412,1971.1944247028803,946.4513898039618,72.14742851184334,109.22549233845321,57.90257988111909,34.003955150714376,6.170367269666014,498.33449601015946,1.0027750529903423,0.008938496678860196,0.03418049566027024,128.94780145817327,5901.180920059837,8.10784207699131
13265.028433640484,742.2943866271049,270.5190459403002,63.37920425873836,19.415314893725743,17.00386590140491,360.5864307044868,164.81648014424584,7.621003329643613,725.8999693311407,26.261674498689327,74.56062910638084,0.0073954266935310885,94.63403176864318,104.66899878987593,0.03029784612481871,768.6068947754933,15.699772880358358,2.2756855798533695,155.2074043770837,1967.482275490952,1001.3647031602428,62.90096551816193,61.529441864008426,53.736111165566,37.26071955412704,7.493133983582894,491.8952050558315,5.999254973946783,0.007341355475405326,0.03037699642817385,128.75032178553113,5824.528958718126,8.561137838515837
13259.947354292195,741.5750872276355,270.2046115624449,63.17577107127406,19.89126907157867,16.850234499155366,360.58202540602645,164.07560775290435,7.47546570508806,725.8366886720197,26.206134401106905,74.37467119100985,0.007524010444165432,94.05613778423003,104.66680190006767,0.030095914284882837,767.4194773311605,16.028355257449636,2.2599300254798957,154.94544185061747,1970.7978874685443,1001.723866736573,63.110258158186916,61.365974497209585,53.54637023672346,37.42177296459608,7.7116652150712035,487.3092710885561,6.003606576906132,0.007469497218150088,0.030174969588354007,128.5432889119067,5823.905297502568,8.809119834567387
13246.759236787631,739.5016430003492,288.232855098333,53.92061915959988,18.837091894895984,16.43920395712004,358.2848843725386,167.96318113539593,5.740791747648829,737.3801218466901,19.274091333390142,71.5773991473599,0.005805545361169483,97.01435039355714,100.61380672332378,0.03525933854752202,775.8834913103555,16.400221774884255,2.4920827992604617,156.9484871171212,1976.468641394353,1022.8660435871703,58.671587353249336,43.28140556274086,67.87119583561915,37.88916870770308,7.356770997300175,478.4213890015612,2.746625289394577,0.0057579257578988215,0.035346103304693906,130.30717968566788,5785.263061757834,9.029675890242082
13241.687898701526,738.7777241207775,287.9049873033177,53.7327304771485,19.304736526037313,16.285568051659023,358.2852090605471,167.2074353758623,5.614015836245798,737.3163641569639,19.226455426490546,71.39199205666748,0.005920063849587436,96.4231728474954,100.61081937221009,0.03504178837897051,774.6771539970097,16.73606016203109,2.4754927582732718,156.68252573289274,1979.8238608162876,1023.2308265063632,58.87499504669151,43.14305966994327,67.65750275471046,38.05292621217594,7.572676606707665,473.8331963122677,2.7494405306989003,0.005871999818808504,0.03512846805338029,130.09702758603373,5784.633678115327,9.28430296259063
13273.389406448967,744.5671259331441,267.4929636851447,53.33168722005378,19.41817954417359,16.27367886086312,367.2253264555416,164.69223881181608,4.97197180702454,723.2238908728136,20.64345884633301,73.20191074633699,0.007331402614239063,94.49375303333545,102.40207962660836,0.03505251430337805,772.2484635346074,17.188385233023034,2.36156708024107,155.391991891645,1985.6012273749272,995.2135856495805,63.25285427026959,66.53687553015952,70.51075697675746,36.746866766070916,7.537190447994616,474.4306661590875,3.1507734465579387,0.007277874285239922,0.03513905449194941,128.93186833829213,5832.794917486261,9.46834997460745
13268.45558881243,743.8467547786731,267.18022017613913,53.145075354387004,19.89420646136084,16.123379432207287,367.22091608354486,163.95151897500324,4.854569924571569,723.1605737626084,20.59420924951184,73.01794199260534,0.007459499764005173,93.9161962606606,102.39997888434038,0.03483507142395335,771.05789742176,17.534961812901066,2.3455034142523363,155.12992890173712,1988.931826539014,995.571898170155,63.46242561900656,66.36682466733954,70.29330481285123,36.906801954426285,7.7563741318159325,469.9270776101543,3.1539339063826684,0.007405531884306773,0.034921525102350845,128.72469885104104,5832.170781317399,9.73118671840795
13271.674486455993,740.9098721404021,278.8490678509839,45.72055153548766,19.8034504258008,15.825131892042634,365.14166791248215,164.93066601601004,3.7717507283390788,730.7131614408898,27.584624024396454,71.62755887656456,0.0064160434142944076,94.54455351685382,99.89095836066453,0.03750368814328175,773.7534526807759,17.850893964724126,2.441605250745601,155.91351186335748,1992.8929377960255,1014.3033090562037,59.47999218190261,52.36379299467309,82.18007480222317,37.56808336217209,7.832241001489407,464.6939115406804,6.3028790978737295,0.0063661746409223825,0.037593920677194755,129.39223530761322,5805.297082168121,10.0075888396195
13266.83708982608,740.1912727950546,278.52975284003185,45.54778013088593,20.284148058064932,15.676923105843912,365.13727007068036,164.18940959398384,3.6695867665123547,730.6495173309728,27.527688940024102,71.44558043285731,0.0065359130654105285,93.96684127789608,99.88888353578253,0.03727875935522728,772.561726573558,18.20405359627859,2.4252711776567986,155.6510092940861,1996.2296442647407,1014.6650414378001,59.68322250647365,52.212949066487944,81.94530402843391,37.72979385702127,8.055643131896048,460.2368869751289,6.307348807213423,0.00648560488349759,0.03736890949581027,129.18469613940414,5804.674418974801,10.277755929710269
13283.916712224636,744.0964380464997,262.1008619741745,47.52733342962721,20.774358052695337,15.663390858500932,371.2849148022835,161.71273277304223,3.602779659008555,719.4946545299223,26.809588765534762,72.91869153163952,0.007891206948050396,92.10068818508239,101.83532339979665,0.0361505499399452,769.1321908202339,18.636343359688908,2.3089089351711864,154.3805067793124,2000.791005040535,991.8902696309849,63.794306239860084,72.06059029943604,79.58503482976928,36.84958900325302,8.189098927373152,459.2476933462061,5.850896513582146,0.007835853181291347,0.0362391671695408,128.0714404112653,5842.618907631757,10.50005767116116
13279.066078759608,743.3703019406934,261.78814176991784,47.350932924599704,21.26535663637718,15.513422396654637,371.2852808185381,160.97107229898685,3.502509026051989,719.4315220284426,26.753389747707697,72.73183959884604,0.008024699236285118,91.52460882289148,101.8323899957103,0.035930041903698876,767.9307781550136,18.997197822974094,2.292928361594777,154.11678626661865,2004.166557821068,992.2497404102683,64.00609382666603,71.8819874667692,79.35353607425735,37.01108173017251,8.416821138630402,454.7526113944457,5.855014122045755,0.007968906404375456,0.03601857407758993,127.8631090070608,5841.986379116733,10.77674581825031
13304.069149069737,747.7078072974616,253.0154577638199,43.85872863081073,20.682601800978404,15.368424402373465,377.9104550623406,160.9825205362935,2.630527611640953,712.7917015071683,22.886707977716924,72.99443792013683,0.00845860055463927,91.54301356699851,101.55693540899328,0.038521814941733144,770.3018604177281,19.48610611779057,2.3121870358095835,154.05558058979386,2010.7450030230061,977.367911915616,65.92049079027498,85.97625981092408,89.05938379106806,36.045406915813935,8.123997319742923,452.3253152185324,3.8296356106085754,0.008401415936336509,0.03861390207626966,127.78475563158752,5865.745451598247,10.966488062951605
13299.35660815589,746.9859180647088,252.71129778626442,43.68951493209058,21.173790298675193,15.222374966149657,377.90598098609183,160.25020008433057,2.5453238735056125,712.7288427266204,22.834849931824518,72.81073022262815,0.00859615207149818,90.97455987532521,101.55484335364721,0.03829384892388743,769.1127963580525,19.8550092906323,2.296292489658281,153.7946474145587,2014.0966148183174,977.7229976538791,66.13443213381908,85.78294268436477,88.81497723823313,36.20380991528551,8.351493359079221,447.92815010535054,3.833119868511549,0.008538532479055418,0.03838585432135588,127.57851017289966,5865.119554934906,11.249218228681649
13194.094377849731,732.1564217583064,263.2646773442559,68.59708057751374,26.7427109814293,15.30654890041021,358.24579205396776,154.18589703083674,7.431553739246243,723.4961046905383,25.03158529663898,73.04017741498316,0.009807456158729355,86.45825617727824,106.62537345865957,0.024722730559359928,749.2492146182411,19.821825413873945,1.9892153363201153,151.1504427783163,2005.0991372156218,1002.3177600761921,67.30677822314998,62.17870206705285,40.95921285160248,39.571890287727776,10.827920908889062,437.9720702041863,6.005601511098348,0.009745367614618474,0.024795722862407363,125.51269484952188,5821.648963459289,11.831697347388706
13189.72345842243,731.4476424349971,262.9524274526039,68.38676202412599,27.299862841775916,15.161085080542215,358.2431972513492,153.4730220403142,7.288014181371424,723.4281434926808,24.977370066900697,72.85652598853738,0.009954708707277028,85.90832511530238,106.62338335146424,0.0245399617276189,748.0897636311134,20.1938602402631,1.9713572868447182,150.86347901353136,2008.4792589131653,1002.6889827790513,67.52167871452005,62.01315489443109,40.7946046010484,39.736553728532066,11.089841547951247,433.65195061298675,6.009774591016775,0.00989218654736846,0.02461283761191321,125.36559381056604,5821.01352813362,12.12531490723151
13226.041758892936,732.8899047616883,266.01089644164625,54.98890943485389,26.23526825538729,14.878635561173741,362.5664164403778,154.4716736872991,4.808207342106278,724.6472343568278,35.88573492634263,72.19448906181034,0.009102117599614688,86.51136455926064,103.85818109913836,0.028887484962712363,752.9981888600023,20.632563609152932,2.0674167370230467,151.60248875533506,2015.268046960384,1008.8528486598997,64.46152519107785,59.69582862992194,58.86321282319719,39.401510685403714,10.722136346097342,431.67816011313295,11.671784073719937,0.009042615898142313,0.028967053465518713,125.9290358014767,5819.813997048377,12.360099398896159
13221.554143083064,732.1692301502936,265.69592464086196,54.79916701346661,26.786640841427197,14.732491304994873,362.5667430626477,153.74695048683103,4.692244815692497,724.5840295517351,35.82072492594778,72.00828394453757,0.009245368728888035,85.95315484683141,103.85514596502298,0.028690602613029668,751.8097826204635,21.009044844040954,2.052308658688247,151.34109815597563,2018.6560250347168,1009.2151244347573,64.67472483338571,59.533333928219655,58.664216787436665,39.56850090480847,10.982464719422826,427.3204212788621,11.677586735601123,0.009185429765222599,0.02877006515349443,125.72244571398333,5819.182736739869,12.657704676280488
13220.201301627123,730.8228139352602,288.95550923640803,40.81510190561756,24.514406855865076,14.244037664380432,361.358145910533,159.4039676313968,2.5355108791600602,739.0934255359758,27.215118018954183,68.41797064913384,0.006581878656189178,90.18571123205092,97.93100438408781,0.037020026365810726,765.020199330875,21.48013579769026,2.381804438520618,154.27422737691958,2026.330945605444,1036.2448777286293,58.250776083150306,37.787785924965085,85.32822785701124,39.88159288267007,10.135768940168603,418.5290287285488,6.478447726579826,0.006531722855321805,0.03711194946914777,128.2679943146116,5771.346129846134,12.883389629035003
13215.870214209195,730.1090956314135,288.63053368962403,40.65188207093299,25.0488655250576,14.10345509873014,361.3537359005404,158.675375592099,2.4518613967864,739.0295723811645,27.15857817510746,68.23984228820686,0.006703215218859214,89.62158386980713,97.92887938246342,0.036796778919556454,763.8355567334862,21.864187518854607,2.3656850855540505,154.01305388933457,2029.69575757137,1036.6102425127644,58.45219037211559,37.65970467312264,85.08908713319438,40.0482081930547,10.389674581925323,414.2997262338829,6.482969753206426,0.006652623717762986,0.03688861150033396,128.06134975672887,5770.725322511001,13.187195458308626
13205.169991607769,730.5175376336157,255.36232610892856,61.62435336824994,29.64023185614226,14.447878687794892,362.9453059716165,149.33032587519665,5.488336986411011,718.5064906035957,34.71359866590163,72.74414051083698,0.011009651132868389,82.64562524488682,106.40589086345376,0.024941284466806064,742.8543183035349,22.142435902194887,1.883688124878603,149.35249877103823,2027.0653038068024,998.0332482464198,68.61138399337655,69.59699543498172,47.37903065617308,39.95168838823905,12.218214087662156,415.7152928922281,11.375473934568765,0.010944122357255857,0.02501541027009532,124.07966998239642,5836.865311717169,13.601484521247631
13200.97309063117,729.8039684474936,255.05682990484078,61.4237585707693,30.22762936157087,14.306291298081566,362.94088628736546,148.62515825655802,5.364936748338125,718.4435330412416,34.649739214809095,72.56046319198738,0.011166417707879668,82.1056326156079,106.40367582079864,0.02475810189617604,741.6869706139033,22.53233740385208,1.8693561092407744,149.09552686941092,2030.4307251817172,998.3918139253258,68.82996280240876,69.42313447215392,47.20087646818746,40.11844990253824,12.496831459776107,411.50026715571073,11.381465824106169,0.011100456136961449,0.024832108529315736,123.87642856957007,5836.240990376019,13.913593653517358
13161.576980418207,724.8029295809077,271.62105460125713,60.41060510075568,30.5966455938825,14.026478362884584,356.48591029454303,150.32468106859912,5.397352517521133,730.2283301767388,27.20350893620645,70.3512166333027,0.009739328965567848,83.39937992111773,104.33557956357447,0.02553044362311098,743.921329971806,22.867896091685694,1.9721466083610153,150.09375704086045,2032.823398700947,1020.6631435409189,65.51930994697526,49.11072806891012,47.17053062219471,41.304131959000735,12.768584691596553,402.6185989968408,7.338694915800864,0.009677866397227203,0.02560620793050214,124.82158289619075,5795.055739048205,14.273181119705194
13157.436126442522,724.086243073099,271.30277778073383,60.21172070320913,31.191858256161215,13.884591415761081,356.48623416638503,149.60976363252394,5.274448725462463,730.164882437477,27.146910756404946,70.16740552863358,0.009887490322041344,82.85131850903913,104.33253746169964,0.02534537457739795,742.7401109825697,23.26415716407879,1.9573913844491957,149.83367092186924,2036.226095228396,1021.0275334752397,65.73425028865294,48.963352647673545,46.99240976642328,41.47510224879564,13.052529764627945,398.41047030509833,7.343296232766068,0.009825592200233515,0.025421019518223287,124.61590359206166,5794.4258229396355,14.592857576975513
13196.822833892362,730.0238174179301,264.14292029408887,49.352278550215665,29.319162599288564,13.666777446752132,365.7431928471831,150.93401104868695,3.1117385531307304,723.9434267389014,26.38051387656299,70.03094307737702,0.009734693682490712,83.7972942224083,102.37084327315615,0.030561435016807758,749.3143739758533,23.8678469538349,2.052959615441909,150.4721199536053,2045.1693087868362,1007.9027492737836,65.99859131532354,59.928056422449615,66.3782056776553,40.06258689631331,12.208059237721399,397.0624690077034,6.3796469048812705,0.009673541112014421,0.030645148919150742,125.09464640616922,5817.268019883727,14.765658816650244
13192.791229247896,729.3090975427258,263.83188161031194,49.1719662993864,29.906947878912845,13.529287087961317,365.73687896829216,150.22435991104706,3.018670623532748,723.879994302586,26.32459713047854,69.85084980492024,0.009882584255751866,83.25297792176454,102.36893802372819,0.030357600207970202,748.1411868846527,24.272574425614817,2.037962542462943,150.21378419840465,2048.554673796453,1008.264091793977,66.21374795104808,59.766510402585595,66.16643582886525,40.229904907034275,12.488302787839483,392.94525581116284,6.384227351678869,0.009820999053502217,0.03044120496171334,124.89022824776156,5816.644590704219,15.090802120007686
13222.256240671142,726.3108073702683,271.1178660267429,41.43935661077097,30.361084745585273,13.307548269837463,364.60969292152157,149.50099176090075,2.154034928901268,728.4933903116935,47.67233615463644,69.38876927532516,0.009139353095533749,82.52034345702971,100.5902270123114,0.03172987885982672,747.7516594301769,24.603380986769157,2.054208935570826,150.28623195504315,2051.897092432154,1025.2524624523428,62.23272471309985,50.172743357576884,77.69039944275993,40.944002697586676,12.856237360305029,390.6542815563365,19.101557619091558,0.009080297815331031,0.0318154438349668,124.9031557086647,5798.84633410123,15.461554103303023
13218.314841877665,725.5993247003879,270.8030099757433,41.27488084272878,30.95559449216941,13.171667861874596,364.6052982845057,148.7952997829392,2.0769999860311987,728.4298429469146,47.59747899655512,69.20965918889597,0.009282310732261415,81.98067506056378,100.58814493783824,0.03152301467079269,746.580136046707,25.01768878366248,2.0392288836677124,150.02851209570656,2055.2828135056457,1025.616141825482,62.4406006329725,50.02509132059348,77.46213640466215,41.11281503977872,13.142016512131063,386.5686146134601,19.109338189350286,0.009222824659926191,0.031608473760640916,124.69924991525137,5798.224016959755,15.796927467868263
13228.665025662813,735.5434699451025,245.5222785663231,44.85292716230355,30.00938208707841,13.172491801180223,376.9106599967178,148.29228748868653,1.8535142102105422,710.5628048004357,21.96677130305405,70.58350276922647,0.011392404393178625,81.80118432102306,102.78507172202158,0.03279324759120498,748.2138550228766,25.736359318261403,1.996379889901453,149.27374735069483,2063.480010078464,980.2634927725691,70.71284989647252,85.88284958021806,77.05969137632584,38.772357744179054,12.457368598274135,384.5605532610578,3.9512720391499117,0.011326438786941005,0.032880790647514806,124.05849227534746,5862.372714241993,15.928293162243659
13224.685225699282,734.8215201847295,245.21961310469987,44.68156630225687,30.598929477091023,13.034993758554593,376.9110287755034,147.58210458547984,1.7817937323931505,710.5000653966746,21.915903509663316,70.39966904151117,0.011552687059626426,81.25832280312325,102.78212467065705,0.03258324434695584,747.0288990116994,26.160114317185528,1.9815221185457528,149.01442720949404,2066.9080144838076,980.6208507037499,70.93581692981488,85.687858255578,76.83189781349317,38.93800560318889,12.737871041308019,380.44813412407336,3.9546559496628197,0.01148629196380451,0.03267068346609596,123.8534520797888,5861.739117315635,16.26866049308259
13105.310423174713,712.7186056248829,292.1623737962003,55.86594250527539,35.54369002753368,12.756511530807973,347.8969778225992,147.03338301050857,4.459411847177728,745.4691749253931,26.828355246013565,66.63301531669968,0.008939688756558492,80.80776771253652,101.6028380576256,0.02503430511707999,737.6253110825643,26.013577163533125,1.9829315051851604,149.42287827196068,2058.1448821120175,1056.4094753987779,61.75058126751045,26.37887975852505,47.54298887635722,44.25581190636653,15.31609141233999,365.42568920109227,7.637705267908005,0.008881176707011737,0.02511097589414374,124.44581775857334,5736.085804699549,17.02598392272179
13101.699336103897,712.0124380721996,291.8351725281845,55.67407625373778,36.19062498436632,12.623681322218165,347.8908542656174,146.3328525897765,4.3478745239124645,745.4046507818344,26.771953283710282,66.4576211173073,0.00908151098136588,80.27318000296681,101.60101191322039,0.024849669128498834,736.4609839133394,26.439528218753317,1.9681809457956456,149.16549942461594,2061.5407221234923,1056.7796713832809,61.958402402872366,26.271701333046817,47.36372603137428,44.43165394492817,15.629818932644021,361.47634599531443,7.642727269888723,0.009022565604725254,0.024926211235408148,124.24193982876899,5735.466708729104,17.377854030675213
13161.737796508452,717.6241776495104,288.6079505106707,39.563434173647885,33.57980550491236,12.34835557882555,357.690852401694,148.21196537316015,1.7714824838596248,741.3802035455553,35.61368332820822,66.03064425428357,0.00832108070523607,81.53252689544361,98.21677947725263,0.032018420422305925,745.1672867818268,27.072236520762125,2.111932270248715,150.24808359397636,2071.5081942398115,1051.476971505062,59.8072863892907,31.055252656315417,77.22809548572067,43.03931511584053,14.520894760734429,361.2539676916734,11.96750886009928,0.00826502253171917,0.03210605931490986,125.05697075440148,5750.412189429139,17.55903869355229
13158.130530412898,716.9169634662649,288.2830944277687,39.402728098846055,34.204886024863264,12.217476596674283,357.6864996608697,147.5093258940885,1.7016876048390652,741.3160965663203,35.5489866802341,65.85592483756331,0.00845751401206315,80.99610361052274,98.21472211302978,0.03181061624835042,743.9977904492853,27.506749868201695,2.0967428240781,149.99039646030246,2074.9100497779887,1051.8452723022253,60.011074617541134,30.93911145687873,77.00051311154411,43.21238867023886,14.824513996393948,357.32546155779323,11.973667581540656,0.008401026028795375,0.0318981445752516,124.85293939596241,5749.792476720464,17.916318739709947
13228.472984657066,728.0725621718359,266.3693364012406,30.69813246479802,31.669608506700644,12.09064395555635,374.0655099935764,148.01298210139203,0.4634661501523151,725.0112863617699,32.272792225368526,66.98633607833877,0.009379341694910443,81.35263861383554,97.50327520293594,0.03824048709575392,750.5977801896593,28.29121833039761,2.1453220542876594,150.04195577832687,2086.2402354687574,1016.3108573896652,63.6203373485642,56.386903375461195,104.5471133235462,40.515097599510085,13.551130400315094,358.87193317818696,9.083656737301013,0.009320072540568927,0.038337046698455245,124.78177143919675,5810.811294137308,18.012530731049797
13224.862197780818,727.3598349723151,266.0520788787067,30.55729326802754,32.27409473554935,11.959186408676842,374.0676771717425,147.3071937616671,0.42799240523770915,724.9432752662439,32.21115201142981,66.80736010968442,0.009524026905357417,80.81367994746394,97.50055167337811,0.0380134247200395,749.4241944138782,28.735403844225424,2.1266812453867443,149.75357032330214,2089.720967478986,1016.6864406085358,63.83059469817298,56.22781872048241,104.28349327798226,40.68310888545826,13.843087775590767,354.90553965616107,9.088553499400954,0.009464332523945965,0.03810988911986631,124.63326842061467,5810.168605076861,18.3743875723867
13236.072128532813,734.0104019579654,241.349135170261,36.39410824800994,32.91054264355277,12.02500136660173,382.90601155228234,144.58299596444212,0.5950793634777234,707.956974980334,20.464138851607544,68.83409877653303,0.012145953698191735,78.91320507384881,100.95065354027024,0.03577278213654974,745.1894293186893,29.360641191822708,1.9774970625125496,148.0694615727292,2094.89516279864,977.5938569694453,71.8137145212152,90.32995747877314,93.47860289295525,39.118825177067315,13.900629015489429,353.8897570255765,3.2043017384859422,0.012078330209521386,0.03586617688330985,123.19025030015595,5869.450341693144,18.621489043997208
13232.516580805426,733.2937327568743,241.05182354785526,36.2392901261309,33.533114442443484,11.89605497283709,382.8995512289248,143.88845344398874,0.5547776935281026,707.8942468413403,20.414893435633807,68.65555204782092,0.012311082810502152,78.38501575318256,100.94876155281388,0.03555222412388888,744.019477123803,29.809344413208922,1.962778710747106,147.81319749027074,2098.3214192845485,977.9497254999078,72.0381422413917,90.13159869987258,93.22726263281332,39.28416273766629,14.199562539280075,350.0034162131842,3.2075481849986764,0.012243035011102852,0.03564551498238975,122.98739474228498,5868.824122525097,18.98640806605144
13184.055011649738,715.0676363117418,277.9952002852562,36.330088956831474,37.69611439222461,11.629802607165487,361.454145332776,142.13913656491997,1.1280333905776487,735.0708598348275,52.9701214678005,66.30003851870606,0.00988385692030843,76.83962542652743,98.99391088514334,0.030398317679291117,735.5339221428502,29.71779061253614,1.937520303750852,147.84416085558001,2092.4399514554857,1046.274538196687,61.593597229549665,37.61558088512936,80.16944993476302,43.667567007249225,16.52260134034891,341.79381078070975,23.476543434213266,0.009822913253065519,0.030484302652692374,123.09821281383238,5768.929490163098,19.74497112895062
13180.714474748305,714.3616550313824,277.6764493577191,36.17610706612321,38.35817568373775,11.502807742753772,361.4497347370326,141.4511778901606,1.0724724886760177,735.0071806833945,52.89123020232062,66.12469069402246,0.01003242139615245,76.31897753215485,98.99177438259231,0.03019605074121104,734.3723427259625,30.169221324359512,1.9229845517293676,147.5884904097073,2095.8591887713224,1046.6416667232972,61.800705237865785,37.487792058013234,79.937656048453,43.841903413272256,16.846344437029547,337.97286817955904,23.48515096826462,0.009971051778468527,0.030281918704506278,122.89577713604066,5768.308812820608,20.120655008132232
13207.09051447642,723.8819920882497,233.08064800082158,48.96623520311347,40.69361044996208,11.77782132547105,374.6427470301869,134.88390260269122,1.8884086424655155,704.5928101593935,45.76865340137256,70.78472793726353,0.015442938304849245,71.60416965393618,106.3222980652104,0.02432704849200698,722.1852581836578,30.815196643812122,1.5871626505019356,143.84902005912423,2099.7819882983663,982.111216148141,75.0849518079712,92.19883070510588,59.12884185894222,41.51042444449485,17.50744005595502,341.19525822689775,18.573452951232273,0.015366221430595257,0.024403203802382145,119.64364806759019,5872.558444481502,20.391815920957715
13203.804086293267,723.1716718875433,232.78878809135028,48.78744294705758,41.38137859501841,11.650018639168058,374.6382566890389,134.21375326265573,1.816314504084015,704.5304651683932,45.69532280126414,70.6035428150708,0.015628501848631633,71.10160245268361,106.320083892803,0.024146139809675133,721.0342715366995,31.274855785996547,1.5740092108282189,143.59682922235996,2103.2072166929365,982.4669104132698,75.31360180278025,91.99870394580333,58.92979949396915,41.68040462100781,17.84064582360872,337.3776721342062,18.58110914547878,0.015551363662259905,0.024222163092592695,119.44407430550778,5871.9322170987725,20.773575145497343
13183.674206344245,717.4863845227358,262.63014378535576,36.28564630348777,39.66116769619866,11.196895197637554,368.15194833158967,138.8822444802643,0.7859079706061266,724.841418728667,45.66355267508037,66.69771882228478,0.011617232316631178,74.43878159508576,100.1515608020032,0.030183080172312405,731.3350783493963,31.70124493621997,1.8434403818360818,146.3452231109492,2108.4976748781814,1024.8121429493608,66.03831091140307,52.86130174417921,81.06551841709533,43.06455940627287,17.367170921701472,328.7293833562787,18.35016230651217,0.01155124453195856,0.03026938412301442,121.84683365971787,5801.690085370858,21.169083792144157
13180.50238754663,716.7778300376342,262.31999732016527,36.13105929474986,40.3443292247483,11.072480145922405,368.14561369537785,138.20154883883387,0.7394875811245629,724.777946962336,45.58997596174209,66.52196649206,0.011778739619267729,73.92581060224916,100.14967631763997,0.02998051316222643,730.1760571816513,32.167423841242,1.8292306190898657,146.0904561170147,2111.9350324626485,1025.1765036791426,66.25353222802828,52.70958583746155,80.83147175504081,43.23802651716797,17.701118650523323,324.98413078093876,18.35793009689219,0.01171232777880052,0.030066696476229206,121.64508768304495,5801.067491506977,21.558047838146546
13169.533819622937,711.4786342975275,270.7724598862976,37.00322648837387,42.253503057411365,10.931096489939181,362.4644053125763,136.94800167080123,0.9354411326018024,731.2157721982677,55.39554589804504,65.93518691664674,0.011436594997461915,72.93990141819127,99.99878152458403,0.028040202486145548,726.3045052605424,32.48472551925218,1.7954401489783651,145.74352519877058,2112.606520974287,1042.067327642007,64.15320206305422,41.55495316592015,75.2456045159721,44.55771128376512,18.703008129353044,320.21965197809556,25.627093502981307,0.01137115325984619,0.02812353772803912,121.38529247879158,5776.666235917749,22.0680940636831
13166.489253304417,710.774427382218,270.45787822386507,36.84782311996121,42.95427450644694,10.807986204046433,362.459988557334,136.2727378632121,0.8849077803009857,731.1522602529911,55.31486802434454,65.76032255026436,0.011596361649890956,72.4326601191504,99.99663420571372,0.027845952572987862,725.1502394378825,32.95662681956224,1.7814485256592714,145.4896783794958,2116.0421890750486,1042.4337173533133,64.36456602061261,41.420633889092244,75.02104680639296,44.73381385037146,19.047350454068603,316.5216089658065,25.636086607536612,0.011530497151986457,0.02792916149417478,121.18427077001515,5776.045142506475,22.46516308036765
13181.79950072547,709.8677901863334,277.73559115455924,31.12360622692326,42.40929922544042,10.581548218057039,362.65471361239395,137.31276648175597,0.43604525807202305,735.624718864646,59.56551970082834,64.6613636371648,0.010598154380706593,73.12983434093863,97.81927150382407,0.03065432634414557,728.541446555569,33.45674312556473,1.8660626511416514,146.21339864728435,2121.11811764192,1053.2476673279614,61.6903402068541,34.95203864782941,87.75678626857722,44.96245837188767,18.915034041913643,312.49776889599497,28.395007458045622,0.01053541065730043,0.03074216865788257,121.80029885097623,5760.5455537459275,22.83617981704598
13178.845696766524,709.1644092671107,277.4169144950665,30.981086846200505,43.111411817015366,10.460419509874077,362.6503307729221,136.63648688188647,0.4017711639511249,735.5608612133615,59.48184087719307,64.48846649950956,0.010752056452495258,72.62185107254251,97.81721830717888,0.03045100421689687,727.3850756113153,33.939589724132944,1.851786372340835,145.95919645231677,2124.560450563476,1053.616278078316,61.897309037925766,34.82881945030373,87.5141748977058,45.139352591151734,19.261338334158932,308.844721404889,28.404493610068105,0.010688890459146911,0.030538725284101915,121.59894275079797,5759.92529523467,23.243373252731985
13165.738670457416,717.3423285811493,247.7533015277981,38.88914676365215,43.722853471406864,10.552266970381629,372.91189436314676,133.9746980707809,0.6480623604533725,715.4175476282361,35.26423853855996,66.72814403058712,0.014039599959427685,70.85012322231788,101.95556824622845,0.02818267467264002,723.1851591938511,34.67536870815846,1.7007742951723115,144.14175435889626,2130.2894329654046,1005.0637649601416,71.6840425097856,68.8043382140009,74.65247847128296,43.0917207659828,19.19429197935515,307.7126182433222,11.907565101845364,0.013967140107480165,0.02826692836864717,120.05437672097104,5830.001740419588,23.48461343185395
13162.852748302075,716.6338735530865,247.45199946410438,38.72909330636094,44.44005452188661,10.431488176270257,372.9055544746679,133.30603747028596,0.6059797409041143,715.3543374518113,35.19956991165666,66.55262459249745,0.014217188550776498,70.34961209287617,101.9537389346821,0.027986751452779134,722.0322896268591,35.166880675423464,1.6871154712928058,143.88896673579018,2133.744253552764,1005.4248531858191,71.90794257215789,68.63117509029344,74.42780489969262,43.26523705413428,19.54531022095014,304.0894200399792,11.913835465139897,0.014144308498764753,0.0280708758160477,119.85412980592939,5829.377596714564,23.897554375876346
13115.507994115747,708.6357293514009,255.47362125206865,47.50746228898603,48.33640189032177,10.370685534117895,362.7973856250168,130.70541301966932,1.5664971086364903,722.6061336133595,38.60164803525503,66.24712953988094,0.014587231973011166,68.45245035262975,103.71602321172054,0.02261916103544698,713.1235846475997,35.3866595579817,1.5730095325017739,142.76507458711916,2131.2343816382104,1022.6354793851727,71.40790314023243,54.28028425832424,53.83013507011265,45.265877817432106,21.41942490829331,298.06252246810493,14.962290497690619,0.014513171526135892,0.022694508730949983,119.0670609129382,5800.8786708969365,24.52463990076839
13112.79076669751,707.9329592496559,255.16798687445532,47.33134383904385,49.085779100108866,10.250773280164475,362.7930019235005,130.04562529240764,1.5009062858164954,722.5428435513602,38.53429083128372,66.07212375411585,0.014767693506098323,67.96100958314479,103.71390903479904,0.022444555348597187,711.9795199511153,35.88318797567533,1.5599043454325356,142.51388916530803,2134.684910243345,1022.9986943524856,71.63056398652857,54.126702752781284,53.64015837888846,45.44336731443223,21.787841738830824,294.495096301824,14.969176732409421,0.014693213684593262,0.022519758186463217,118.8679778192345,5800.256244709532,24.946553109104066
13209.44815013387,710.5542930694455,264.0241095155406,27.23420791810545,45.6348345731097,9.896363007263284,370.0412449335939,132.7770620674963,0.07295484243519759,726.6598040452944,65.55550144786079,64.70721638258769,0.012320054817014559,69.70371563142957,98.10407974083572,0.031182575126923746,722.8202306318569,36.532427389932096,1.757871580241667,144.33541933272855,2144.7656367822724,1038.5183422078894,64.7145119479393,46.985105775558736,96.74756446710221,44.78381632547761,20.472220406190683,294.09578368311674,32.50611580832154,0.012252652451685891,0.03127212324625377,120.29352182758562,5789.852605584022,25.214561802993533
13206.743480578438,709.850572033378,263.7134010508313,27.100901227292027,46.36305069582738,9.779233117320501,370.03681768426463,132.11205956936422,0.05934998518183658,726.5963367056268,65.4677145281489,64.53425791225466,0.012485945558438485,69.20779554301853,98.10202355732845,0.030977505712440748,721.668410918121,37.03690242224205,1.7440161439623354,144.0828556251919,2148.2270973749423,1038.8843666591802,64.9264888816511,46.84222462243168,96.49281978685552,44.96035912773508,20.832434234743502,290.55224711219756,32.516265415991064,0.012418125149017491,0.031066930918709743,120.09341559629613,5789.230771234568,25.642343305153325
13138.882829466307,704.935669183458,278.5395680445191,30.178917903653044,47.28648660256195,9.583556529910782,362.5776790934221,133.5529361301471,0.18538451968677438,737.5386649398591,43.28959504985262,62.4933042304446,0.011399455687680651,70.35947223555902,97.08918201636351,0.030404977186547187,722.6382799392288,37.47089376489133,1.8202653441567995,144.84446518047505,2149.955861231507,1056.4131401853876,63.49257435677352,32.0978751288042,87.04684337446885,46.208467157550665,21.32057386435369,281.8750403024775,17.491191842842692,0.01133470282414011,0.030494234889312542,120.87963939123829,5751.504161306445,26.129507245682092
13136.334517393958,704.2333688721747,278.22008828780463,30.03794288750461,48.032226396334906,9.468471322245868,362.57142766868606,132.8853301725737,0.16320535663774985,737.474484934394,43.21794152416577,62.3234493967019,0.011559532911271797,69.8607002627897,97.08739689571428,0.030201462689368984,721.4858465338469,37.98176619337805,1.8061339003639305,144.59106184930988,2153.426585861461,1056.7833368119577,63.703303992863006,31.9796367005075,86.80422115058062,46.388142772380675,21.69043813598976,278.4077508440225,17.498791271207153,0.011494359899905994,0.030290591563173187,120.67870511212782,5750.88423382002,26.56498251914768
13148.745929587903,712.0128397143394,252.33771075875546,33.240148648640336,48.07460767869552,9.503673077787287,373.23628700296257,130.75796353936505,0.14611368575845576,719.5325647392918,31.03044693609274,64.2414903823697,0.014220917513902202,68.40643251777394,99.89347497733091,0.029628230470567965,719.1847992472141,38.748398550752334,1.6960787071091785,143.18258892324792,2159.9735418734062,1015.7049689516167,71.21899466873059,60.15254296323723,83.52474805760522,44.40677479375646,21.436056287590095,278.14119022062795,9.524967294493814,0.014148487382351808,0.02971644886466745,119.44576606419854,5813.082167056338,26.820878184584995
13146.230542940575,711.3083684104333,252.03402969763124,33.09286757632522,48.821901323066335,9.38890553344401,373.23180509844224,130.0981562013745,0.1265662535228198,719.4695622382383,30.970071838543188,64.06888802394778,0.014399010192760938,67.91523542655547,99.89132878941206,0.02942854630724881,718.0362070421145,39.26363466316071,1.6824805168860624,142.93098320256252,2163.4474966863127,1016.0666948971606,71.44168507301937,59.99091619544046,83.2881498275905,44.582579133443666,21.804589408749326,274.69540206109417,9.530450267435953,0.01432616460517982,0.02951663431788781,119.2463574796609,5812.459118990977,27.25844072860687
13091.011547912785,693.3643899554172,295.92080920964344,34.2459907699142,52.865202740879305,9.096871819377737,350.58715039438215,130.50107129743157,0.49239553065521086,751.0141001516881,46.81660784233359,60.639191865847486,0.011069257805099727,68.0797867117476,97.03888948682892,0.02596893976825315,713.5671591015392,39.22431820851046,1.746862865131638,143.8683592246481,2158.281029479414,1088.3356192073509,60.99546639745324,16.14644851694173,70.25341570290722,49.239772862456086,24.17927779561504,264.520458047773,21.09300578803376,0.011005476415696923,0.026051909461254814,120.19921198232686,5700.504616204392,28.119973168693964
13088.727039302908,692.6692076244543,295.5919391076831,34.096495497230244,53.64870576236084,8.984594972040203,350.58280660633517,129.84191323993525,0.45592518155348516,750.9497341088313,46.742442141876985,60.47150190133523,0.011226446679419449,67.58976589058412,97.03677418638698,0.025782014571379172,712.423063383688,39.74269839085003,1.733062190556934,143.61615142865864,2161.7536235114994,1088.7100538142015,61.201567193262704,16.062762480917595,70.0364406552265,49.42488777169571,24.570584765469103,261.1603662511688,21.101164715964494,0.01116224624419225,0.025864841850221566,119.99917520449043,5699.887630846697,28.567964928608433
13101.228815722217,702.3550534234599,260.97891297822827,38.45824250052572,53.856535116485496,9.071522776580036,363.90414819860047,126.7724750049318,0.44067113778509664,727.3477874234629,35.46469183763355,63.1969333000816,0.014746194190213934,65.46177993771757,100.87737367570807,0.02468759776703177,708.5903022721402,40.57376035179239,1.5762596122616517,141.65194455388138,2168.7580355744476,1036.0021290076188,70.51181545241394,45.23893771450369,65.8725405108073,46.866371307433674,24.303977129479332,262.3219117779272,13.05714281053102,0.014672394803685485,0.02476840646612724,118.2644335716852,5780.566631333265,28.807620837600627
13098.978622680326,701.6553773644072,260.6700744170056,38.29981007359904,54.64732327931094,8.959402957881638,363.89972268014037,126.12281372298418,0.4062073328262416,727.2844436873039,35.400144908429674,63.02574088467579,0.014927536000477455,64.98129053300428,100.87521694421447,0.02450535090634357,707.4502049529317,41.100953081055245,1.5631515234785587,141.4016878919622,2172.2390445759347,1036.3674509981954,70.73339834532442,45.09878621079251,65.66244475036514,47.04697400424025,24.696287797178762,258.9758574403248,13.063562282649302,0.014853321578691478,0.024586013605111402,118.06601393735593,5779.9453282711165,29.26103560954723
13122.043719087316,697.4969584740746,277.7081829829945,29.80379944963135,54.279971334474084,8.693238643922085,360.49858073861674,127.47107710684804,0.08670605967395208,738.4461193129513,49.93446606016777,61.28529516891197,0.012761886674367565,65.8149486696263,97.41012649159585,0.02755172406826704,711.1437480777822,41.549788494074775,1.6747381882220795,142.51444026226116,2176.3334706346395,1064.6003925877415,64.56407395808854,28.913029075555915,81.61720751280338,48.13806879116818,24.81534243649062,254.86680302563238,22.726385249961343,0.012693600573600968,0.027637788963634075,119.01059551382532,5740.800012024119,29.765507761183624
13119.891740127101,696.7997070002202,277.38959669301994,29.664347613399546,55.07385081129014,8.583488771650233,360.49417597682407,126.81962595156715,0.07180912138915041,738.3822941265198,49.85786958282333,61.11671359641711,0.012930625431444112,65.33316249534074,97.40800714879276,0.027359176521681912,710.0015975766015,42.0832641793403,1.6612259895521595,142.26342253417607,2179.8205514537085,1064.9707220672592,64.77611312439367,28.801006942276604,81.38332853253488,48.321103033272095,25.211742370145647,251.56879201082998,22.734854159739168,0.012861924054609498,0.027445101594343446,118.81155066007794,5740.180849792458,30.22636998387892
13110.254207276848,690.6649958902199,283.0725473983555,33.48024073688226,58.554152142690526,8.51361645186473,353.70785497132647,124.32328388363065,0.2914830805080421,743.3040989814908,63.290297936915685,61.110069173589,0.013232816067360445,63.476924901673904,98.53067841149065,0.023482667749021018,702.6152282888315,42.38131139949758,1.5628712806238698,141.2518186102318,2178.85416367526,1079.845906687663,63.76794873071636,22.10792689135335,68.06671327037488,49.96131687080572,26.963795469106824,247.72539030833332,33.50518287516271,0.013163181425420601,0.023561988569411666,117.98737248271732,5720.377964017204,30.885611804516895
13108.250800887845,689.9711684544436,282.7508979528047,33.33242812989588,59.37858442190404,8.405009959697473,353.7034918932272,123.6799369004398,0.26358473853139613,743.2400641928537,63.20406051029954,60.94172894264156,0.01340462982423616,63.00378950419486,98.52854691360717,0.02330493233318041,701.4799499287928,42.92008184078032,1.5498190953357611,141.00191580611934,2182.343262521363,1080.218878146678,63.97867761299398,22.009984540260774,67.85314432235754,50.147781887239915,27.376932354447682,244.47406452510828,33.515465670311734,0.013334579910590873,0.023384101457271857,117.78918550365424,5719.759904085515,31.35503228881969
13092.788876452902,687.9622224880063,290.5373740049863,32.148111245613165,59.6218777395981,8.234339147134264,351.4951186956505,124.42729931466395,0.20535419723736315,748.5723741810172,56.19001149491094,59.796799561169394,0.012643566816087498,63.549513333239865,97.31158651595943,0.024176147534231713,702.9931918612136,43.45635234494209,1.6040603499028263,141.49170311621523,2186.055974916874,1090.1257793000689,62.57459986979025,16.860203114919013,69.87801085013248,50.6913434793243,27.572702401735974,239.4770849738161,28.342524513134236,0.012575660134836549,0.024257228031712274,118.25731612609141,5701.452321657521,31.8300730555162
13090.902294933241,687.2697820175478,290.21143354954813,32.003262510778,60.45383256561318,8.127527203883007,351.4908038175656,123.7835725118956,0.18205344702063525,748.507956992895,56.108739084340165,59.630537656818724,0.012811614268337825,63.07603165371711,97.30953865434998,0.023995620923078748,701.8572856024965,44.00640372877661,1.5908261791470857,141.24164090292382,2189.550582765113,1090.5007871863875,62.7830455149246,16.7746561022445,69.66153732110176,50.87915866511017,27.99048999446779,236.28053063394884,28.352001895131433,0.012743292494276326,0.024076549641254552,118.05891142769649,5700.835252822796,32.31048544767516
13116.899904107166,693.9021120441605,271.6882234183976,29.576383480561738,59.500760117235025,8.076472511588861,361.52620745483705,122.80091333790253,0.025435497755510805,735.3044111481904,53.134205036472146,60.79803817707348,0.014311741724974516,62.37512845876684,98.06720440874993,0.025741865492910826,702.7447438266876,44.8090818771927,1.5567084435880998,140.59857817496493,2197.148218935665,1062.0801245724704,66.70212163811857,31.446190093290568,78.64996781640272,49.086056711134134,27.38749017574172,236.25143868535739,25.399370941504795,0.014239592260134158,0.025825826767204033,117.44856764591465,5746.141150791519,32.59447965967583
13115.049402267381,693.2066879699796,271.37303625998806,29.437455847481488,60.331872413953604,7.9706927671663035,361.521831439942,122.16141291484814,0.01768955458867997,735.2405674012576,53.055174265511006,60.63038914019582,0.01449049632631082,61.90605033078192,98.06514861171982,0.02555557408483921,701.6090383897733,45.367602067758476,1.5436714802446454,140.34930678286432,2200.6516780064753,1062.4502775324383,66.91732658961571,31.32931947874234,78.42029841126852,49.27087689105322,27.803877500494714,233.07655795830078,25.408342804769287,0.014417934666179551,0.025639387330937503,117.25084283042702,5745.521668273292,33.08060496003979
13121.37680958559,690.1534474819049,281.47449109649364,26.30825416248093,60.73470065529393,7.790057231737444,358.7159409518191,122.62552336553632,6.828714105530521e-06,742.0568746600379,58.57653375007525,59.51762346935401,0.013398429810610657,62.179624658749816,96.37434361410752,0.026688762274239157,702.7472195550257,45.862195133049624,1.5926052927323,140.8032004555294,2204.0689918198286,1078.8189479916978,63.92187869442879,22.939407351737085,84.52126751987039,50.09251230716986,28.161609316313875,228.98042289259274,29.52595164893715,0.01332883070756957,0.026774784577443776,117.73904422232451,5721.408927902957,33.60501474771967
13122.430881533088,689.4828345035997,281.2460898562891,26.177191377539415,61.576235330025334,7.684706184809929,358.82513474344694,121.97421821248729,0.0008317178065809358,742.2797543302127,58.49255497227982,59.36765291094679,0.013595487557016738,61.70136552849508,96.40562900699544,0.026491889835861513,701.5782345154422,46.427752392126244,1.5785381640517688,140.54423141577783,2207.6151286771296,1079.3816427317115,64.1577425037769,22.865159157747843,84.28596724127313,50.27301710366269,28.583565650943,225.86970387242798,29.53586025437453,0.013525412171142307,0.02657775666489267,117.53266022241506,5722.808765251187,34.09852315787791
13128.813913858039,691.7082596802492,270.61205820282555,26.892824290869164,62.35047816996712,7.637007279191553,362.82887311771873,120.43487840405825,0.0037499862767066193,735.0929490070282,57.79639176712017,60.13962225107052,0.014843792316990899,60.60486930621965,97.55284263687216,0.025941934353037533,699.2641276001992,47.075833620625815,1.5169579455663282,139.71312826033568,2212.095958780257,1064.5321951742433,66.88276484452904,31.16336741719844,83.22900075010209,49.67058507763762,28.863818845769885,224.27239773956305,28.880944233259804,0.014770531076074126,0.02602689147156424,116.80777434263733,5746.5777901969495,34.530881780481714
13127.149717537555,691.0139360842667,270.29749607802535,26.76035676965635,63.20119206058737,7.534155301829097,362.8244892259735,119.80157673078865,0.007694824470726977,735.0291144411905,57.71396540300109,59.97288409622639,0.015025829055395764,60.14250815942644,97.55079223827852,0.02575491909461363,698.1312393041958,47.6482632216598,1.504088860010248,139.4646433769202,2215.6113103584516,1064.902775144788,67.09826077434684,31.047024039079687,82.99273538099808,49.856501411188354,29.29123981923122,221.1793304048443,28.890511204629686,0.01495215764920955,0.02583972637645174,116.61058988057663,5745.958284141826,35.03118616891309
13132.110231195215,688.6549708032078,279.6855023807986,23.576142931571,63.25298415267051,7.354059076266994,360.7789168210493,120.54473761439638,0.062400823410237546,741.2888176573832,60.11220592974933,58.81200419666561,0.013900782662654381,60.62823680768787,95.75128911192037,0.02734058483658476,700.1005688698132,48.19117752700079,1.5673021426336586,140.05734636080638,2219.5599924137014,1079.1854138618473,64.36268703954633,23.474047677709656,90.51790305053439,50.49480487338193,29.468360094607192,217.10660547757004,30.65248867183923,0.013830118164383174,0.027428413957146396,117.1400848141553,5724.103628619323,35.5430514943466
13130.547971258658,687.962181703863,279.36570868336037,23.4521231082821,64.10981206330528,7.253136914128477,360.7745453312156,119.91114678134544,0.07633317199293453,741.2247146294137,60.028143850689254,58.647118019301274,0.014076960140018033,60.16578636223524,95.74925773448376,0.02714858532678282,698.9670029362157,48.770328203931996,1.5542208018800852,139.80855542734838,2223.0812673784285,1079.5585353992176,64.57408744608213,23.37308713937475,90.27150194131353,50.68225594746822,29.90021759051055,214.06352598122282,30.662344669597065,0.01400588569401514,0.027236266634116983,116.94261994447112,5723.485335189754,36.050609210429805
13184.591515083068,691.0254688454966,284.64626444690157,14.507281599394913,60.83907741541632,7.0098537865982085,366.6179561380889,122.55436843133081,0.8508072496946189,743.2582796754168,62.62715019517758,57.3415527453641,0.012425926374184888,61.97300143291339,91.92904408316608,0.03432222280720593,708.2813358340031,49.57057598922768,1.7244378467569788,141.34709583244992,2232.3227552356893,1084.514609649876,61.29566704990412,21.44275105950349,124.71790809153305,49.85171164756393,28.500293179489482,211.71216322053257,31.424924407288735,0.01235960468899963,0.034421827123170455,118.21038809763469,5718.042164217359,36.35909809830134
13183.057639701039,690.3314603260991,284.32372189581855,14.410038064742007,61.67938574577449,6.911336839538121,366.61351414862173,121.9156206868086,0.9003710178200485,743.1942468604927,62.541365905096114,57.178489316518075,0.012592436612517782,61.505515045898136,91.92698522960247,0.03410727623775508,707.1414872001309,50.1531152286298,1.7107262162882726,141.09710872298047,2235.8543884432006,1084.8883864389459,61.50227397791072,21.346295037532393,124.42875738790715,50.03797220864957,28.924993903755638,208.7072571299522,31.43488289504023,0.012525706273764156,0.034206748370289676,118.01201382525633,5717.424230488058,36.8682673464764
13168.605178542794,686.0648916927598,302.42547377563704,12.553340419781886,61.5872933286502,6.6948598662998835,361.2128270984804,123.85894780474976,1.1083762624771953,755.2940559801717,54.79447551870919,55.106000946575904,0.010831272473627496,62.89349530432149,89.41303109300657,0.03627870235506415,710.8134014755836,50.6842442930311,1.8354906983509383,142.30761595192214,2239.314655271002,1108.9330159284973,57.75604452360639,10.768528766938072,131.1111238492215,51.197698207781066,29.07009270551952,202.6734770912936,25.958955650853987,0.010769595113740886,0.0363821254828179,119.12282672321992,5676.533731682778,37.42294493614573
13167.193732118623,685.3733792824073,302.0930078583593,12.462893748213789,62.43273537611393,6.598589755099175,361.2084179753142,123.21680492625606,1.1648478839684384,755.2295067860665,54.71423669709322,54.946150047212946,0.010986768401628037,62.42254334524752,89.41100060952296,0.036057704868679354,709.6715163926118,51.27327193505766,1.821343577923337,142.05678051521525,2242.8518127178654,1109.310976823021,57.95660240927161,10.700205913665506,130.81465037978626,51.38645419225684,29.499002267835067,199.733647035492,25.968006791841304,0.010924681784760495,0.036160997771503944,118.92368799914725,5675.91804495275,37.939483771179916
13181.064135889268,693.7391849659508,260.14767922554864,17.465993154358898,64.98854693974228,6.764535231254852,373.9733180007377,117.43002655912595,0.8015779661093663,727.2897255870331,59.000350699443246,58.90411204200857,0.01584357057107412,58.33292933848148,95.21356378465714,0.0309144186536638,698.9646310000393,52.07489252788832,1.525364563644314,138.72457400188557,2247.2559751996478,1052.0290222066462,68.39557052910875,40.677832520454054,112.90662831128101,49.11786581768914,30.295887477994352,202.68604858501266,28.865182937933277,0.015768557219125054,0.031009073350576094,115.98307025653955,5769.086066507579,38.33044433167929
13179.70005228118,693.0438147244147,259.839333037117,17.359277269119108,65.85694218863787,6.667763651840664,373.9688316731703,116.80479295182373,0.8497070421422709,727.2263843792432,58.917088241508196,58.73884023286055,0.016031518575595316,57.87940632086319,95.2114684734348,0.030710439050082895,697.8323069733191,52.67192302351823,1.5124702768738878,138.4769178834617,2250.799396564204,1052.3971588593356,68.61380557694157,40.54493952867262,112.63151810044896,49.30275164775078,30.73371378795139,199.74612702122752,28.87472725641536,0.015956100380792856,0.030804951982005144,115.78657454199919,5768.465380741919,38.85318730097367
13199.211673045478,689.0148060103201,280.75821307720963,11.793961570145434,64.66113480818936,6.4041637673879075,369.85660537019146,119.38749162957352,1.6376198171558058,740.9890235403545,63.698029472933165,56.35941736213663,0.013242506451647068,59.6290214182504,91.1363713675342,0.03530104592661298,704.1875536340702,53.23119477634465,1.6808719208919791,140.18090599568262,2255.6836251734644,1082.99589823649,62.26620675566058,22.964110452292644,134.6909641907044,50.38944301165379,30.477292028996594,194.74810282836486,32.19325945310628,0.013174361574646052,0.03540334061505837,117.27283711715886,5721.430757932513,39.39566907213408
13197.94873622767,688.3218081515466,280.43788156966735,11.706298251238131,65.52734707667524,6.3100145647975765,369.8521438038627,118.75706155984903,1.7061111344667435,740.9250885521701,63.61151461646089,56.197757423069135,0.01341438290372094,59.17047791783574,91.13432140963313,0.03508305113147722,703.051005197197,53.83479850519824,1.667334950539737,139.9319527437742,2259.2336819677366,1083.3694132453018,62.47444156935727,22.86428750219399,134.3904682671567,50.57670450497556,30.91642248751405,191.86653779826116,32.20333893791284,0.013345832597659915,0.03518521223634414,117.0752514154319,5720.8126411271915,39.92560149778615
13120.660123608339,684.3736608837032,272.8071750747461,21.233886619242316,70.79920045763384,6.365268635178012,364.0342919894881,114.96830844608138,0.4003053652785713,737.7546228225063,52.19138517924152,57.179250818506176,0.015789143460458274,56.59263825516719,95.41572470579443,0.02697277576426051,691.3227306951658,54.2438980505211,1.4689286964216974,137.8398866759065,2257.003295498709,1074.7229585769614,67.42270101902129,26.135337130598437,93.61166394915934,51.65480308184468,33.253809368627834,187.82061651141058,25.14729106349462,0.01571428350753931,0.027061809928478113,115.38664675937774,5728.768324772526,40.655974493363274
13119.563667144235,683.6830015440808,272.49141332224906,21.116204876924,71.70546041496317,6.271406831706739,364.02986567974256,114.34967181441493,0.43452299931269844,737.690827527344,52.11307618484841,57.016418488370896,0.015976769312769465,56.14594491291796,95.41362717131858,0.026782265538550027,690.1966161428551,54.85320028503548,1.456275701998154,137.593021861734,2260.554390199615,1075.0950443448635,67.6393796433878,26.02883721517291,93.36117651015343,51.84439904888532,33.712436574845604,184.99095909253853,25.156199591135348,0.01590150459393213,0.026871144489462186,115.19065713359795,5728.1498117251795,41.19428862110888
13166.926777389752,684.3422476066797,276.9179697736156,14.957569072664175,70.29051108962133,6.093931781303297,366.93716751309404,115.28247329517595,1.1859494058131657,739.8068308498774,62.94416907284696,56.261871669606684,0.01484463299202523,56.70784163972673,92.9407148561094,0.030739616576954412,694.5303744915601,55.55190249402819,1.5386730304447251,138.31585030252737,2267.107082285748,1082.6945229733126,64.71202911354007,23.33143822901561,115.55862293321411,51.663400517362824,33.21023854771965,183.055357893335,32.54532484861592,0.014772412049362952,0.03083536571723576,115.76767733912679,5720.936584148876,41.64725858785487
13165.901644568012,683.6516317677157,276.59976266815744,14.858818659634707,71.19359141254513,6.002093463060124,366.9327588718352,114.66288459820139,1.2443314579998819,739.7427919328344,62.858148960805146,56.10060243825681,0.015026674869455503,56.26062182761846,92.9387135142495,0.030536011322019965,693.4013288765493,56.17358447068702,1.5257119669298667,138.06861165067258,2270.665858649166,1083.06825059212,64.924001984188,23.230785166394583,115.28019640319488,51.85300626673104,33.668598662332194,180.26196828378366,32.555480575216976,0.0149540501515378,0.03063161368883071,115.57137311121366,5720.318461792959,42.19652619292719
13160.744797673875,683.0346070066134,274.02297384553594,15.665815879706567,72.5582025813308,5.932828467500771,366.98040588841997,113.55804212358323,1.166172307246138,738.2937075254284,62.71185264541545,56.211818963502076,0.01559595637801677,55.48025449049911,93.51437941874715,0.0295094793574425,690.9808743309677,56.78264577599134,1.4862711587637996,137.53867612747987,2273.7736433964146,1080.5425001511167,65.8941754327035,24.613145896574967,111.21220526829543,52.02256318146408,34.31526674823085,177.67568455280195,32.61552911819471,0.015521945652870468,0.029603513893719624,115.13408596495579,5724.179169891661,42.757068639447915
13162.620235954557,682.3674624778027,273.7976167515335,15.56471628610334,73.47774055338061,5.840935196087338,367.09085028135485,112.93131226834701,1.2235034871023118,738.5160213788217,62.62495905266249,56.06607549617077,0.01580850418579686,55.02854494496038,93.5451971475894,0.029302445744968802,689.8217210574262,57.4117493708065,1.4726828144182051,137.28272818366432,2277.375395495035,1081.1056441418168,66.13364703879003,24.536234528037905,110.94227320446625,52.20650941519574,34.78088555109022,174.93679369157493,32.62594320105349,0.01573402727112877,0.02939632061227538,114.92999884918594,5725.5793460709265,43.31350672133881
13158.685112990119,694.1730976326355,255.38495047195218,14.040694089816746,68.7733682555209,5.73701513765162,381.6007148591536,115.73351786895324,2.238607968613916,724.6167465916359,21.060901079311996,55.83579844522046,0.016753789307524886,57.20765234289984,92.93331174488988,0.0357528748305695,700.0268625565602,58.69753228602732,1.5932942130352648,138.17488119786196,2289.9088901418095,1038.3691664220607,72.69118384514894,46.014003668145094,129.42094853135012,48.98383262782586,32.15665203502132,172.03976803348368,4.433730386437683,0.016677363833740997,0.0358578709695741,115.79423222749243,5777.57369284437,43.3650235862918
13157.773203599636,693.477537747699,255.07936915520176,13.9450232492243,69.66668069360485,5.647917208188809,381.59621899144315,115.11271664836504,2.318556984580787,724.5533685382646,21.01115572783478,55.67514146234987,0.016947148761432027,56.758462112306844,92.93131048273956,0.03553326704280922,698.8933563193956,59.336525000293875,1.5801046217657375,137.92776862515507,2293.4855112243167,1038.735164586316,72.91583496566976,45.87260790952552,129.12628516310673,49.16846043987712,32.6077079874764,169.33205839888106,4.437479332868646,0.01687032364590083,0.0356381244792718,115.59790547710313,5776.952518244647,43.92546743750615
13145.86647818051,682.9622889615939,267.2517544225683,16.056020033527872,75.44784474575243,5.587954601914934,369.9563524508502,111.48208335647924,1.414694920940006,734.3827337552841,49.48162854032745,55.740571494483326,0.01688107563613671,54.04433272310198,93.94931031327793,0.02926803795052666,687.802004349345,59.442505830929676,1.4400384553344079,136.54651570937725,2289.5996814607133,1070.3268077082594,68.92555321307191,29.48145357165897,109.62735271936796,52.03580734225172,35.676932648342266,166.68417150464333,22.974430689081,0.016804214826351745,0.029362502121197252,114.43384705923363,5738.123118254578,44.8963715136859
13145.12848687834,682.2723699544453,266.93915199337124,15.953701949532377,76.38336508619422,5.500026331453645,369.951925709387,110.87280676574075,1.4783945745066125,734.3189300346759,49.40536354312645,55.58005166760458,0.017075166117849854,53.60776298691107,93.9472981413511,0.029069374192148296,686.6784431756892,60.08552978176953,1.4275005906446867,136.30086419364557,2293.1760611519344,1070.6983948190618,69.14431269113956,29.368296290928782,109.35617006495438,52.226094610202836,36.15195298448321,164.01910903302272,22.982963566717203,0.016997904985184522,0.0291636839443673,114.23867745936923,5737.504068104672,45.46659349256559
13120.566569323322,676.5760844855537,289.3575435619833,14.229190746684237,76.44887069049221,5.290344352347478,362.30213195122474,113.13111738742559,1.6373334929363226,749.7614550805163,40.66900304560115,53.10395556761177,0.014565438665077866,55.1959966952866,91.0425519742538,0.03097202576478561,690.6286794590278,60.61473321704612,1.5614861272346063,137.73515247185847,2295.993065998577,1101.2699871106745,64.27955374476448,13.70787769589894,113.93933019193186,53.82139349176688,36.43645963671856,157.88249359313735,17.179456772197845,0.014494337823595386,0.0310702325012837,115.56411212711423,5685.001686946444,46.11441967225781
13120.053508583902,675.8934056003717,289.02983210934474,14.133052393483615,77.39462920880644,5.205097665893709,362.29765415472775,112.5199921207569,1.7059805509114412,749.692029932473,40.59957828239726,52.94748587659531,0.014745316177944844,54.756313527267665,91.04096519188082,0.030766384954411908,689.5147855029168,61.26399436978623,1.5456392913491044,137.4608408165665,2299.6152257273357,1101.6601552361249,64.49033635538822,13.630100998166453,113.6635366533107,54.01377756249975,36.91861668400422,155.29416118594108,17.186666932359692,0.014673815508882993,0.03086443801191218,115.42262961933581,5684.373598626175,46.69237645307884
13199.259343120435,683.6377747443224,279.5122502621256,7.334838479082444,73.15606266875685,5.051900756791616,374.9165979228619,114.11976285361433,4.171399921568379,741.376085800682,43.263926679527984,52.90070751418361,0.014382586054769357,55.81062423676538,88.47471230402597,0.03873451587080095,698.2102130301757,62.32964278046244,1.6613226049838856,138.32969326732726,2311.1429819750874,1084.7298202282316,64.34135327897545,21.735825960651837,155.81497825306013,51.844006408804134,34.89488478714398,155.31755718587073,17.74841379179374,0.01431240445221492,0.03884539644120815,116.0648795105822,5714.346834568425,46.91401644173134
13198.646336582067,682.9474869207961,279.192630539599,7.265740371474607,74.07723598344555,4.968319225337132,374.91210594086675,113.50341651820047,4.280294313299382,741.3121341158104,43.19263166367391,52.74409016485344,0.014561685043050877,55.36703403725768,88.47269250285859,0.038506149630252735,697.0785004954599,62.98265790756526,1.6478647450686847,138.08239003533325,2314.7363984433246,1085.1036340983144,64.55302670348352,21.63871226526751,155.49176363708023,52.033948970650236,35.364654057176345,152.7453366376566,17.755898026858794,0.014491104747491282,0.038616894314654954,115.86831447925601,5713.72910054905,47.492147399314646
13158.121975817006,673.1817972933129,285.7563198226193,12.435855048221454,81.10035858843756,4.968551974011606,362.94471222123394,109.28660756618339,2.1287462018710266,747.7993227872295,61.81448924407276,53.18351007380391,0.015596932581007476,52.36360475409945,91.27342786169547,0.02951443279268131,683.4827521869793,63.12629455116174,1.4532351333984357,136.15028535247856,2309.7121477264636,1105.399836828096,64.116538917419,14.088914759818147,116.75692738480673,54.787310888723844,38.87909444844881,149.41548505210568,32.719407049322086,0.015523500623192023,0.029610581317422363,114.28308797661668,5686.919068797068,48.5040398799934
13157.700482807053,672.4968099921638,285.43314878429874,12.345833378864894,82.07010752491901,4.885665682667071,362.940292540598,108.68347191641325,2.206737082829104,747.7350946571289,61.7292635387486,53.026474341248154,0.015783416277404323,51.93395931393103,91.27137636293838,0.029315133125990902,682.3630438293279,63.78345876935241,1.440650057315197,135.90493888216216,2313.3044521081465,1105.777195181692,64.32784251944138,14.010749555740178,116.47716280863985,54.98256590177159,39.37487031201063,146.89281607157668,32.7295685604631,0.015709585113948887,0.02941112361782425,114.0880382249435,5686.3028191032645,49.09185654632178
13154.370152839365,679.3682307382821,265.09346104333343,13.066125423737265,81.32960446924483,4.868213895839411,372.5458008845655,107.78915751662582,2.5488278122143457,733.5573252483954,45.58431755751532,54.1198970413968,0.017913846121278856,51.38869476692593,92.82000640438314,0.030153885520117284,682.5679657859451,64.78436700852889,1.3988638817019254,135.17398730985872,2320.60148316406,1071.4701777596208,70.14360213746396,29.336194026465755,118.52334199550963,53.02830507431837,38.72657919681222,146.00859092871258,20.33659935812939,0.017835153890106627,0.0302514308507954,113.36532296396999,5735.293475280891,49.43547984853581
13154.006646089305,678.6787596365258,264.7818630478679,12.97342751576266,82.3066285044739,4.786295432691672,372.539428558724,107.18958037512708,2.6344040824744246,733.4934730037096,45.51080473257016,53.96159280783329,0.01811426714905357,50.9626314740887,92.81819220758923,0.029951416665395313,681.4482699300836,65.45005858059183,1.3864891532056964,134.92914143722228,2324.2075199859264,1071.842739819506,70.36540688830222,29.223199546997396,118.24030669010209,53.220777214689186,39.22447090713151,143.516132257361,20.3447767424072,0.01803517727863181,0.030048803422600308,113.17072814893481,5734.674454357594,50.02894338529455
13117.794468587583,673.932950704931,275.81222966878664,14.576290157780152,84.24300870083943,4.674000266168434,366.11861810096684,107.31128117436496,2.139043956450164,741.8214348519149,38.3018828369564,52.77436419773722,0.01732536638682298,51.074422000789184,92.35743826122068,0.028646031392674097,680.0859065079043,65.98108738610645,1.404846177906698,135.11964158476036,2325.5480774442603,1087.9218945292125,68.87070645031649,19.931501902813128,108.77357660408637,54.56328490250399,40.26233593730334,138.79665038316088,15.887588318654755,0.017248035655981323,0.02874160241733179,113.42170134885298,5705.247162934991,50.7495802599894
13117.562436945214,673.2475812499434,275.4947330709324,14.478815223996977,85.23131271210741,4.593618882321002,366.11417913756094,106.71362871397005,2.217221554451711,741.757463961433,38.23480253350639,52.61793412435568,0.017521881709913065,50.65010937972337,92.35537461602313,0.028449690610805087,678.9689851810632,66.65290888727057,1.3924728602706906,134.87522592192124,2329.1526708550623,1088.2962579658117,69.08969761006075,19.83851090904103,108.50355176893103,54.758140661966024,40.76682639224308,136.3656639666226,15.894669394432288,0.017444154254605646,0.028545098226508265,113.22738837690126,5704.629920972579,51.35080923591023
13117.645254051587,672.6181903154538,270.1349114400606,15.78198693751104,87.38069214994987,4.555343969787086,366.44663025605166,104.89027076339316,1.9970592709214685,738.4967675282264,42.39527270824753,53.1487223549132,0.01862498206409341,49.37108695050759,93.53897654961274,0.026593586012528647,674.7800212279641,67.2906610842043,1.3192801986222944,133.95499783193634,2331.739551030992,1083.3526394434157,70.62809133433512,22.785184921107106,102.05620012701245,54.93806732307154,41.78009087998473,134.6818146513488,18.929716315056556,0.018544754745060642,0.026685691385901593,112.44098843896646,5714.121504782871,52.00008425185607
13117.59470468287,671.9388203056512,269.81868591832216,15.681197745353343,88.38540683215612,4.4761518019532165,366.44397066367947,104.30254208238678,2.072541848353541,738.4282602033599,42.32472305348003,52.991835128880155,0.01882758895750048,48.95580036380878,93.53704353417132,0.026404205110900716,673.6800366292589,67.96906744603339,1.3047541535065497,133.68480642259536,2335.3847558014886,1083.7383107055634,70.84854873289856,22.685048378150345,101.79636655443603,55.132060326130606,42.29304116418846,132.29091016760555,18.937108367012065,0.01874696912430304,0.02649614141024596,112.30175155068721,5713.491997528138,52.60868636901834
13139.546656488606,668.3322743008335,274.23141001359164,14.750258291886984,90.71167933713771,4.392508544007056,363.5477926493853,102.87073701108463,2.1192986357871155,741.7323354693441,59.77591664405448,52.90882837730496,0.018678065395995522,47.88049864571688,93.35075145066615,0.025261942314692216,670.1535447428516,68.47157129199441,1.2658974564209347,133.19368654535543,2337.139862094153,1096.4056340126883,68.80413674329922,18.35274334159733,101.556877006242,56.177663122596734,43.60200195273896,130.41214774980497,32.06162104615475,0.018597803755982526,0.02535177087750711,111.87270264856129,5700.029484217772,53.35490356323128
13142.343558807806,667.6710189409324,274.0056277570636,14.65171690938377,91.7457302218332,4.313605921403846,363.6558474937949,102.27368952243498,2.1966222708207463,741.9549263395961,59.69070411425131,52.76754218790755,0.018911219824651538,47.460502487259745,93.3817975897303,0.02506948310819113,669.0112713213585,69.16220285823559,1.2533328351506765,132.94143755080876,2340.7967333358397,1096.973947953743,69.0496273443993,18.286215461156388,101.29786111132262,56.36919312862039,44.129931635724525,128.06827285652614,32.072154836729624,0.018830498801943412,0.025159127361890785,111.67120019102838,5701.426548594006,53.97632570764876
13138.474914684792,668.2496055408429,285.8253698591573,10.793992536217171,88.73572584524875,4.12248774282062,364.38270345327277,105.45752329212658,3.381078257766547,749.2497760973232,41.18928562510394,50.70384579039689,0.016693587926774847,49.68589068052906,90.00873005498596,0.030255055504101947,677.7519350152673,70.05578204465256,1.4253549538779375,134.71612003555973,2348.3560709454714,1107.304209724427,66.34298240131226,12.641507696234896,120.95937172911815,56.196465469780854,42.79824941916612,123.74417841207537,18.017021854439285,0.016618162998403036,0.03035470878653918,113.24429102342611,5678.62339099507,54.4180466739071
13138.547643723923,667.5671601546558,285.50208404268045,10.710129219937457,89.75004544196734,4.047013485691635,364.3783101844249,104.86496104593535,3.4791720078963455,749.1853297688004,41.11970644442292,50.55075529072705,0.01688660066634777,49.26733111369639,90.00676053426541,0.030053064056539562,676.6366160776001,70.75370656454008,1.41288131489226,134.47212128846152,2351.9780312184603,1107.6821605346152,66.55760768208748,12.567447076221764,120.67450934090601,56.394207108698744,43.31837297882308,121.44939630299567,18.02457833990489,0.01681078101026998,0.03015255366529874,113.05013891541199,5678.007558821812,55.04564842399176
13188.755086998699,675.5117004393778,255.11823495785157,10.44346091144016,90.22474949493333,4.084759475783976,377.4908486955174,101.60225780602696,4.1871511194677185,727.7881685824714,51.07635227976816,53.164816336935964,0.020499491054254297,46.99076853961069,92.7933430642056,0.029522863697960162,672.3540268637936,71.73782370589954,1.2676275686960317,132.54699511874242,2358.9340315438576,1065.5819776629642,73.16275684323965,35.01114951239691,125.6020742892871,54.10672952204556,43.26115907723874,123.48219592007341,24.44058026349828,0.020415816108741044,0.029621011412437066,111.28635089496706,5749.955372730581,55.44756459575454
13188.853886533647,674.8255559460456,254.81281330002125,10.360973228773833,91.24751996437323,4.0096329749147515,377.48637710382235,101.02064310623284,4.296234373115752,727.7246519844863,50.99886760075105,53.00805186723608,0.0207133172188625,46.58374358799663,92.7913433097014,0.02932333549936551,671.243160077347,72.44405648225431,1.2558658752098124,132.30496960398304,2362.564136910595,1065.952740295274,73.38813491951183,34.88782607282047,125.31179334216857,54.30076295417052,43.784079451294225,121.18985564758728,24.44938117526374,0.02062925147761895,0.02942131846641045,111.0938852271479,5749.3356846382585,56.08105829062674
13184.757647911416,669.4158083008198,276.492427673146,7.840604120267925,91.02687284828609,3.823761037096518,370.7741133772088,103.05388060744954,5.018114650625073,742.6713688764967,49.80509896986991,50.71836654865492,0.017806482940125472,47.93813069865161,89.53801902500051,0.03192095869366438,675.4557128490734,73.02237651206191,1.3834472673599696,133.72459783979343,2365.908673278793,1097.8158061345046,67.57276092910772,17.705230529253814,136.560019673553,55.854687366887205,44.01101368241386,116.57734368080544,23.750664218020166,0.01772887883890742,0.03202401199828483,112.37612134499851,5698.0285469552455,56.79459858350149
13184.991612029227,668.7314346729025,276.17412443513535,7.768828689369845,92.06041673868668,3.751194575556832,370.7677916871715,102.46753949172286,5.137888422686215,742.606965931544,49.728239942651086,50.5653595554047,0.01800641103275613,47.5265851459047,89.53630472900379,0.031712423913473085,674.3415521212889,73.73486222881,1.3711310872307498,133.48112009472436,2369.549467976109,1098.193186738397,67.79015062268773,17.61744307359102,136.2560873123432,56.05221145329936,44.54172164726384,114.35135757715909,23.759519500399584,0.017928413923088242,0.03181531472757618,112.1823864887251,5697.41150821886,57.43576930700102
13095.311260415965,651.4483309062388,299.64400014393124,18.016077764665738,103.2672879550494,3.7402458235125495,347.2020106512319,98.48311567550579,1.4173224566672693,761.8826215744073,59.05722197753958,49.816615670373125,0.018203308517121607,44.81643766709726,92.7487211053962,0.020170459483940178,657.1952900354607,73.54194509772216,1.1859947707413956,131.67388318754143,2358.9401276689964,1143.7116735221448,65.47584068453725,3.4939077615141176,78.56772401946509,61.222914822276856,50.23492729987096,108.42952363559372,33.73692619364061,0.01812428364908924,0.020251831231509837,110.82392731336125,5626.624677394179,58.83521775442025
13095.810887155978,650.7745214325381,299.31298952684216,17.90768447052275,104.3612866990651,3.668372255746704,347.1977222048169,97.91051113035358,1.4810805869772377,761.8176342014534,58.973901077961806,49.66487150915845,0.018404835597995946,44.418961783306486,92.74672183176791,0.020005594500887385,656.0970225172204,74.2569815771772,1.1746189915677003,131.4326564884016,2362.5702377245157,1144.0957869482615,65.68905984889963,3.4550240495188476,78.33817481551084,61.4293029156413,50.798299530843344,106.28211826934091,33.74726615337107,0.018325416354600322,0.020086771506160794,110.63186210734524,5626.011671345604,59.48772254428824
13166.088535543624,662.3174159486304,275.8118375079527,10.76107840223688,99.1712548788004,3.591121930810369,365.0184016333474,98.43263500299891,3.877866157996059,743.9158527006502,60.394174151866665,50.73202085210823,0.01959525728540365,44.72950729280352,91.57205202564224,0.026185423557658166,663.3641378940362,75.58238237898664,1.2223868210327666,131.58535676000736,2375.6523186766854,1105.9540653710574,68.92705909954334,15.295414358228072,113.11698150304302,57.93472027084175,48.10002327229462,107.71776137904068,32.8265754697969,0.019513709675118163,0.02627879605026651,110.62522353273818,5688.144559775232,59.62277730864716
13166.548256393367,661.6379799978178,275.49434113587813,10.677349004611477,100.24331050802233,3.5207076380031426,365.01396934470444,97.86027560341721,3.9828844513778594,743.8517915659279,60.309933594073314,50.578649798286065,0.01980421459877855,44.332481099092895,91.5699971736075,0.025997719445248296,662.2610389838734,76.30130510804335,1.210846791878812,131.34416028876802,2379.295520923496,1106.3315183052348,69.14613976335073,15.213966507097263,112.84161498015357,58.135500534032914,48.651289076399465,105.57744794757642,32.83675360743678,0.019722276587336888,0.026090914152981416,110.43332199371646,5687.528243684474,60.27430185823114
13132.952285465337,655.1668893975454,299.17424609704835,10.385031669804329,101.0030114136516,3.3613924484233246,355.8753579979919,99.82936517586509,3.8069814208826442,760.3019609934286,47.152747762623015,48.163704015867786,0.017209078704413603,45.69534923238831,89.09611614851178,0.026856276801161254,665.1042397416559,76.86152240865421,1.322450483754734,132.64271783499225,2381.2201516591354,1138.4066853934482,64.64405476579721,4.366407458482626,111.44349744404143,60.07887785178516,49.29127594501471,100.22891837812602,23.453542942423276,0.017132911780577624,0.026951763346051812,111.66542275852413,5632.057152054529,61.06506454030933
13133.572284376656,654.4898134225352,298.84321808705533,10.302407642136277,102.09147763652919,3.293381070969024,355.86912987681137,99.25238219758947,3.9114104663621125,760.2369551551442,47.077980440643906,48.01437132366454,0.017405528762733394,45.293630888757995,89.09433871673326,0.026665218515194548,663.9989665080228,77.58646147363609,1.3104192496081848,132.40017633348214,2384.8729650756077,1138.7907074547848,64.85699385380289,4.3228813443563725,111.16905080560257,60.283734992329464,49.85278625974262,98.16568565031136,23.46232459932792,0.017328968849229406,0.02676052477755506,111.47229304675372,5631.443727825789,61.72445273766315
13170.26518076791,662.9304235778602,259.4964440455986,12.223946338067446,104.27688559304623,3.3817674668319815,369.6868937862564,94.50515625048045,3.950862455168622,733.366661483385,60.14231288350851,51.53191068966691,0.02265492203232603,42.06378814630276,93.74398772766192,0.023852245629708797,655.6117636651499,78.58962525700665,1.0893793874579856,129.51091139237926,2390.6590914501758,1085.5915091473155,73.97957782111308,25.27846461803403,105.30929659455984,57.747740579181325,50.478485460076065,100.70688132213408,32.82829612954527,0.02256720415149591,0.023941606298926985,108.94860803195328,5720.347151658659,62.19434183122172
13170.905146274154,662.2506731932657,259.188484159458,12.134696354250263,105.37611795144456,3.313446805621559,369.6824332436607,93.94434851800985,4.056857991551404,733.3030561936945,60.05824822440025,51.37733435518188,0.022879559803094068,41.67880112337802,93.74190864947532,0.023673114398871188,654.5151320443878,79.32267707839131,1.078486799171434,129.2716245827606,2394.3137780642414,1085.9654714504813,74.20653980769234,25.17372690080635,105.04360919489935,57.94819685983847,51.043178020977,98.63774686860309,32.83847453391323,0.022791454658722076,0.023762289199203333,108.75816689082095,5719.729093391584,62.859730604131364
13148.758466714891,655.8895863627049,286.1154561796741,9.887827519732692,104.9272423194334,3.126734536418339,360.95038129892646,96.69836535983785,4.534600439432317,751.8938646332476,49.51539353296396,48.51897878115938,0.0192292659498463,43.53077168350096,90.0306311102971,0.026210847080168746,659.9366202362999,79.92631688296444,1.2302905585906287,131.08848460549748,2397.410199190173,1123.2178004678024,67.86431130770414,8.725542346956336,113.01289846347754,59.854893405499794,51.19428029871647,93.44580053535654,25.14556650945089,0.019148871608649753,0.02630563055675321,110.42139945975202,5656.943417811455,63.629916262670804
13149.536293643796,655.2134562813341,285.7920820682446,9.807574043919299,106.0298882374212,3.061053940179943,360.9459737778207,96.13107790774652,4.648106671887926,751.8294609002883,49.43911927251073,48.36899277783143,0.01943626785937427,43.13911364196943,90.02859362629177,0.026023051704721186,658.8363759895287,80.66556206654337,1.2187131933251203,130.84774415832572,2401.070040527659,1123.5981877286129,68.08169781460988,8.664051940135293,112.73765873432129,60.058970996267355,51.76295139585317,91.45304927919399,25.15447473164841,0.01935548479235313,0.026117652584421606,110.22967486578308,5656.328794428229,64.30292018937297
13216.805317750495,656.748801619551,290.91901620066784,4.8701267321341914,103.2336851751289,2.920840318350567,365.2161416612347,97.54343740952368,7.337841084599907,754.0214681510184,60.24736010087003,47.505847799133925,0.0178224539413409,43.99779501565128,86.94835191502736,0.0313833374198157,665.0623690173664,81.58256343478368,1.3250762020892939,131.8738667456526,2409.0672730107985,1131.4388284041863,64.5824099332743,7.158718474123524,144.86081026196584,59.59474747643212,50.64238077219903,90.21827642590208,32.46685094413049,0.017745552084983626,0.031487913642333075,111.05660083753361,5649.4493872685125,64.8160061015642
13220.42365311125,656.0932760567276,290.6865407216605,4.813578320996216,104.3365183974055,2.8565695156302215,365.32440893528735,96.96217538196893,7.4811448724545295,754.2460517315311,60.16183057403988,47.371744438724846,0.018050115300187373,43.59528883056907,86.9782480296467,0.031168987845597643,663.9247582906519,82.33009176448125,1.3122302883365047,131.6228202601644,2412.7802303047606,1132.0158788938927,64.82056531304195,7.117210012940133,144.5515446100547,59.792018077417204,51.211174950650474,88.2705643221317,32.47742983319265,0.01797276270762472,0.031273382725319175,110.85582634384126,5650.840271728817,65.49519706165346
13182.855268333531,657.5601152686437,297.6771966114964,4.50366902455967,101.81681138830348,2.7343486792419753,365.93419479334074,99.84312037251453,8.223459406004492,758.7091698739114,27.503338196446602,45.61333866846861,0.016779981206986917,45.6736232373163,85.0877494624343,0.0350313353862845,671.2261011924352,83.36337916028587,1.456752727511861,133.05227845014576,2419.793554274086,1131.4086085325835,65.15774554774809,5.448879691508979,152.05455136626543,59.34079312907991,49.912368698427926,84.04263064579266,9.274973927875791,0.01670564939155092,0.03514326172468714,112.18327539538808,5638.1998055119675,65.95577487203543
13183.749847402369,656.8775182443069,297.3439217996271,4.449481091444512,102.90032242757478,2.671899593947215,365.9345581626291,99.26053980589892,8.376725305048147,758.644339708792,27.44641631508087,45.465580860482426,0.016974386236897863,45.268210517593474,85.08506809769712,0.034814272893920646,670.1037877302289,84.12465193227102,1.4440649205122633,132.8074597923445,2423.505628050253,1131.7925270079106,65.3717825117894,5.399847413394082,151.73449967805087,59.54567930806006,50.47227593998918,82.12602357693788,9.28015804102556,0.01689966535919074,0.034926034836830135,111.9882996679531,5637.578441138766,66.6465244034339
13174.70873368315,660.9307848574458,253.07161231257734,10.790457056688671,111.00195636682744,2.8434867486237083,373.8414280573751,91.08990323430338,5.438243919038096,729.8446873130595,46.232495373130995,50.188554797896785,0.0245604085692411,39.75869351558399,93.32408412050242,0.02435509501692585,650.4500447974947,84.79756039435219,1.0438741692104767,128.0265454717347,2422.84446783912,1077.840662303899,77.31930157250908,29.14203275663645,109.94683367443548,58.33024863632612,53.87555639986991,84.67345559621305,22.47058673189259,0.02446956601293515,0.02444691889630807,107.79375987200787,5730.249209534541,67.45037427135809
13175.730056072867,660.2520878654925,252.7674185739333,10.706607502671629,112.13607939743943,2.7808635624021467,373.8369781329602,90.53924285587509,5.562462287112434,729.7810810366611,46.15877777971043,50.036244785310714,0.024794405274205962,39.384368815201334,93.32207865522095,0.024173900275234184,649.357430314333,85.56524019344441,1.0332034209694378,127.78868474034986,2426.5234008873863,1078.2135513192247,77.55098848263168,29.029529381214942,109.67525591666515,58.53170616500436,54.45893004166547,82.77706429299631,22.479025533838932,0.02470317974843593,0.02426553411369008,107.60433975096285,5729.630584275239,68.14889308753764
13223.852355210527,660.8126507475798,266.39812165114915,4.954260704683355,107.91552228842525,2.6038010325137972,376.0576548915128,93.58714807605983,8.82867200625532,737.9523381541012,46.03198991015329,48.056140322835276,0.02148633471272911,41.353469008277706,88.70208611581683,0.03116244982964166,659.3366479991372,86.53413460710732,1.2104088488365639,129.7523020530931,2435.2783276120763,1095.6152844773226,71.98110282360146,20.190597711506896,146.44619180504623,58.363822680258224,52.728240969510296,80.33907959378509,21.59122363101562,0.02140206924995332,0.031267645514356325,109.27753546427198,5703.205637374865,68.64264415042443
13224.930432163452,660.1340144287291,266.086019011459,4.8974974783642296,109.03380724577914,2.5438903034226104,376.0531917964092,93.02897914648767,8.986751764403278,737.8883795531542,45.95843240698608,47.907103593800855,0.02170523397478941,40.971693200443106,88.70013094306296,0.030957446711125432,658.2365919304546,87.30961762705182,1.1989162984134563,129.5128428022363,2438.966685010789,1095.9912353033794,72.20465485197876,20.096971891645293,146.13273497981564,58.56533812864312,53.305386336050226,78.4921418149584,21.599495678863473,0.02162058592000977,0.031062467901855968,109.08681554847702,5702.588473664084,69.34729368960258
13211.432181259317,657.4081445717715,270.2208518368473,5.42666847409603,111.06002824245485,2.481097946554716,372.95790567375167,92.45870724026202,8.518404993138718,741.2276658610464,45.082819845734534,47.46758823900902,0.02160636330355796,40.58870280794649,88.72162458667174,0.029791178067668452,656.1801699684335,87.97863122029915,1.1858279894006853,129.30327830987238,2441.211285337222,1103.4979811801047,71.70933590077124,16.65788298735331,139.7326264501709,59.38281409166536,54.37069369505732,76.0879964847699,21.293086021164264,0.02152191175766753,0.029894353877991556,108.94861042823696,5690.032655506974,70.13628156153014
13212.596892005098,656.7256264510021,269.9033230470315,5.367170393269916,112.1915257868784,2.4216281898521346,372.9582725137047,91.89811647015665,8.6743826477983,741.1635869440925,45.00993431474302,47.3168546495788,0.021826886396065587,40.20657523904107,88.7188865630613,0.02959103372173876,655.0705117502573,88.76064607795291,1.1743833646090673,129.0619350111364,2444.939744529333,1103.877135062359,71.93386723244453,16.572068960314912,139.425823559232,59.58777273827668,54.955004219638646,74.26488322476536,21.30094048960531,0.021742050784035682,0.02969403106179506,108.7564674332396,5689.408441439726,70.8485297000329
13219.149387346637,650.759195402005,289.5200745617822,4.147326941148564,113.27648349794995,2.2991509871463363,365.7407890221685,92.84072759291908,9.11880647665272,754.7084104251743,49.68015846486409,45.614405019748574,0.019459581374104987,40.784095213911144,86.38529603635139,0.030570684265753024,656.456597420026,89.32021807182194,1.248701752998075,129.92505090971673,2447.0888336695944,1134.871028982561,66.75305382001217,6.283567585742781,144.9072665341853,61.41015966230825,55.846179670276776,71.04773441804804,25.05048336536905,0.01937972438633178,0.030675892441941684,109.552617810407,5642.693789862264,71.71909828701713
13219.960223682983,650.1422520750451,289.20970113288547,4.10553746505074,114.12271597818551,2.239253266598491,365.81711112476853,92.30847668396608,9.255055991900289,754.6541402630496,49.6185606864833,45.464907515244526,0.019640808921341155,40.421983844969574,86.37280498025876,0.030411738529867244,655.3900422088386,90.1093212332837,1.238159492554773,129.70149590557895,2450.5530929089878,1135.2076427222262,66.93475563213939,6.234458612879836,144.65068042441237,61.5995449354006,56.2810234775722,69.27682707597455,25.051468690596316,0.019560622491061764,0.03051682086873061,109.37561438275428,5642.086550711562,72.43691426900237
13163.772403563575,644.410484581033,296.4367889935978,7.335667988376464,117.71024347487024,2.1891369591008725,357.7809562378525,90.97679514568922,6.7068150999897505,760.9915378261193,43.34463107220474,45.00328467732776,0.01991213696288061,39.58369477153581,87.73404457829825,0.025970964371243764,649.1591069801259,90.59641901004326,1.1769140151609958,129.03904553477003,2448.149844759628,1147.5453411511762,67.18435585117953,3.126617723513213,117.53554137489722,63.38552821423453,58.01231029575419,65.96551565543713,21.35612686321642,0.01983115361055037,0.026067894071212253,108.91015471677744,5618.921058799691,73.4126590629591
13162.846573965067,643.9953290825874,296.1764472272056,7.327859402519739,117.49705308014556,2.1182378873460275,358.1387061683217,90.53291495394377,6.749958042206164,760.9741527591519,43.336060292673565,44.839474826266084,0.01999852781859725,39.286323414929676,87.68377041139023,0.02596856562270891,648.2081175313184,91.38912029556455,1.1705744327733785,128.87280105233913,2450.79130368035,1147.7200103446469,67.24792303448476,3.0996738535399593,117.48042784511011,63.5157670823008,57.884185100541245,64.14149187172463,21.33116428496875,0.01991740445361769,0.026065553659351526,108.78285938317,5618.33856009504,74.12435647695327
13207.519446209111,645.731339660255,296.1655551852654,4.53829586306944,114.73281247798302,2.0182047812472126,362.4175563547839,90.97515890864797,8.703284546866524,760.1766632509276,51.485502475116355,44.52865118651163,0.019285949885393734,39.52020594475691,86.0228036536179,0.029281216590068736,651.3302598354788,92.3293024053955,1.2206756123308735,129.29806127068179,2456.440395133163,1148.4153983544813,65.57423807893257,3.3478698530156183,138.10955884780395,62.97129790650699,56.61533365505111,63.0762530394413,26.76955016407974,0.01920656828080638,0.029384501187305283,109.1065972255041,5621.08994191455,74.71152038770228
13206.628032511087,645.3101753300364,295.9019880871794,4.532078604029776,114.5193853533041,1.9492595607754561,362.78236175439326,90.52552401081776,8.753112617489935,760.1593092347288,51.476064452696754,44.363178083885636,0.019371929024461484,39.21921525265277,85.972251841623,0.02927895804376009,650.3654852564121,93.1296355030969,1.214148267801125,129.12935043180553,2459.1220381388653,1148.5920240661465,65.63837777067359,3.319636697804511,138.04919939713957,63.102853119213044,56.48700693517711,61.26929643795591,26.74119775161904,0.019292405692633265,0.029382305763579926,108.97747491685344,5620.499614420046,75.42946361834159
13258.979902783558,642.8549877336225,313.77966359880594,1.873216460020499,111.47547373004541,1.8028951162747204,361.02212643041463,92.5266500374901,11.138566311151877,771.2150046901788,59.35608162166359,42.649463991642726,0.01659756898234283,40.47345157468165,82.3602604453767,0.03403289021321177,656.2354898012713,93.9208245779831,1.3495080618542983,130.58752827970085,2463.7339382642563,1174.6386131802935,59.947849818550786,0.332345934946312,164.68009440632093,63.87833985800823,55.32657042504676,58.87456571631659,32.313993393643926,0.016524385629318367,0.03414504301322051,110.31241493963046,5584.080443684731,76.1382408117962
13258.210643243941,642.4403336759171,313.5118128484868,1.8692715842765886,111.26800877857245,1.7386078674782977,361.38149274807796,92.07900030052153,11.194145249145588,771.1975032331518,59.346051911037414,42.4899995271591,0.016676450612697593,40.172750389270924,82.3115504975286,0.03403014427115698,655.2793292126979,94.72790740034893,1.3427189212144706,130.4202889753462,2466.3837889017213,1174.8153322158357,60.0078968739722,0.32360071228528986,164.61485619030506,64.00908377896121,55.201447877892086,57.152071743504926,32.283285695693245,0.016603125920314234,0.034142364434716174,110.18430249990953,5583.499753752378,76.86299779601329
13193.040261349603,643.4719343462449,291.83081722420474,5.638232717880889,115.42588413689828,1.7757836870218073,363.03032061263235,88.22059291403629,8.034237413947995,758.3032506238167,53.384541909146115,44.327748169112084,0.020427574662063356,37.694241386136774,86.94765871553568,0.027323512581709074,644.4822325195764,95.48817597466969,1.1408532723623592,128.01927044473055,2465.6183445432616,1145.9601144819226,66.98446182029262,3.910565157403223,128.3088054637039,63.68018326717511,56.802917495638496,56.2357328843299,28.39009862898598,0.020345870068078833,0.027423282210830263,108.15004849776959,5624.000476784878,77.6872160167642
13195.109838628485,643.0792259188653,291.6666168721421,5.6313664505104875,115.21734297530479,1.7112922653151348,363.5049756970993,87.77309456090926,8.079991347589603,758.5760460164433,53.374076987277974,44.17889163319439,0.020544682411829315,37.396346108745476,86.92925347445001,0.027313762146723916,643.5028056892249,96.30271731682112,1.1338655235453519,127.84460825235179,2468.308507916948,1146.3300924184018,67.07368845082523,3.8909628192352574,128.25466715005436,63.8037410671657,56.67577987605107,54.55982630295264,28.361546804916653,0.02046277734704352,0.027413581669334632,108.01513144646304,5625.418453910113,78.41918857199356
13229.492657546754,645.1785554634912,288.31872912973705,3.8901413342818874,113.05832783493977,1.6364200523906878,368.0745239369668,87.77905157387752,9.658563930991392,755.7464586039855,59.259224925758694,44.145793713600966,0.02041864122781214,37.362022371041874,86.01392585365684,0.029727394704916803,645.2999859115538,97.27330672726852,1.1569914436628468,127.95872017423603,2473.5443853175784,1141.8689253296598,66.658878508119,5.178732688955129,143.72157690645608,63.14277330591111,55.624887849463796,53.61873491664383,32.27730314619581,0.020337187238586577,0.02983172335980638,108.07862133911766,5634.840062616577,79.02671769410506
13228.824452616847,644.7575714720615,288.0586778220043,3.8843853005875513,112.84646460887487,1.5743972221512883,368.44216471864246,87.33739536960599,9.71105160266366,755.7291552303726,59.249099393497005,43.98103417932282,0.02050710641632156,37.0693814764169,85.96337665065853,0.029725119015819056,644.3396895097385,98.0947426944266,1.1506368809632375,127.79088569621288,2476.2353456145534,1142.0450469190919,66.72354635122736,5.143603587903294,143.6600031949949,63.27450742063732,55.49768921518621,51.95376662687598,32.246169615317434,0.020425512212937275,0.02982951129205549,107.95010893005362,5634.249013524531,79.76505453933524
13247.782016451272,645.0772849521567,309.2027559544097,1.2946818251635122,106.41130989055767,1.4109363346983756,368.6166453576681,92.02429668320062,13.067898057546172,768.6466552009939,37.119721864007644,41.15895707395337,0.016656618285854238,40.199129103451135,80.92933667039493,0.03839009632188723,657.3755679374639,99.21176911090319,1.4111319030325375,130.59323816949222,2484.26049591984,1162.8103244619474,61.63055300372299,0.9448115991179593,179.698002230139,63.16981198448452,52.551873890586585,48.492549976278255,15.37640304672388,0.01658368399210859,0.03851043850141147,110.42570682068936,5594.3206035528265,80.23942303872059
13247.269600517138,644.6619415303328,308.93678751381344,1.2914005902958863,106.20870177401633,1.3541293025952736,368.9798062914997,91.57777032772225,13.128065986413045,768.6290249622097,37.11177587763828,41.002520774033606,0.016735742990775484,39.8993906938752,80.8811159727157,0.03838695103406217,656.418264989028,100.04802891497572,1.4041791882015435,130.4260459426716,2486.9210926105334,1162.9864256913193,61.691135638330714,0.9300196704284331,179.62972640595913,63.29982255235681,52.42997150085002,46.93047351492359,15.355237323530726,0.01666266829435485,0.03850736496392668,110.2975372554369,5593.739349524859,80.98956546929091
13204.89247086888,643.1512497787013,281.78655812846245,5.551090142955978,114.17279389801544,1.4288091222372423,368.7831474080324,84.79434776004584,8.54347954151275,752.5191468268457,58.2814189899681,44.12319103260009,0.022035281102337156,35.422485389374266,87.48468352466112,0.027056804975316363,637.5557227659748,100.51307411391528,1.0643533552019133,126.50169557148655,2482.379475856435,1135.7051245465468,69.04473763704436,6.6778525003145655,129.19544633831364,63.77886670416156,55.958740208298565,47.31126638766989,31.80754612515096,0.02195058414558961,0.02715626914316256,106.89981003584904,5642.275490885902,82.08266735383532
13204.421911153162,642.7365269747322,281.5326572956807,5.544293610922932,113.96292338888617,1.3716397411643144,369.1463903312835,84.36574275186864,8.59214240424537,752.5017025257457,58.271462294792705,43.961214185744275,0.02212627469135294,35.14115248359327,87.43454760526322,0.027054164468164964,636.6129668842143,101.3547889549204,1.058316200443876,126.33714413472028,2485.0390653572686,1135.8791612850837,69.10886000107132,6.638430548498737,129.1375552745974,63.90950219869137,55.83294622293974,45.76849010235276,31.777101096486568,0.02204144061049987,0.027153688174802532,106.7737038990705,5641.691750835399,82.8413569955362
13194.732571277591,642.9509254130119,297.0042987730004,3.580018538629025,109.1051864237556,1.245750715501372,368.82004051266017,87.91658609793325,10.423337804639807,762.3016257549768,34.02836773180863,41.6707845719576,0.019212316347307412,37.5231780805606,83.85751169325536,0.032782395686181395,646.1986191435026,102.44237696359487,1.2457208245284608,128.42925704012222,2491.5635400431115,1149.2846999683575,66.01954954430528,2.6268067871125136,149.26299130964836,63.836617714428236,53.5441040837915,42.585131207105746,13.722990848784653,0.019133716080291546,0.03289323276703329,108.6530259178482,5611.405787943882,83.37971816489664
13194.35154869639,642.5306957428702,296.7402814435481,3.5744934888735598,108.89715039134131,1.1917089982428097,369.18808872200543,87.47449078903966,10.477837383932439,762.2840902050729,34.02068101517826,41.51093021426869,0.019298242032987613,37.22984762068991,83.80766559545633,0.03277979444025842,645.2373448983478,103.29222324221223,1.2391172787839329,128.261164471081,2494.2640143067074,1149.4616650826715,66.08359494041562,2.6017936318777557,149.20012543457145,63.96906661296585,53.419349442442744,41.10275727498472,13.7027068901993,0.019219501371414757,0.03289069843266015,108.52418095105641,5610.815937261532,84.14435712974273
13232.482147097515,638.6737238940364,300.98137264087234,3.0034028327610804,110.75810216610526,1.1410382493445255,366.43504311503204,85.70569276787218,10.514685460054851,765.389665409238,59.07998390018287,41.66146976498123,0.0191607725275328,35.96584746240534,83.73727550114792,0.031191522605319346,640.5754511457025,103.84645154713249,1.1835370552703952,127.59935389917923,2494.423624802627,1164.3141800937858,63.501549753968966,1.2711826287569379,149.61508495888512,65.20332689929957,54.531539688427635,40.274864533691485,32.08218236888081,0.01908232517832182,0.03129931101916361,107.92662783449542,5597.855808027553,85.12934476449489
13232.1940429257,638.2604474646827,300.7189647016111,2.998404131316915,110.55139534957392,1.0900114283712663,366.79712806232556,85.27478774419836,10.568663560742438,765.3720725626636,59.069959221464366,41.50408048478629,0.019245630058832557,35.68236073486702,83.68822527582586,0.03118868750711183,639.6304644349208,104.70198084544462,1.177170386704078,127.43408986413634,2497.0896567445293,1164.490395157386,63.563044880937355,1.254015710933911,149.55278624795426,65.33541242601078,54.40736112958744,38.8524183915544,32.051606155391916,0.019167044206334246,0.03129654015188173,107.79991731552558,5597.274370368649,85.90195424168094
13250.698463073008,643.3834128664419,291.86569609569784,1.8533148152645833,106.90965211738617,1.0324527273799866,374.85106185698316,85.94148373857855,12.726877775722695,758.6504107972723,50.45087165349618,41.4962877170581,0.019485125267927207,36.133112306031826,82.87726066919957,0.03509710115358767,643.776464738325,105.92903830191261,1.2245442949421852,127.75644083439644,2504.474264712674,1147.3973625628753,65.09665533482826,3.721935943483089,168.93388781252102,63.70129736784716,52.477900924488765,37.98129586987179,24.688187388024367,0.019406270184972797,0.03521197881733794,108.05139388629652,5620.849305127952,86.35739236063209
13250.551907362606,642.9738294635135,291.60519900427704,1.8496096425407536,106.70462192483546,0.9840170444083997,375.2190827950683,85.51282346216696,12.786058804301229,758.6281520466317,50.44163604358737,41.33929681899381,0.019569549979583437,35.850570991230775,82.82859832082833,0.03509384371410686,642.8413973567465,106.79304519227891,1.2156199366332254,127.56486454327039,2507.1827729598344,1147.5847387570348,65.1576634954035,3.6922359036904657,168.86989802527427,63.830206921295364,52.3550478109173,36.602217118891986,24.66098114558363,0.019490560115748047,0.03520879027923177,107.97778949152692,5620.254985660351,87.13558393739974
13204.070211611897,638.9346428111081,295.93832703574503,3.581573945898532,109.18629900123506,0.9491261799231536,369.5963985693191,84.4313667481546,10.460923961254013,762.6946453590027,44.41019380521781,41.01932541369745,0.01991375067014174,35.1856507006458,83.92142000745373,0.031462316922057046,637.9946590043455,107.42672809790128,1.166445104994633,127.00126499567375,2506.17334137878,1155.0387340129712,65.69460810394968,2.1212412995310466,146.12361938473595,65.11436167330646,53.52004076653179,34.48031406981446,20.964226446809292,0.01983388500492499,0.03157102592052839,107.57430274498999,5605.147485518396,88.11616449199455
13203.911531625261,638.5157012061811,295.6748610883291,3.5760509996560854,108.97809705003738,0.9020337742498142,369.96479841810617,83.99822499355956,10.515545387280477,762.6772626249888,44.40142827211803,40.86051281213361,0.020001116465272698,34.90167798644413,83.87148954959817,0.03145997576749088,637.039815776615,108.28988317568236,1.1600645981907762,126.83405981648096,2508.881987182849,1155.2158683056641,65.75880662268337,2.0987800222993176,146.06153320471205,65.24813556838052,53.39527333024901,33.147754976407064,20.939136834851332,0.019921111396022602,0.031568750279133355,107.44609060937307,5604.557995779582,88.89571070465044
13273.457488653114,641.2070975122328,292.51552004219315,1.3825047333542837,106.05243646905042,0.8397984543237348,376.26457895748683,84.11058499553498,13.548760131926935,759.5240745321641,59.67498727892144,40.8787873167266,0.01952543671916938,34.89121963799755,82.25903263455906,0.03555345121734538,640.0281277489781,109.34364146871432,1.1987438433306048,127.10094320711457,2515.2593652000246,1152.7476616954664,64.14304107900946,3.083750997840806,174.50751873519224,64.39080166607489,52.057224826111955,32.83745865084044,31.40627198624955,0.019446698246905862,0.03566930871003706,107.60172676205553,5614.984130132666,89.50750306208171
13273.37449742421,640.7929753420675,292.2569062894033,1.3791160178102355,105.85008316777139,0.7961077156069436,376.63145125306283,83.68380453810066,13.610050884203897,759.5067062356889,59.66493065966513,40.72267131617756,0.019610985505030355,34.612064437765994,82.21035263469133,0.03555064460116951,639.0838526868201,110.21433618633475,1.1923456576164957,126.93595230664913,2517.9367739461095,1152.9227263517694,64.20515315835257,3.0569928700175977,174.44036196156281,64.52206871617669,51.93585754966116,31.554288153585084,31.375998763473895,0.019532109861564312,0.035666570996032626,107.47519861536112,5614.401835534559,90.29317416318113
13248.266129478803,634.6447718313066,301.7621496487866,1.4321970190758133,104.71514751414165,0.7379888169546965,374.19779623624413,84.79005746356957,13.521357158167913,765.315467034164,46.46310380212885,39.60960063415978,0.018451458992568292,35.35380501886933,81.12324750300996,0.036743042017667454,641.595693502064,111.1187160346112,1.2566800254720953,127.70546172848975,2521.752080614452,1162.9304954438269,63.027207174447796,1.204257845603533,174.34266439709842,63.567224477024816,51.399438265258986,29.501142563960684,21.696222017289635,0.018375068037893398,0.036861398843003976,108.21466112341497,5594.085592526857,91.09147109046131
13251.050104156067,634.2547667095752,301.59517831949813,1.4287374630131184,104.51652195128726,0.6966257911940651,374.6796942847227,84.35135723459554,13.580694069194632,765.5895207141436,46.45334085789641,39.46889575260303,0.018562766633440555,35.06532473457063,81.10546944096163,0.036731734985825826,640.6184633207928,111.9972622554527,1.2493455978341337,127.53101381192847,2524.4726862790085,1163.3032025709472,63.11375894503013,1.1933908361839343,174.27955633497217,63.69067269529649,51.27850230081026,28.290792894365865,21.671263042375116,0.01848617733658251,0.036850152082476544,108.07970376346584,5595.49979364753,91.883937705779
13238.871208337538,632.7299083803775,306.824686013296,2.572947822925658,108.42325348407587,0.6671013821370323,367.5239124251044,82.16845762040205,11.258935069604421,771.0326633010802,58.91151406846947,39.47106082763132,0.01898317320189867,33.63665176272437,82.27805079848336,0.03190473530078783,632.5966802589288,112.45178314229925,1.1584743186292108,126.43419143563295,2520.906661110056,1178.2268003729366,62.153155316779966,0.19483263275847645,152.08198653552762,67.12283615530087,53.27795492995813,26.78636550579117,31.81396515505215,0.018905528722261186,0.032014650949053085,107.17309976606242,5575.8597038842845,93.03176677305461
13238.960393030004,632.3130062565834,306.5564168440734,2.5682670323437446,108.21578066300204,0.6277175186250793,367.89127819118784,81.74116728313498,11.315598943410171,771.015185808045,58.90141828759226,39.315277160970936,0.019068475516701124,33.35901295689411,82.22861170581743,0.031902377742897246,631.645886521316,113.33485530124075,1.1521156794194964,126.26736009121893,2523.623254908503,1178.4057037988564,62.21559989184586,0.1880670653579807,152.01864705011877,67.25865648143102,53.15347015700881,25.613409914771896,31.78305594564183,0.018990691531753808,0.03201235937488604,107.04512701146166,5575.271756291627,93.83271436433554
13264.670622427904,636.9734339761069,297.3882503550239,1.480005168795388,105.05551763262774,0.5863795939453852,375.69071757979543,82.03191440598515,13.511652433920803,764.144314828955,55.72986336850055,39.45491049286391,0.019406452841951773,33.542876627818636,81.55568683657637,0.03540915283429828,634.8227664025395,114.56702511440189,1.1834762889296486,126.41813010847203,2530.588156265904,1162.5467432225864,63.478358545625234,1.514064289715554,171.2097600681187,65.74294985775593,51.490859189687455,25.057110741442855,28.510420504914904,0.019328183147619946,0.03552536258363091,107.13784953702903,5598.792373270646,94.3553865678125
13264.840109796458,636.5606814423705,297.12749102734574,1.4764989231141157,104.85411811746685,0.5499672515135082,376.0573100684562,81.61044731731019,13.572859291065983,764.1268937859642,55.72014486952904,39.30154010487741,0.019491740856729427,33.26917937230482,81.50721543054674,0.035406351919537546,633.8823405038743,115.45823316523528,1.1771190330581875,126.25358313191512,2533.273708943453,1162.7225503560471,63.5401480466398,1.495332301658262,171.14324093046204,65.87558729356539,51.37015432332838,23.93783236096997,28.48157706290057,0.019413334385728905,0.035522630399441105,107.01159450027887,5598.210918872962,95.16200791068107
13240.018169799054,632.2316087888717,306.8497654240883,2.1277168978962253,106.18786896045107,0.5096817426350714,370.2892826957805,81.35065436201252,12.194891275377072,771.3733077436968,52.208765885416675,38.53428739652103,0.018867522842449795,33.115872783296204,81.3682175279501,0.03363009426292463,631.5676843094172,116.13278715056873,1.176467804474163,126.24974131835461,2533.2245123483003,1177.7981313327007,62.20068828496091,0.1645510393660832,158.81652922349022,67.28237435183905,52.08535241547972,22.155015806195703,26.40765635949545,0.018790355317999455,0.03374351537165523,107.0807366537428,5573.0692825818005,96.1597058470803
13240.303252979757,631.8204222795172,306.5848111259264,2.1235098901823184,105.98547377389248,0.47577187609952104,370.6532664351727,80.93085401806513,12.253017043230527,771.3556462621726,52.19934219918779,38.38292598410055,0.018951729231018906,32.843872425648605,81.31986623686255,0.033627150422758455,630.6293677806403,117.03741101282574,1.1701202040763288,126.08535388570085,2535.9111938930755,1177.9753637960423,62.26155042637768,0.15841195147970533,158.7523431885031,67.41654811103835,51.96399263200482,21.103313019941027,26.379916382400324,0.018874424444843673,0.03374063834521681,106.95452381405724,5572.4891336469445,96.9807357421488
13248.517899959692,632.7233586324214,298.44098221159874,2.271043495691225,106.3812024611556,0.4556700212489111,373.40379149212214,79.49761325407756,12.233373404254852,766.1013675539148,59.07436406927529,38.96201633600954,0.020070382575326177,31.90860044085415,82.22879292059741,0.03266538805504934,627.5444880602795,117.95663612214146,1.1127585204610737,125.29230603843956,2538.5961931583906,1168.8010321135257,63.74790011846071,0.8825109698011132,156.85714377702493,67.12141426969633,52.065993059635524,20.576968312484272,31.470948578230143,0.01999077247168321,0.03277700392614056,106.25307201866997,5588.664859528526,97.78599547367558
13248.849234807158,632.3064852539516,298.17632695205566,2.2666433867625804,106.17578106534953,0.4232225412698156,373.7741191499886,79.07724560158051,12.292409726338569,766.0837883545443,59.06423602124349,38.80744993650345,0.020158204003851803,31.638149000988626,82.1794333354579,0.0326627914555794,626.5971954077338,118.86843839714825,1.106517813551448,125.12627971076245,2541.3220294961343,1168.9794933926487,63.810834278287004,0.8680379084199604,156.79269834090587,67.25722634654309,51.94297343653719,19.550538963293516,31.440227405442123,0.020078455881280502,0.03277447407337436,106.12565840126375,5588.076205313103,98.61391594393268
13228.711532979316,632.5026529591544,310.66719907372317,1.6608750965525263,102.42380925366251,0.36349657314632605,373.1062439151019,81.93690098789553,13.481464076244862,774.0636858317757,32.247867347572864,36.94482023912829,0.01804169613224897,33.548445705544225,79.63217177196718,0.03724995434074821,634.1399595062405,120.02088060398404,1.258123088897913,126.77351512885255,2547.0306895525305,1177.7057169748725,62.197034802228785,0.035763347434878,169.1703358771213,67.18708458202727,50.11186227970054,17.48373364199105,12.090390682461807,0.01796656849526829,0.0373704164165989,107.71249537645413,5563.8699733485955,99.23371271906869
13229.175328111722,632.0913783049755,310.40060140319844,1.6571584048348085,102.22503532696713,0.3349503755806536,373.47160918794157,81.51558877847937,13.542575585989612,774.04599357723,32.24046116755028,36.79661649036659,0.018124041130190102,33.274670971270396,79.58433914263404,0.03724685611163724,633.1997334022511,120.94049394048412,1.2515586062825395,126.60878694013043,2549.724680473727,1177.8829424851851,62.25789515662615,0.03293247687065724,169.10409040978496,67.32116334200256,49.99282518418123,16.550887717426804,12.071623166306397,0.018048776213901278,0.037367388714654906,107.5859106572035,5563.290303441752,100.06773493231766
13258.054701490395,636.6412535722319,287.4635888207314,1.5757189313671485,102.55669368690498,0.33339969049673296,382.47878220221594,78.71546899681368,14.257741016679857,758.5461757127422,47.69063750820195,38.59091456591352,0.020880023506390528,31.432473232528736,81.68478560641087,0.03597335542304289,628.1328694986356,122.01104326064409,1.1248999841265084,124.94575175170566,2553.8486295233015,1149.7720570393806,66.18168312066312,3.3131025017189626,171.84212010907677,65.84377739001935,49.94503631217264,16.976364211757424,22.212692937722345,0.02079910267361651,0.03609113519018836,106.05961377799245,5612.991143763369,100.77253914807642
13258.549084617718,636.2286353642933,287.2071425534892,1.572098828232561,102.35779079496851,0.30608549394036794,382.84870693739975,78.30253277191302,14.320585373998892,758.5286616936559,47.68163082763449,38.439441870105796,0.02096860218553868,31.16749086082183,81.63634033582294,0.03597031074781821,627.1971089406475,122.93823518435562,1.1186932492071466,124.78221575006535,2556.5462227454623,1149.9471682361152,66.24446225087071,3.285352229340495,171.77535351761307,65.97650969992317,49.82619764123628,16.05734019727804,22.187252096641718,0.020887546462697075,0.03608815976340771,105.93400434108872,5612.4089205767195,101.61298963571735
13259.473259360817,625.3573946460972,331.7070528248416,0.9300201617714798,101.66449506330737,0.23459621575066486,367.13504850685325,81.58032720851436,14.226929438056143,788.3573320163893,39.17891902727047,34.99923201980566,0.015930446157492735,33.25618745367279,77.12654288034567,0.03860105228847568,632.6636782309445,123.41843240024875,1.3186848174786054,127.1954463201157,2556.106682703313,1212.0559450100177,57.00811354163463,2.1327529990818164,176.7208210071672,69.55206631640252,49.997167854355546,13.328135470318232,16.844231512637997,0.015860174476430587,0.03872434121292669,108.17072663085163,5514.307761042265,102.78942002717268
13260.107080853237,624.942955325922,331.4280339330856,0.9272051618287873,101.46368148757252,0.21148368230144568,367.50225523072584,81.1544814154324,14.290589016924027,788.3394992974881,39.17067103574189,34.85274475921624,0.016008698019506433,32.98007209323519,77.0787394179151,0.03859822961061896,631.7125282029427,124.35106541669126,1.3118903797389108,127.02816339134226,2558.8419013759512,1212.2376784062765,57.06762875406081,2.1554052247735918,176.65241622595425,69.69031435891176,49.87661853682749,12.50461643043618,16.821758071831027,0.01593828596583753,0.03872159139898581,108.04216803161742,5513.723036060889,103.63821332260939
13229.549925170793,629.2562357023977,309.1372338884855,1.8318298434830609,101.97031814292642,0.21176960942186146,374.3479824838318,79.01293412276915,13.428632308924154,774.1794346199895,34.79728890066893,36.17582650007592,0.01870731149021195,31.65178421997541,79.66264628807616,0.03627178929043902,627.1191565867151,125.49423280229175,1.1981999651851107,125.56647074871697,2562.3607881364874,1180.2727367008354,62.54407599571092,0.009580576725212292,164.85887553148564,68.25198539127281,49.77008967185191,12.287954353240771,13.755860968226811,0.018630967264400833,0.036390962738345495,106.76448168426917,5559.1893843033695,104.33213409259872
13230.238342448121,628.8459915288206,308.87137239784727,1.8279288130400648,101.77189937615523,0.19012026484477493,374.71391943716014,78.59930533796783,13.489651051401749,774.1618995586007,34.789609578630774,36.028973958901176,0.018791050810026088,31.385930219957153,79.61474081922728,0.0362689544624186,626.1844562864567,126.42689355825301,1.1918032330277775,125.40247915334209,2565.063142907962,1180.4498790275966,62.60540920931286,0.00814416540863785,164.79360190939056,68.387128874589,49.651420051170525,11.507973757244065,13.735828205674206,0.018714570291105178,0.03638819746806034,106.63844689937889,5558.609990063934,105.18024002979432
13223.45093813937,624.2489346257661,325.5570958999085,1.8529890384584722,101.735785047975,0.15749176029471582,368.38939118348077,79.49598657623031,13.008820643375408,785.5307008238893,29.50431995467624,34.66298354834666,0.017105781178184766,31.9689543607188,78.17189855814601,0.03661514078570426,627.1141562910304,127.18658577725111,1.2558805288878587,126.13374946196646,2566.117616233835,1203.3735177357432,59.60675063097127,1.3191802136325292,162.0110791424001,69.91877975474773,49.7818469625332,10.080028654703813,10.588791756950608,0.017032936538599847,0.036735424093363146,107.35171282519416,5521.031383274054,106.18703759160621
13224.25038826137,623.8403262362369,325.2842636237533,1.849065530617494,101.53759470664322,0.1389021743209589,368.7524048132954,79.08109368366098,13.068879105069048,785.5130376772348,29.497248790516725,34.519237580689634,0.017185859947156552,31.701768869728,78.12444350757653,0.03661229257167763,626.1794597185565,128.12550257151906,1.2493314355234693,125.96938772611261,2568.8219507986214,1203.5523851484038,59.66662665368132,1.3367778559907744,161.9463718053562,70.05556265525551,49.66316331753046,9.37479488416464,10.571216647425048,0.017112877865997137,0.036732645766218916,107.22533180210156,5520.453980977172,107.04263428845938
13237.625558702337,619.2666972215528,337.9557599904875,1.7639617781521524,102.43876083780367,0.11546218481458446,363.5271788903773,78.8735595079687,12.653021329699428,794.3534353100941,34.98963240621539,33.76982823858622,0.016180012324148226,31.53582578399938,77.31811586240208,0.03587781737532194,624.563498763652,128.81076326888015,1.2615889201248651,126.10837018019755,2569.2665360740875,1224.7449067799878,56.88561223282308,4.579731875591622,159.1690202947198,71.60669684485993,50.27452013768029,8.425761044089903,14.392664936021283,0.0161092630918924,0.03599704981083661,107.38634187493957,5493.364192241073,108.11994974885256
13238.508763176938,618.854255097603,337.674207079853,1.7600864611289149,102.23709786525136,0.09942719769464725,363.89254218953954,78.45493512370683,12.713086653211601,794.3356954710573,34.981851969468295,33.62574544659623,0.01625877243486036,31.267015177779182,77.27019031688425,0.03587531732783696,623.6187635332157,129.7557665852734,1.2549529434233975,125.94175400787014,2572.009056030294,1224.9273075693966,56.945352791320985,4.61288294089927,159.10422164855726,71.74697804004578,50.15359712770462,7.7736733982211135,14.371877628998279,0.016187883276749478,0.035994619882703346,107.25824183202467,5492.780610348515,108.98327410848347
13272.213132664649,626.5664823443893,310.16359842479005,1.0189328830898985,100.22316143229907,0.09529392374558442,377.29446788720674,76.62170985482598,15.060391443469149,775.614215077611,45.463544557184804,35.26205033413009,0.018676482949040677,30.066252161776674,78.55054600176601,0.0376499719672292,622.4351906010442,131.13503139119447,1.1760550165265056,124.76221191222726,2579.319851098985,1187.7517931620505,61.113536740111904,0.016286709718010665,176.40560804349283,69.14429664854669,48.9128147852183,8.168357614497104,20.779844950925906,0.018600526387716556,0.03777184185136384,106.12509798725587,5553.3532949209775,109.50051593243586
13273.131074343028,626.15711604646,309.8972958625073,1.0160239705112115,100.02645069210564,0.08096337798702001,377.6618418078993,76.21439640142965,15.125007144511919,775.5966637748577,45.454766774575965,35.11706624989706,0.018760153318759503,29.807156637347383,78.50297614170698,0.0376470837841971,621.5039887952187,132.0883843100565,1.1697177512330703,124.59874651911576,2582.0311315781473,1187.9294958320295,61.17416464732758,0.018293856780359018,176.33808699603787,69.28032024562928,48.795172240798195,7.534786017960357,20.755221574984333,0.018684061164071637,0.0377690246035678,105.9994412748766,5552.774204896097,110.36933260206742
13300.011771453768,627.5671904756111,303.3651459467253,0.6731207363830132,99.42283265508807,0.06966227606470332,381.4948017769122,75.2928256688894,16.179635332794746,771.0604158373561,54.60422670764507,35.496286608324674,0.01936534052139763,29.192118872825016,78.62201905940488,0.038286792063465046,620.3080655117876,133.12624620986347,1.142130357462259,124.14155364059967,2585.8887859729202,1180.9815579165947,61.673290119603806,0.10500974481257502,184.27987349799375,68.81173436362315,48.4689891035022,7.269289738911475,27.06080895649043,0.01928808878902633,0.03840966095760503,105.57005148078908,5566.84892349287,111.17982950958955
13300.989985146542,627.1574973491137,303.1017787179944,0.6707568159222022,99.22690928929099,0.05749426895475609,381.86421448675566,74.88906450031648,16.24660650938807,771.0429161344971,54.59460686118875,35.3508212809067,0.019450538246590463,28.936825754986888,78.57442755910742,0.03828387955669822,619.3784568195729,134.0867968758597,1.1358852882267816,123.97849548593189,2588.6035158545947,1181.1587534254215,61.73419497796395,0.10011951565499762,184.21086178180624,68.94743061201518,48.35188183056131,6.672326235454178,27.032708540024203,0.019373151759585556,0.03840682002277734,105.44472389619628,5566.26913023115,112.05526985810063
13336.880041797769,620.9908596170683,334.74343902923493,0.07497412332119849,97.07166292571077,0.0314598958345606,373.56215026065195,77.64642209844112,17.94411782669627,791.4830831234726,50.86001763720914,32.858842190962555,0.01555525728282303,30.644958185884786,74.49909409992922,0.04285419102552046,625.7290402389899,134.85523254743075,1.3154866445981057,126.03308305870296,2591.2111811390946,1224.5607460307408,54.62347413802283,3.6553629321110517,203.51192752729403,71.02013123452589,47.68975008955762,5.391905523508842,24.38663731312995,0.015486465176201235,0.04298540592516709,107.30111260029486,5500.004956619227,113.06205182671415
13337.987731128705,620.5778699753741,334.4631457344195,0.07417639126939297,96.87544005263977,0.02337583894297785,373.93255641783344,77.23098416709543,18.01560302190566,791.4652150869488,50.8506201221388,32.716909600091746,0.01563258330827062,30.379927552417612,74.45211207396014,0.04285121690338578,624.7831193265944,135.8300409077244,1.3087004616957716,125.86656648565916,2593.965112933137,1224.7434144595761,54.68173162660968,3.6849999754431297,203.43852003365748,71.15982996760815,47.57201706220568,4.872890721702751,24.359594964196514,0.015563652056162032,0.04298250876704713,107.1730719566434,5499.4209904691825,113.95216378099497
13350.294773404275,627.2742032992272,317.95293462315976,7.727761798995195e-05,93.56541223406079,0.01750406056059056,384.45097610537704,77.34498061310181,20.63609635943525,779.9709069291333,42.16182654707006,33.16989828221815,0.01663068948154536,30.47617848713402,74.4299710191746,0.04681451818903435,627.8948323768825,137.30754311044933,1.3254683249275483,125.79317500748718,2601.931398546702,1196.859037292654,57.703112547937394,0.3535234652859496,223.3295248469751,68.90493328364326,45.72093409394511,4.699707884146979,17.447172792963517,0.016559726605336514,0.04695211732203069,107.06911368739024,5537.960253228547,114.41712002547021
13351.466430997967,626.8646323070656,317.6832282913365,0.00010472559895183093,93.3754326798056,0.011695366300567436,384.82185311451076,76.93565966666507,20.71168805657365,779.9531472938152,42.15335804492717,33.029477846917715,0.016709752650074388,30.21526672982537,74.38372741682892,0.04681104489210733,626.9592492096162,138.29103352039385,1.318730212853678,125.62908518420308,2604.6542612456788,1197.0376980679966,57.76173356028225,0.3626656946920542,223.25340942715414,69.04071444834058,45.607234874684174,4.222218296781724,17.42462638186296,0.016638653902974476,0.046948723588880824,106.94290769973033,5537.381934629584,115.31254882890586
13327.07689577854,615.4195572002977,338.0681906434839,0.3790430644343018,99.16384380553839,0.007595342729063183,369.52374973536183,74.85122726139947,16.00397364873152,795.0819738044419,58.73024272930247,32.41316404019352,0.016102723791216644,28.863762457014662,75.27490525998026,0.03884630810162594,617.1762860681284,138.42231592573765,1.22275285447802,124.73717371073154,2598.2176777716923,1235.9501110235742,54.357678187281316,5.790485972272264,183.99593920515701,72.92765440409768,48.687985425436715,3.417182287203113,30.82387996347623,0.016032687504039883,0.03897110310688052,106.34554430956696,5484.194802236741,116.91824461755512
13328.360767060369,615.0138754760662,337.79008188823065,0.37726860397541107,98.96826031494328,0.003968177037970899,369.8873571240858,74.44856785729932,16.07055123374888,795.0640429568588,58.72024776789082,32.274356322692505,0.016180523349841196,28.609861612406586,75.22839987738685,0.038843144179974205,616.2487257504172,139.4097835380851,1.216281426495975,124.57377431013167,2600.938597122453,1236.1316659027304,54.41457494059821,5.82730805764753,183.92685163306845,73.06734092971723,48.57065268766987,3.0119080733475077,30.793909510231327,0.016110350158924095,0.03896801124074075,106.21976561864255,5483.619297869865,117.82338844771452
13318.818949503511,622.387801904899,321.440502841935,0.16703218643427314,94.99749058066259,0.0016581858528925753,380.6180321665276,75.14260358981413,18.398751074337326,783.7195994243075,39.31127328014192,32.491661829711994,0.017095068810803797,29.104389582156315,75.09976913968687,0.04322178519979222,620.7837717480949,141.0046774049969,1.2573790983943922,124.76761166737194,2609.578569682558,1205.217954924035,58.05304685910564,1.117719439810553,201.5492190602853,70.54051369008253,46.33460981181131,2.771253358439256,15.979150642138261,0.017023088269817136,0.04335410090888251,106.37206781986372,5522.268082578366,118.22206188850005
13320.160280323076,621.9743479290709,321.1658367119877,0.16584043807974402,94.80337648333317,0.00026383646369396787,380.9919192325251,74.73392779365824,18.47113528726482,783.7018192360536,39.30301136794132,32.35052533849223,0.017176127148892696,28.846121244563577,75.05259805964059,0.04321879834897852,619.8415975730962,142.00142423007156,1.2507446834862663,124.60193345916099,2612.342242057856,1205.3991749767522,58.11310489676866,1.134134565960192,201.4761664342981,70.6797401451354,46.21856261693622,2.402881306078195,15.957262094655718,0.017104009331425567,0.04335119135231141,106.24458285398114,5521.682935690577,119.13221965300683
13274.492428008076,622.6627725757214,302.6981409585041,1.232695715271761,97.96985820266602,0.0005380733753761561,382.93698056292016,71.5580915360262,15.508300700985698,772.6449336914013,41.982906887469476,33.780753745308836,0.020267923871507387,26.895476239015053,78.54671610006987,0.03710906976307626,610.711343942936,142.90375779855722,1.0813096824564972,122.55356193964198,2612.237578516337,1182.8578910790313,63.15928123592346,0.009900242972585986,171.97751316631658,70.44632347466481,47.47370170513683,2.2688762723691407,18.128970679204365,0.02018916542267825,0.03723090353400769,104.4787585089247,5555.521531259415,120.14916645286199
13275.900538281147,622.2547100955185,302.43498554580634,1.2294940428650158,97.77545632562097,9.242642058680614e-07,383.3071267577379,71.16440149028111,15.573840239209519,772.6272576581171,41.9744563739756,33.63904485521032,0.020355195931895793,26.650404738132618,78.49921063856993,0.037105977398607326,609.7886563586175,143.90705460803704,1.0752245603212427,122.39159953499102,2614.965827070001,1183.0355038108278,63.22061045210532,0.00843845111087394,171.91072027504026,70.58361419585036,47.357842239534456,1.9410109635163855,18.105987816167737,0.020276304133703828,0.037227881489038425,104.35408899103585,5554.942296416967,121.06670749275906
13359.648218162141,612.4930726835074,343.94480641849395,0.0968585261147587,96.69004737497691,0.004961160997495905,371.10936298757144,73.49584525698158,17.665643143660578,799.3966940740721,58.796633304528775,30.997733314004904,0.015466398395301565,27.98995037819504,73.60253225453246,0.04123856680858785,614.755827508451,144.4020066953856,1.2484077361087713,124.48530217793653,2615.691574758663,1246.6092984162806,52.74572802356012,8.537407789544082,195.83817737572303,73.94040086664488,47.463348532230576,1.3111852201870597,30.535757367939002,0.015398107171233707,0.041367985831306846,106.22170237161527,5467.123759129202,122.34072225682648
13361.162767760958,612.0883306717752,343.66437348952525,0.0959630997503223,96.49683673109652,0.008947647383898373,371.47371396356,73.09693789523153,17.735619127543067,799.3788757157407,58.786650974275744,30.861807563809847,0.015542547837402379,27.73998083492964,73.55648524051338,0.04123554411213748,613.8303900903037,145.40233821174866,1.2418781816654163,124.32201835080991,2618.4218995835117,1246.7913506025036,52.802053612222664,8.58208554504039,195.76703411399862,74.08106064788826,47.34746324377762,1.0650086440271211,30.505906749779104,0.015474119942495685,0.04136503751880181,106.09598846342239,5466.549182713279,123.25896880243218
13401.841878021916,619.2337729534842,336.81823028851613,0.1823373601958484,90.51840619562907,0.018274653925410302,382.5033537073292,75.22671746022112,22.786816199283084,793.7013553093252,43.00768159808285,30.354838697137485,0.014909247470339504,29.08951385940178,71.360517680911,0.050060068561942665,623.0948652110756,147.09996250477,1.378646863711917,125.53859441096606,2629.173168864018,1228.6996476455847,53.39545698472399,4.651077417858925,237.98464214962092,71.60991564280525,44.309860896487244,0.899233711460788,17.894685337848177,0.014842616541420621,0.05020393601211186,107.11523328371824,5490.468793484367,123.59626178087146
13403.41976349739,618.8213417955667,336.5371517174032,0.18358612568885532,90.32884527757588,0.025491399620521518,382.8781293528922,74.81789851098237,22.867398093838915,793.6836227530875,42.99905559380739,30.21824324631267,0.014984855298704372,28.831362608400212,71.31447584041541,0.0500571154348977,622.1512418066209,148.1097094785859,1.371709454927657,125.3723551872306,2631.947469265917,1228.8823426757124,53.45333636595501,4.684485244049564,237.90540676309374,71.75019998930834,44.19634200740962,0.6950456861983557,17.871505742702755,0.014918086402373958,0.05020106635516932,106.98729509257272,5489.885365411017,124.51918988700449
13443.4649402605,618.0842987801813,335.21067493567375,0.4303275289451162,90.48513830433532,0.03353509061573755,384.040325333368,73.7407264226962,23.920410741893864,792.7502079642131,59.80069995598043,30.413364926103636,0.015110719422342387,28.09685330669841,71.15784925678835,0.05010178457664882,620.016433744052,149.03953586129185,1.3389817103098431,124.92895210903359,2634.514633604487,1232.1542970522562,52.48898756422996,4.600154451310008,245.9979463012943,72.00540637055346,44.34622056669081,0.6046404226210381,29.645378664139958,0.015043729690337444,0.050245573666469354,106.56994306986779,5491.405241683879,125.51327272963562
13445.109880488484,617.677713289534,334.9338262896289,0.4322213754642076,90.29823306929083,0.04296598618372788,384.4109681493494,73.3411541494471,24.00182645616281,792.7324638351906,59.79063274910023,30.27872792049056,0.015185989253116636,27.84640579040575,71.11257353901104,0.050098452844418405,619.0870436826858,150.05577596321822,1.3322191330797921,124.7653774838018,2637.254762252808,1232.3352907106175,52.54517593955724,4.632965477687522,245.91821018385937,72.14421432182623,44.234207611418896,0.44157204749298073,29.615966573261556,0.01511886376092073,0.050242324357960264,106.44402319704778,5490.829390696787,126.44332698385963
13356.341177234708,613.27432188421,346.5888656435952,0.01069835776733255,91.73989280425036,0.054053578080282765,376.20386597838086,73.82800505411211,19.80133283080071,801.6286328904565,30.965511916417825,29.172352080029583,0.014794068358035529,28.266210763629417,71.62168917971808,0.046535390552955413,617.3071183302918,150.9157782325702,1.3501558596887284,124.9841021165117,2636.4875914870477,1242.864116838116,53.34511162816756,9.140839578218294,210.92768594923385,73.65849811590802,44.824686402961966,0.14481646091777362,10.637657903099951,0.014727680715580851,0.04667451757527715,106.79625083233415,5462.113800457271,127.56480242371852
13358.116623297825,612.8693217831561,346.30735665155265,0.01040215508642912,91.55169545886416,0.0658696070828011,376.57070868124094,73.42819606523418,19.875413976554146,801.6107896746375,30.958267759174777,29.04049368316679,0.014868546343723863,28.01500789173911,71.57626611410862,0.04653217959290354,616.3797618545109,151.938384163019,1.343365087710878,124.82049137835004,2639.228745702252,1243.0458953594236,53.40175625955687,9.187067285270016,210.85385247161517,73.79888963117494,44.71207041568937,0.07154029580589055,10.620042269802981,0.01480202235104508,0.04667138586412714,106.67019729166415,5461.53948737356,128.50241282266646
13359.484372003832,624.4175182845274,306.15145421266476,0.00101279280322851,88.9975247855094,0.06376297388497273,394.9309271150332,71.51152828170798,22.31254665056896,774.7262408792636,28.391605636852606,31.061812433424365,0.018501389553441435,26.851627537057077,73.96721774114415,0.04836555980918201,615.3868218778558,153.7174392502644,1.2378334799727957,123.30353012810293,2648.3398196782705,1183.4690710497705,61.140236562188505,0.002393989414558465,224.66151700484767,69.8468016359383,42.986149186364166,0.1243177097059506,8.371809784138483,0.01842709735196746,0.04850711738226396,105.24936011254998,5549.280181584954,128.84850848095482
13361.352571865831,624.008500943156,305.8813346457566,0.0009269560271010802,88.80778681584472,0.07670267686355701,395.3135910665996,71.11553409132488,22.392024866380687,774.70392804988,28.384618161860544,30.92370785571238,0.018584485666049876,26.605010243921708,73.92047021070822,0.048362363525813176,614.4610596927021,154.74956107892663,1.2287989463296212,123.11302875452773,2651.1623742058905,1183.6610120492871,61.20095467924495,0.0032187216182475737,224.58707957807496,69.98362503830202,42.87340182960693,0.05671970364782648,8.355733626617397,0.01851006166681164,0.04850400370743514,105.1750260054976,5548.68202285285,129.79085760410413
13350.633572327666,620.5830094439772,305.7955799737276,0.09630888953085116,91.36320416670053,0.08471231184477258,391.8879994275508,69.19640793203827,20.421817367584328,775.4821408923517,38.979525326377264,31.234066864156244,0.019343886558241864,25.39709998711636,75.08553047827007,0.04413011313389186,608.1541653925631,155.45873555055078,1.1407908621768728,122.09441882831231,2650.349154098142,1189.7487027241875,61.16143016224479,0.05584233876684206,207.27580546655477,71.14360611764637,44.137155989757154,0.02045692134335835,15.203836425474051,0.019267793666367623,0.0442648644078409,104.30796539942128,5543.632623485645,131.01447284588653
13352.518829699246,620.1756291326766,305.53108129208573,0.09541547358880559,91.17547480046315,0.09935834692932914,392.2624456142811,68.80927804719377,20.497015939607593,775.4644324347943,38.971382704018524,31.09780998000727,0.01942914815809419,25.15896875614552,75.03908364011603,0.04412674089050166,607.2334123103826,156.50510211077645,1.1345403809105805,121.93276020231522,2653.097227476962,1189.9268320322847,61.221781840026615,0.05951099685150369,207.20247702157246,71.28157429245425,44.02544463967589,0.000897028884347197,15.18278984797476,0.019352922952452473,0.04426156922563171,104.18339785327383,5543.05400877737,131.9725263443937
13384.15142427088,614.5724118014583,319.7765470715695,0.024145411487181523,92.41734369733273,0.12196168158497106,385.9615963828619,68.33517785957747,20.318212434640177,785.2367933292527,55.16480674565891,30.42401094027874,0.018120783707053844,24.806929162137084,74.00321828131821,0.04319170274909898,604.9361332567362,157.1447584148147,1.138679823614805,122.00037671901383,2652.942541610327,1216.630935219938,57.250864656517095,2.008288796063966,207.28150631266718,73.20912800021213,44.87729027883682,0.012115905172751542,26.77031221955736,0.018047263591108205,0.043325046424434153,104.26278317257754,5509.159580252815,133.24029003638472
13386.126400329718,614.16700943659,319.506068234214,0.023699110742145653,92.22853388044605,0.1394185404837157,386.3332011442609,67.9504680491743,20.393220189133572,785.2189738433456,55.155119937774664,30.289534519294904,0.018203308786145955,24.571587562841913,73.95710746166279,0.04318836655381005,604.0178204003289,158.1967743507821,1.1324351362453793,121.83878038367449,2655.691958817869,1216.8110656176787,57.30925555444547,2.029998010114419,207.208176859202,73.34908370638014,44.7646455901668,0.04979571111042886,26.742382365786572,0.018129655506437754,0.04332178641170229,104.13824261636448,5508.582767453032,134.20643272931466
13417.781370806468,623.5866241832551,289.6236059154429,0.014598817652764266,89.5176630969809,0.14383821040906994,402.12454802171237,66.61122743692694,23.50954144836165,764.3837520517662,57.750148026714754,31.83827386985938,0.020990153195974786,23.75800680665563,75.2943769244989,0.04595099036064312,604.1910803620842,159.87356309639546,1.0710260779176404,120.8032847607681,2664.3568498842646,1172.0840223539747,62.71101606863294,0.7925700200964526,227.74667812464992,70.1289513018277,43.117130365292454,0.025996879693677002,27.439073962225976,0.020911092647956472,0.04608841319246752,103.13848950142632,5577.367181961273,134.64431062631033
13419.78239437892,623.1727721423547,289.36289043328026,0.014953906587898755,89.32923368984025,0.1630042656544123,402.5088504821696,66.22648265450195,23.591354498928453,764.3661925700347,57.74013414255094,31.69856522314607,0.021079962219250997,23.524718195035923,75.247144756641,0.045947910650488304,603.2615877887789,160.93479397312768,1.0649036798648408,120.64026078447675,2667.14937043019,1172.26273408353,62.77343643275716,0.7788574132186264,227.66902237249298,70.26777121101391,43.005187391342574,0.07607704316428468,27.410388617347518,0.02100076951549133,0.04608541328533227,103.0129577670281,5576.779123054864,135.61551131932498
13384.631074489826,610.5963971022329,322.3825147196043,0.10225614692154184,93.0821028040379,0.1972791746446083,384.04338441516563,66.34595651715365,19.37424541538423,788.0138046911192,58.94637985951797,29.84652382336519,0.018421979035391306,23.591427343250544,74.17320714305365,0.04117682479247817,599.0128852584198,161.15360034566783,1.0894516204369569,121.12347017618053,2661.8273467388212,1224.8258311382035,56.9408214524814,3.207692426142709,197.0296275071734,74.5938511782941,45.16344150294536,0.3386778379577156,29.852452343461756,0.018347904124807867,0.041307141453771755,103.58316217344084,5496.790187149204,137.28384263613782
13386.772213489701,610.1923084699584,322.1109357739021,0.1013354957972932,92.89261480164598,0.2193226845655656,384.4140648192252,65.96689542881226,19.447491673757455,787.9959537232926,58.936366522648385,29.713331205341166,0.018505186359031228,23.36193775946444,74.12704338617111,0.04117356734421702,598.0990810154152,162.21892826235725,1.083343599430694,120.96245583690128,2664.5813628580945,1225.0065671501347,56.99905406757802,3.23511344763941,196.95813460098344,74.73512365988971,45.05043803128972,0.4830772576151931,29.822958052475403,0.01843097869072233,0.041303958266777685,103.4590283016015,5496.214022272249,138.26450964080274
13406.896199599423,610.7415135757257,337.5146082682007,0.04102970462098205,88.40160325018881,0.2735713412949017,384.8118605490488,69.01965774971447,22.492793677957767,797.1976447984491,36.70943026895957,27.924923269929526,0.015909596441163902,25.246437495733534,70.81539299726509,0.04842363966393627,607.4021069640669,163.60799556344872,1.2696060645580693,122.96435089613799,2671.6108047477433,1237.89176939466,54.168902786865125,7.149016131535466,224.28243011061065,74.53743883595449,42.948872265312595,0.8460319416956895,13.776571966524237,0.015841211298598935,0.04856656655280964,105.25744351169087,5468.918725395617,138.94492506195684
13409.147338801296,610.3373769197985,337.2367273528853,0.04161628073074966,88.2169432151567,0.29942594993366134,385.1829115466751,68.63302330288978,22.57170971792677,797.179690110063,36.70152832124679,27.796094505674894,0.01598692861343913,25.009015310943028,70.77028642066983,0.048420107177665477,606.4819235866946,164.68139206923416,1.2630116536564993,122.80211718690569,2674.369876065182,1238.07346682256,54.225700683520174,7.189923841779968,224.20615246469254,74.67865791335994,42.83867591025468,1.0668353111374018,13.756537957167593,0.015918409365183985,0.048563114964954045,105.13231013398399,5468.344023134672,139.93149655178095
13376.309314203294,600.2769199693826,348.6474618357199,0.4140136632461475,94.81653279180819,0.3089420709668307,371.86028359869664,65.61712032810286,16.808472216777744,806.9034760741705,53.96586882051062,27.896912746468345,0.016623879343839167,23.158529230613023,73.00638665952675,0.03838043942803252,594.0147842779403,164.84486931712323,1.107956459679395,121.18955983434691,2667.342622990078,1265.5428292085403,53.00352836451312,14.926644567839613,176.35561211829892,78.27162105403275,46.17922297788377,1.4343707143212079,27.199003379077617,0.016553614471033894,0.038506781216639745,103.81679352052964,5435.591720490641,141.69719020799906
13378.644280760014,599.8762352397246,348.36511788766455,0.41216018016897593,94.62520411797252,0.3363792031428017,372.2250029206963,65.24023019388292,16.876731105799557,806.8855742486916,53.95630537288967,27.767972343923017,0.016702823396687782,22.931205529049883,72.96052653336262,0.038377523361458506,593.1050982504246,165.91354773337312,1.1018056589698595,121.02845268567758,2670.099766370517,1265.7262586409895,53.05999139735381,14.985701555411898,176.28810064066315,78.41634000674257,46.06491704707539,1.7180120068453277,27.1708312836202,0.016632424287660378,0.038503936692308456,103.69251129426863,5435.0188034702705,142.6852811331048
13466.31051006037,602.6861196061108,354.3934102919585,0.13999454284844545,89.68114279612033,0.3976364063962527,378.2460401451885,67.12139182839918,22.32632683514373,809.1358493265311,58.86203665443222,26.90369178849249,0.0148344288872287,24.00655458316167,69.66449784831578,0.046738095210421944,601.3063396903159,167.3677115238808,1.2428265393919,122.44584212177061,2678.8455192286087,1271.7597234056018,49.86300572476728,16.751979852538646,222.76262157376303,77.4019000392145,43.81615496595034,1.9527795901086147,29.64008027983268,0.014768561282396203,0.04687858936859065,104.8717382094988,5429.273871968263,143.32050301901572
13468.71479297305,602.2846314773791,354.1087487718289,0.1410756276285127,89.49507020674906,0.4286853502496509,378.61387693734554,66.74019988754365,22.404985306643564,809.1179227544893,58.8520487734865,26.777070220107905,0.014909008270053524,23.775096029134552,69.61969981418147,0.04673487726449892,600.3910853429968,168.44452343756063,1.236311616137914,122.28390180986169,2681.6085997601244,1271.943602812175,49.9177709178768,16.814540211813917,222.68674482490226,77.54581309049352,43.70481388709361,2.2815990898944887,29.61067081806895,0.014843005893994732,0.046875450818509384,104.74682593755294,5428.701288007376,144.31422791010732
13440.517951500196,604.6488101937578,341.6213413624124,0.02670400188724626,89.40136981476917,0.44445138358358777,382.7188531997556,65.71477128265384,21.916318554075406,801.4374393817413,52.806055929719626,27.267463983073146,0.016261211740407597,23.186968730159307,70.82815261000236,0.04568569927562327,598.13463611088,169.70678848430273,1.1829965320250715,121.54027727715601,2685.134697204386,1253.5475760830602,52.79062299969068,10.582289821512019,215.99246853320943,76.69511342307885,43.45748633574131,2.5201477185931025,25.054697779287885,0.01619219328616839,0.04582456331786206,104.10702110352462,5452.735990108314,145.19247789022558
13442.99037611857,604.2466687501275,341.34185744231087,0.027177336403821917,89.21558784278719,0.47724383178208674,383.0888579343071,65.33760040630996,21.994252061311155,801.4195982939209,52.796595811744886,27.139988240287256,0.016339290946043642,22.95950514650094,70.78298191901598,0.04568251776564322,597.2217997162438,170.79108685487827,1.1766405665697488,121.37893710080503,2687.9010184680806,1253.7301341735345,52.84697254786245,10.632024631815947,215.91775379436547,76.83836821053013,43.34660218956188,2.8919543643118697,25.027659283699474,0.016270139040051042,0.04582146025281086,103.9825652264071,5452.162170263547,146.19266030154276
13450.35120081545,609.1636947437423,329.77460491632604,0.1619532182030779,86.50480241992078,0.510222718000764,391.12217257158176,65.55813381000124,24.33580777638907,793.3618480745421,44.20635981816671,27.30373741672362,0.016947906360328543,23.11080700497105,70.55157912653014,0.049215059044602785,599.9616556921969,172.33829219216594,1.2001470980318905,121.43156933325825,2694.9509356378408,1233.331811323346,54.92590627274205,5.412416253749054,232.761320065521,75.08905714931335,41.86012052729732,3.1239978851251373,18.359400389793887,0.016877613850021532,0.049359682245382425,104.00667956932995,5478.974133179402,146.82563436973712
13452.88712244643,608.7600544574057,329.50001072147586,0.16311584493193135,86.32205643630465,0.5453161636282806,391.4962163523495,65.18141336059384,24.417926774473425,793.3440971016303,44.19770425648117,27.176176813437284,0.017027615168674876,22.88371822235663,70.50649672832749,0.04921175692778543,599.0474256860246,173.43095155223432,1.1937451635323146,121.27030134988121,2697.7223075070788,1233.5128914416164,54.98338384106374,5.4480014154964485,232.6837590006707,75.23080477024415,41.75129465677727,3.5365092696329796,18.336255907656856,0.016957190279375877,0.049356461709382744,103.88228370180379,5478.398934366881,147.83141655835422
13490.768176767693,600.879501108127,352.70509560833165,0.24964998296191585,87.96035301816869,0.6059986922068887,381.4466632625355,65.10140456618821,23.52152333621472,808.8231581794481,58.909749031747545,26.090934500514564,0.01511891613773061,22.779737538466936,69.05985873289369,0.047801999267499805,596.9257109457815,173.96956564482863,1.2205911920861665,121.6439737285156,2696.3148855029444,1272.3726407478048,49.96450341557069,16.895454818825794,228.2810585146247,78.05004498175717,42.86478156348557,4.292315855709476,29.383219957730176,0.015052656569717854,0.0479447043117316,104.26052158911371,5426.7675664138405,149.301796060983
13493.40938754901,600.4786152839533,352.42111309157445,0.25109296241386503,87.77607517475657,0.6441919195454782,381.81605267030926,64.72600056894098,23.60225794744002,808.8052350716281,58.899757103463045,25.966242483655034,0.015194206355205866,22.554285211669608,69.01525556156419,0.047798744901819,596.0137978638722,175.0673759740919,1.2141348878615503,121.48256471740528,2699.0869584170337,1272.556564457253,50.01932430317899,16.958282261812357,228.2042475989117,78.19455904434362,42.75465665719566,4.773647732040911,29.353938235835155,0.01512781290133928,0.04794153027316741,104.1359739664472,5426.195114632131,150.31600945425123
13490.684304701259,610.2044667007316,316.43988775189507,0.33289824580429567,85.81132448027094,0.6415568751299643,397.9435889009704,62.88606690607123,25.92463689173981,784.9222893896263,59.66518865960213,27.71393400090747,0.018474844543602195,21.47424060043615,71.14915825597193,0.04910110559362298,594.4469712679187,176.82915892565688,1.1150560275217805,120.03627048195659,2707.2232337712876,1220.3773203218084,56.425505675326725,2.2580744273552615,240.68711682443737,74.72340401170327,41.398441985510765,4.465011524268936,28.808898986005463,0.01840155273708845,0.04924540889167254,102.78251679685921,5503.069503971997,150.7933591307232
13493.364399498476,609.8005077992083,316.1708240492103,0.3345652229151332,85.62939136989327,0.6808399314323441,398.3209163453456,62.51703636728994,26.00935453432778,784.9044734726366,59.65511445241613,27.585593411791542,0.018558171037224718,21.25531644454033,71.10394548985116,0.04909754848228918,593.5366577080592,177.94501401034213,1.108876547374002,119.87598064174053,2710.000628619107,1220.55772783488,56.483474255751496,2.281090630470728,240.6080985834055,74.86479906142262,41.290254215144266,4.955675442907458,28.779924925838134,0.018484748530806533,0.04924193326470296,102.65886374574188,5502.493010086306,151.82106189781135
13484.925882518955,603.215517679669,334.76142303092496,0.15729357166785102,87.13389043971107,0.7394513846743183,388.9788463289879,62.619485558745104,23.968476278244136,797.8863655973091,59.09616379385432,26.519576918679398,0.017093656605638236,21.313083086630837,70.30157572505398,0.047055970201484935,591.6171844476596,178.62149313064955,1.13177878458965,120.19508687441092,2708.876289050426,1249.278720191386,53.374154265323355,8.756415187248862,226.34762848183544,77.20505714935886,42.19078250556218,5.97904641349983,29.124523102180298,0.01702321591801271,0.047197536869680874,103.02306296735784,5459.178176947908,153.2069632458134
13487.71885752577,602.8138791868704,334.4846780398891,0.1584400766407296,86.95055992830036,0.7815822167460544,389.35190042170177,62.25123918444893,24.04993768491955,797.8684031547813,59.08613774247121,26.394035505998115,0.017173811409183393,21.094984065112218,70.25663311302625,0.04705248795892035,590.7090410178155,179.742980220589,1.1255530751896505,120.03469099649195,2711.6545315028607,1249.4612513624998,53.43053407182226,8.801682577801438,226.27100042758647,77.34877986997668,42.08156364469094,6.544827886867333,29.09539071775325,0.0171032388352272,0.047194134278379374,102.89926526210856,5458.603986722103,154.24284417622377
13473.463404381493,606.7206628024225,320.7067180094854,0.12398349783251493,85.75528173046423,0.8086901277459468,395.86295688463,61.66020542234198,24.731476018314616,788.8005352329121,51.23271197573002,26.846381064405374,0.01848983198007459,20.77412455458839,71.0445308874553,0.047807540490205774,590.3666750776362,181.18650631068778,1.0960466033607938,119.51008738236385,2716.925640625943,1227.4326386165405,56.46892814734005,3.77245513397408,228.87562021224315,75.94991410682135,41.291182847013594,6.889582271483245,23.040208828875336,0.018416594298654235,0.04795038014596287,102.50883859497466,5487.936887825698,155.01126924129377
13476.320702794985,606.3178588919087,320.43584598812595,0.12500162497612083,85.57340807091103,0.8527225845125749,396.23929684961513,61.294794728170146,24.81422277559027,788.7826753563097,51.22337679800221,26.720067573952694,0.018573192227503345,20.558807936574045,70.99935138234044,0.04780403054838421,589.4594923019216,182.31600444778576,1.089920096884695,119.35014936348735,2719.708006695141,1227.6135668501681,56.52691902272621,3.8021873529685215,228.798565395059,76.09246431650634,41.183135411025695,7.4959794001835975,23.014298297541362,0.018499824049508964,0.047946950524335556,102.38535032817084,5487.361187142321,156.0532218147541
13502.746806092933,600.0516477951293,349.37209159548473,0.37138194397491114,84.59529468449458,0.9559457000587263,387.09037937704926,63.22446279802482,25.286295755863573,807.6217864345518,44.241175540041695,24.80037273573337,0.015429743863044763,21.68810548046517,68.08194267262135,0.0505870166516156,593.4381203995451,183.16423222505833,1.2248232742644345,120.92485389425683,2721.167766624736,1266.8673584493442,51.05797915027535,15.811693523333563,236.5541604786095,78.34182978192096,40.99014687655802,9.02149413762725,18.489703812194385,0.015363155696588362,0.05073505323225738,103.84873736603988,5427.032821348567,157.29808726766598
13505.729477975656,599.6510641611657,349.089370595023,0.3731425225322351,84.41465594451026,1.0037686481612886,387.46252700858815,62.85443923824178,25.36996475444132,807.6037147391725,44.23250071467154,24.67897369323779,0.01550590231539093,21.46809109188553,68.03771535227607,0.05058340611733274,592.5285799217743,184.29986855053,1.2183463624787458,120.76397166739878,2723.952303442456,1267.0511700139346,51.11312241309396,15.872502575757668,236.4758236616585,78.48660623759355,40.88249428285775,9.713553808962706,18.46649334496471,0.01543918142594381,0.0507315254281768,103.72444441598316,5426.460324169382,158.3476846276361
13484.05792039089,604.6478238885586,329.9157263295264,0.22787757051211593,83.38597616811003,1.0229911139278298,395.63660078489085,61.90140365280041,25.790810612703037,795.4671335179722,36.56696710223265,25.41689230243615,0.017384339384095164,20.941199130502003,69.40885986861619,0.050742614440774825,591.339927719596,185.82311200799762,1.165375436517598,119.96400154123866,2729.4052733856015,1237.4927649699841,55.29782740851738,6.717842882193743,236.07488215766733,76.68305092269294,40.10644178474095,9.99696470290408,13.11742731150044,0.017313621012008285,0.05089089840670033,103.01276050268359,5468.311136390442,159.0825377505787
13487.098412216568,604.2457087634947,329.64099200753657,0.22925712170462742,83.20663391434452,1.0724425619632223,396.01283316366914,61.53527790077343,25.875309489314944,795.4491983277907,36.55908050332054,25.293991736452266,0.017465172049185528,20.725016160566344,69.3642035631161,0.050738998357935196,590.4319971935518,186.96694860288267,1.1590578718453235,119.803759976395,2732.194020610278,1237.6744331137165,55.35521395644035,6.757499577910321,235.9966247459679,76.82628716961898,39.999956720109296,10.724805970809285,13.097878619612693,0.017394322815548847,0.050887365188421074,102.88896898943024,5467.73646605552,160.13806197002054
13563.406368597094,592.2957297103613,370.36494395806665,0.6384664088189841,84.93850511115188,1.191481928948513,380.1226668074358,62.269416861633836,25.357212137064145,821.9332077697761,56.7388059554781,23.43458672379908,0.013868798766239802,21.06909884711956,66.37731164296599,0.050301900248311764,589.7737954167751,187.24075351893268,1.2456447946984608,120.93037881271395,2729.323898528075,1302.851702601281,46.67591086210772,31.240034747973528,237.5793771717878,81.19065770624438,41.3838342308296,12.42056181102304,27.673984042129874,0.013805890524216052,0.050449995399910526,103.94436530441143,5381.201929084446,161.86967951610634
13566.553148887324,591.8977180618001,370.07393739510195,0.6407727782792761,84.75742200691485,1.2448015219093156,380.49141474027687,61.902280843843705,25.441035304706045,821.9151399890392,56.728999874642426,23.316420381364175,0.013940913072276052,20.852298308112424,66.33358347104004,0.05029856186882999,588.8673638199156,188.37960269928283,1.2391224792497892,120.76944408879234,2732.112883711085,1303.0378160959986,46.72889743112418,31.325445698280717,237.5010174120515,81.33804927395181,41.27562964831039,13.23038156380004,27.64556696090533,0.013877871063871214,0.0504467394881749,103.82000671871201,5380.631885716584,162.9256468067571
13564.79804563631,592.4572915955666,374.6618600973481,0.8298121918395353,82.81301463761005,1.3233277122535791,381.3025522392403,62.94728396024168,26.469654597921956,824.6279436502703,41.77503889323009,22.61466140047867,0.013239074253044518,21.49907557334844,65.2668647603346,0.053264289074442764,592.1823783894672,189.7374558435919,1.313003384490913,121.46342954394319,2736.8507047887124,1304.3110945112537,46.45199195063277,33.815996357067014,245.81152448685,81.12615383193891,40.29245312430363,14.485170124956058,16.950251279937795,0.01317778730714004,0.05341753005831644,104.47001981514161,5372.995321079291,163.81961713435587
13568.039341549727,592.0592256583025,374.36916996538986,0.8324412588980193,82.63421280463777,1.379488571785349,381.67187187942034,62.57815207738956,26.555295225925832,824.6098462756913,41.76662473450793,22.498583290758532,0.013309534482057104,21.280068290565275,65.22350396278745,0.0532608537973182,591.2740970750577,190.88386121926712,1.3063068142835026,121.30214039884564,2739.64353201149,1304.4973122107774,46.50485130639093,33.904856576099036,245.73181859034585,81.27348686517495,40.18568580921824,15.358687973838416,16.928013024611346,0.013248113552464308,0.053414179754774214,104.34534708661288,5372.425712561432,164.88191534863597
13590.004341467025,594.0681410602313,359.9195947077466,1.0545077966679688,82.91513901718797,1.405917665422751,387.0635297813341,60.77013698338228,27.5631892976297,815.474165818124,58.9926831314457,23.343585479051388,0.014644554955917693,20.17760728553566,66.2096324225068,0.05235740523193774,587.570472156446,192.09443515605034,1.216815160372881,120.17581841621563,2743.1283399701997,1290.0199003257987,47.91970253950145,24.27095167164976,250.86185808577483,80.53152121197262,40.252593899785836,15.335624271896483,28.717845872698042,0.014580088094495498,0.05250886587913222,103.3775156383402,5399.532653600919,165.90637212897624
13593.291085686538,593.6695342428798,359.63272191377524,1.0574712485051476,82.73622691009871,1.463786590696445,387.4356282552819,60.40745429230433,27.65057963431219,815.4561691693048,58.98268417193726,23.225649081933113,0.014718656110864457,19.965455022455085,66.16595952662952,0.05235399932554865,586.6657359547473,193.2479283715181,1.210368863775219,120.01538673165653,2745.924367557605,1290.2050950684122,47.97339024527131,24.346242327056174,250.7813374854005,80.67831354200511,40.145879442477316,16.234049399945913,28.688897670211734,0.014654056756818001,0.05250554419359558,103.25349670605672,5398.961640124429,166.97540387946913
13563.812985110735,599.1766322836484,349.0295490954058,1.1364913172532527,79.48895114998858,1.5270224742250875,395.0633372556712,61.426697256753016,29.414453302126834,808.3130217670159,32.916644317461035,23.02179126667879,0.015155336224664378,20.632257227151587,65.90332100714579,0.056634625658585534,591.2233885514327,195.04206973055457,1.2704924977603456,120.45781639392384,2753.677418981209,1265.8209099171488,50.962298675036834,16.17257609259169,262.30395322770477,78.65085493225428,38.31256512515388,17.30180197929846,10.607119345801939,0.015089906569452837,0.05679311704810926,103.667516303242,5423.603061243816,167.5452994077779
13567.181004610788,598.7763150046592,348.74705044619725,1.1395677316929804,79.31377652516056,1.5873077021480455,395.43926040023206,61.06205769399041,29.504728422818115,808.2951043123,32.90917540656547,22.90467160725892,0.015230716958668643,20.417721847773635,65.85974926893726,0.05663108336185194,590.3158432601599,196.2043660712361,1.263905366093202,120.29719652674068,2756.478816296961,1266.0043595004515,51.01766409624909,16.234046055431598,262.22161663824295,78.7959238885639,38.20845577588101,18.255289227143184,10.58952902661701,0.015165155720565178,0.056789662507415614,103.54332348802888,5423.030776397446,168.61959000725838
13633.537882163897,600.3255241215278,338.506044518045,2.277911256727971,79.0869857882432,1.6332764494562466,401.14154446852194,59.442561179602706,32.34966092999839,801.2298671444996,59.788672349095684,23.648596735479607,0.01603055957417594,19.39366163115869,65.9939429074737,0.057467565034110005,587.6888318190297,197.38407403248675,1.2003457980043646,119.4478870002723,2760.5166229485444,1259.3771043490513,50.70705333395365,11.478172508743567,282.1900812203045,78.23860335625325,38.14841620159568,18.02752258862253,28.024557510385854,0.015963374348161457,0.05762675973212414,102.70998976527926,5443.76115319959,169.6721287932622
13636.944536826144,599.9248231678591,338.22783810593876,2.282265813746559,78.91225488710876,1.6956038451708761,401.52034775358044,59.08386788256996,32.444329779794025,801.2120283672623,59.77860615470854,23.529891377913035,0.01610808372237956,19.185682491346054,65.95034121743696,0.0574639967833333,586.7840044621963,198.5533174612958,1.193943332856342,119.28794210127847,2763.3214960851374,1259.5600864180242,50.76227996958806,11.529967378183764,282.104680299959,78.38329179609184,38.044530270142936,19.000535937083907,27.995960956028487,0.01604076806332493,0.05762327992952084,102.58637200729056,5443.187805796175,170.75320558187985
13604.299520653818,601.4535560185498,324.10379903065154,1.3426143645394526,79.95420272453673,1.7102326996925696,404.79216363351935,57.391489964617946,30.766036591543774,792.6058048913965,59.714969580856625,24.271773491843202,0.018017089867664683,18.234061554682157,67.81102558955087,0.054150492987936824,582.023677379891,199.78052119532683,1.098870584161915,118.08384208826662,2765.469328766111,1241.0098683168978,54.02456517127233,6.146902121216895,265.72629913420144,77.82876154564326,38.3558464346009,19.524756822175238,28.027336372004857,0.017945704522042465,0.054304625705003294,101.54015881362307,5469.545885584039,171.8167522753225
13607.787932800939,601.0525046352103,323.83149588218083,1.3459599888124865,79.77859169099548,1.7740014304908263,405.1727233474789,57.03897387053607,30.85832012893932,792.5879019872723,59.70489117172364,24.151676772980057,0.018099378757060646,18.03237280952145,67.76688636766663,0.054146757447809155,581.1229299897229,200.96647288163024,1.0927361791914518,117.92486161246104,2768.2764349161066,1241.1917944293534,54.08128736589485,6.1848387531537545,265.64327202323244,77.97306336423115,38.25171282948417,20.536848298725282,27.99875813541293,0.01802786454876916,0.05430097590503783,101.41725557275541,5468.971150370553,172.91364101856456
13604.099577148834,594.6735153775977,345.79216366593823,1.1139805702245495,80.4619331257961,1.8845221798579157,395.6407490648033,57.76680246452391,29.17880976630505,807.4984297910624,53.28044453473704,22.852115476377495,0.016158867447620684,18.453854377428577,66.40863215138698,0.05343984442129023,581.1490911311273,201.7586678827158,1.1523734290367924,118.65696864358466,2767.9724536045183,1272.4588700291263,50.59197377519252,16.8629684741405,255.45345292810887,80.30143737483469,38.75787138433333,22.82976745186799,24.06130179571296,0.016091390465891236,0.05359358794746034,102.15373858226259,5420.465383715479,174.3280207104681
13607.708376046181,594.2747312565718,345.5108951745713,1.117028231980235,80.28576508031236,1.9514324069713773,396.0169834155205,57.413133834089116,29.268683124718724,807.4803594758839,53.270924616429916,22.735588328921676,0.01623680235267596,18.250950328491392,66.36495180824828,0.053436133474378575,580.2490210180385,202.9504678492911,1.1460912535432246,118.49760269466553,2770.780829550928,1272.6430867725505,50.64686488340048,16.92576460070676,255.37204665547708,80.44801250325776,38.65319309617727,23.92313159644935,24.034823178949093,0.016169194998413728,0.05358996212096186,102.0304644528593,5419.893233049482,175.43288371474742
13670.691868304377,590.9093033048262,363.3946901715081,2.307077974720052,79.00166073259822,2.082929778649282,392.3326272279455,58.43144798858018,31.465223804926442,818.5072901013327,59.21485061513883,21.67334406870317,0.014198370155016004,18.79398075587229,64.05545034714419,0.05697690741397894,583.2481959826545,203.98639489204749,1.2383625157753346,119.49423185916503,2773.855371575222,1298.794759514544,46.51585626743856,28.370057693663792,274.86180815047044,81.69893042245015,38.260135329269836,25.57888741218234,28.18386402303078,0.014135417287844404,0.05713642771979712,102.92148323471264,5384.748209991967,176.6229954452605
13674.396365063065,590.5117835272698,363.10635012431425,2.3114629643891953,78.8270994895204,2.1532441711350416,392.7072857231007,58.075747465765986,31.558549285865187,818.4890970235386,59.20481450038026,21.559865988876,0.014271430328193863,18.58921021878498,64.01255101630088,0.05697307562288907,582.3465011832135,205.18474678970443,1.2318498570437793,119.33430445376129,2776.6667295762104,1298.9808727793188,46.56849031244443,28.451491270777556,274.7773657783051,81.84677490054916,38.1561318183495,26.735463293986623,28.15520607505941,0.014208345822343376,0.05713268396517946,102.79774659452863,5384.1779475328885,177.73509581194168
13652.185833478998,597.436014366946,334.8689365420517,2.0551620223066838,77.78358139123488,2.1599631323348834,404.49854104789375,56.54054993819654,32.66249416245403,800.5043209466764,56.26376166596898,22.764514149453152,0.016897290981490065,17.736285591684897,65.92646146790037,0.05700163221657147,580.1736993856065,206.89256409027092,1.1423535483562328,118.08397196750263,2783.0236819169077,1258.1411011488035,51.75688229572598,11.144093644118408,277.7766091811791,79.28480267754483,37.325044000424846,26.583444678397967,25.390490450231365,0.01682853977665599,0.057160921409758786,101.65447748011594,5444.036083294781,178.4280589095439
13655.930212282945,597.0363049072175,334.59214710505114,2.059300806114055,77.61037185055336,2.2315552514960553,404.8789627466536,56.190661011111104,32.757577309662786,800.4863290597134,56.253978842752815,22.648210849832378,0.01697698460077059,17.537376578462837,65.88294001390211,0.0569977995941658,579.2743852144835,208.09940972858146,1.1360987816377222,117.92499140423712,2785.839681042511,1258.3242785900318,51.81240158637931,11.195153675118334,277.69172021646193,79.43044743748347,37.22232016309238,27.762264237555247,25.3632901028914,0.016908104348322663,0.05715717685276097,101.53150505265589,5443.462689957083,179.54581869482098
13621.31977713192,590.8043954704417,350.7127217865601,0.997373315152032,79.49969493431313,2.3205126607908073,395.24282070856344,56.10634140939542,29.091062437956555,812.024644844636,47.79856410524043,21.780019426445634,0.016076265767881633,17.51565783865151,65.79607263252039,0.05334899590115852,576.3754750036684,208.85784609642306,1.1397613698485392,118.0201277496169,2784.1977749605876,1281.6653803312593,50.177635461096365,21.140168018705516,251.13594849958562,81.73258742632562,38.21008835502994,30.316585842927616,20.31924639623563,0.01600916822401458,0.05350336494923441,101.72476730532136,5405.429024296114,181.04854065366285
13625.25713643385,590.4119075747659,350.42716294059466,1.0000946118398488,79.32290447774884,2.3945810096157603,395.6207167699154,55.760092227911,29.180502231553646,812.0016163978335,47.78957455166329,21.66632414460777,0.016152959160124946,17.31910899580393,65.75271480087311,0.05334497978966912,575.4907279320213,210.0703444309029,1.1311520725217368,117.83599891196998,2787.0534965534116,1281.8634162020853,50.2312000562273,21.211151925948965,251.05792703173407,81.87859751677865,38.10526858348677,31.572824092689974,20.294565239185957,0.016085734331334006,0.05349943453069488,101.6533506271869,5404.846205105592,182.17452630956706
13803.347291067614,588.7823188952898,387.29594015563066,6.703338068447623,72.76279229437783,2.670742993175539,394.7408756343031,60.25091900627808,39.11705832087535,832.8631046544507,47.956771434591396,19.23366261081475,0.011152323055784778,19.812786420607676,59.14672307869676,0.06950033333117805,590.9795038858132,211.54872614239216,1.4675964034285933,121.35131757514638,2796.634569386604,1327.3907897133413,41.426224678326946,46.00282635049107,333.90153437549384,82.49036431593437,35.391055769121365,34.05181825320338,19.39524903424874,0.011097205841585342,0.06967919410837625,104.7156566400802,5342.137280539759,182.9643153803509
13807.298810556369,588.3854896743799,386.998355039684,6.710806590260055,72.59519706024793,2.7502815900923037,395.1166453645984,59.88979133673971,39.22115253248182,832.8449171389946,47.947756165469016,19.126624322535065,0.011217000003517741,19.60256590468612,59.10544565444203,0.06949640924961034,590.0721458708122,212.75913543704027,1.460516083611559,121.19010290771843,2799.457727398467,1327.578647684459,41.4761435371512,46.106459310201515,333.80863698005464,82.63893039502202,35.29099728392299,35.38430705502899,19.37146039453879,0.011161749688962193,0.06967536767054348,104.59083738449208,5341.569310100653,184.0868738319741
13761.820169043514,591.6644542023852,359.0938017149046,4.751009097595029,74.41011373151721,2.722221859470248,401.9821411170697,56.83804655921948,37.23709759598771,816.0767013979585,59.778053040667274,20.603964621499756,0.014091999464571393,17.853321283566203,62.096757354714285,0.06378124410308394,582.0403862776715,214.05679452552457,1.2705389536719134,119.0335128940465,2801.517862803339,1294.558769417991,46.10328418003321,25.715471177761632,312.653418465713,81.41266386339734,35.91200999357094,35.058919522146645,27.49414592853204,0.014029786163757546,0.06395147277401027,102.6618553063946,5391.877436115464,185.1895615391966
13765.810145458525,591.2666547486879,358.8072582734289,4.757296984631818,74.24063088202912,2.8025177582941354,402.3613409941038,56.48731149338286,37.338661314215386,816.0586981016698,59.76798774030636,20.493173731471494,0.014164690999119654,17.653795087499287,62.05446289042381,0.06377748494312252,581.1399193758423,215.27434762835475,1.2639517014192057,118.87384575980495,2804.3434839221395,1294.7442896619675,46.15594481513845,25.79296825727633,312.5635256650139,81.56025671454965,35.8112172518467,36.410781585029504,27.465821355105437,0.014102347268841553,0.06394780697950131,102.53826652690579,5391.306827572015,186.31891533578002
13734.11382272315,594.6786871019938,351.2922779650484,4.4147123638029235,72.33875162939484,2.882588188231296,407.1927924073835,56.9899157359336,38.03131123310752,811.2218193261209,38.49558649911608,20.32642313097142,0.014596358146757672,17.994750773388237,62.09173623440919,0.06622074594310047,583.4812636802103,216.94168629732278,1.296656883804826,119.05675556164688,2810.177954609837,1277.3732678090312,48.51753137949055,19.84609938985809,315.6431315821852,80.28920443248903,34.69519810002937,38.07638837402067,13.010783912822397,0.014533127057941304,0.06639495585709099,102.73465791108445,5407.7475619962,187.1125830272122
13738.1879998341,594.2798754713164,351.0088649027435,4.420773700030489,72.1716457392304,2.965198421498413,407.5744414631369,56.63871168244029,38.13395160709633,811.2038696612758,38.487509373697065,20.21638197309814,0.01467033741775476,17.79443362218058,62.04944348040175,0.06621691556657948,582.5796824550914,218.16740496514998,1.2900021827580588,118.89707283450994,2813.00793855903,1277.5575525757445,48.571552847941525,19.914187433885264,315.55280997835155,80.43577585004428,34.596128871076075,39.48468725788519,12.991301433726525,0.014606976652102848,0.06639122068599856,102.61102530470633,5407.176114300226,188.24777643550235
13708.251407382522,599.156204513914,334.89034649470216,3.7778812165872706,70.72930562937374,3.0126891665897517,415.05635672035055,56.346645628746664,38.571629846994384,800.8258638488896,24.928167584062983,20.570348257932096,0.016067199363643283,17.6811641565404,62.9659744353346,0.06734058153235978,582.9989435017351,219.89435101478654,1.2704443491746622,118.4873756789467,2818.901200386182,1249.5471550787652,52.49300341491682,10.617215239903961,315.0537140095629,78.64365574988733,33.637839022862835,40.550259700062675,5.263156427848663,0.016000861082426363,0.06751661503351016,102.26373240138707,5440.938634351511,189.0112242979598
13712.394388046056,598.7558940601456,334.6136301863492,3.783488511330846,70.56407022418225,3.0971300434927245,415.44167243169346,55.99743236896873,38.67499627638322,800.8080295696582,24.92166791858949,20.4596479070183,0.016144811949912307,17.482605002171006,62.92338493508086,0.06733671890407689,582.0977351325172,221.12837104815304,1.263857342489065,118.32807537295288,2821.735572190978,1249.729421650109,52.54919393907062,10.667031957990172,314.9634767823912,78.78871806977428,33.54029216171116,42.00317932826475,5.250767819994212,0.016078345506184262,0.06751284844360621,102.14038356569715,5440.365435607843,190.15215391625154
13723.16195825325,595.5288478426155,330.6942364201017,3.258872752837356,73.34294368057336,3.1315487963716233,413.3379803418496,53.51228094537262,36.835331346240366,798.9642395261592,48.82879773169746,21.128141395128527,0.01727312689458785,16.033340825709672,64.27232083672921,0.06171087649154984,574.1551650448698,221.8986958367145,1.1349342333188281,116.8742852964893,2820.6360702768675,1254.9449393455184,52.2327207299092,10.42083251761468,299.52596392030966,79.97534450358216,34.94232169502699,42.41258571881508,19.547553962565917,0.017204206971171265,0.06187839544576108,100.84213206194946,5442.888883299036,191.7025807634723
13727.36309315216,595.1297511926911,330.41925953626577,3.2640808045327634,73.1746812544281,3.2176278833878924,413.7224977876308,53.17197794514666,36.93634604643809,798.9464259881601,48.819700863013544,21.015948176336597,0.01735359595892697,15.844287193709489,64.2292917308985,0.06170717884782026,573.2608208718977,223.1383193300037,1.1287088960707192,116.71607343178721,2823.4713139239816,1255.1275991551602,52.288771809968296,10.470186906258544,299.4379786685288,80.12162928892876,34.84290001997789,43.89820416659945,19.52367207446586,0.01728454873898722,0.061874789557544045,100.71964384183617,5442.315581833245,192.8515924177083
13781.513817318702,589.1557341117059,362.1663296296948,4.921383316637002,71.58321552646123,3.4363546071611237,404.8021754554161,55.40246955621044,38.622796434250176,819.1470556299516,41.69822805931855,19.141308336495396,0.013907080661445257,17.074227744013754,60.881487082401804,0.06658859269329079,578.8051586392775,224.133757291867,1.2970476649909504,118.59723639837061,2825.8744422512036,1297.3582951502772,46.375327890883966,29.012276679420566,317.18066677634874,82.34154930168425,34.365914404965565,47.580218223749995,15.066496432026774,0.013845614091060032,0.06676410069655761,102.44924532432519,5378.704556795601,194.1777572158482
13785.860798995289,588.7588047070897,361.8784774208027,4.9277867960997295,71.41705679084889,3.5265027832162668,405.1827398744784,55.05612540413473,38.72618567838034,819.1288554434269,41.68980624673815,19.034673699169762,0.01397938847718831,16.879077029344682,60.83966427061166,0.0665844502854762,577.9069061780544,225.38981081195948,1.2903822761226873,118.43791058060944,2828.7120323477725,1297.5443054698194,46.427882392271684,29.09462615625021,317.08995599986065,82.48997382837806,34.267349477732985,49.1529826519294,15.045545162626619,0.013917792133282656,0.06676005379287517,102.32579296836394,5378.134614456171,195.34373040833574
13821.767948202794,586.126236387245,364.68676488129563,5.365237652385667,72.43705433308293,3.61419857230916,403.35150340383115,53.95359607687489,38.73180047103454,821.1528931363422,59.62941552141702,19.087794937354758,0.013961870489959675,16.21852374822437,60.83421078859983,0.06490634302484925,574.4893451579279,226.34321372075988,1.2469049668794114,117.9255603060144,2829.6819726059157,1307.9999534547946,45.03200570088984,32.60861689630567,316.8466008218693,83.48681852967982,34.861544561536284,50.27142337514095,27.232441226536913,0.013900323450111636,0.06507934308301128,101.86644231574374,5369.790580633563,196.73744613918956
13826.186119116059,585.7303289954457,364.39791258091844,5.3719235687670475,72.26990699701281,3.7066351612226365,403.7313854650781,53.61181783315284,38.835335411216015,821.1346706800084,59.619344334880616,18.981309672030406,0.014034320417025436,16.028340277631404,60.79240422108501,0.06490225327808308,573.5944491385918,227.60543436634907,1.2403698544369595,117.76668645203351,2832.521473237395,1308.1867250693754,45.08379367108652,32.69591778450736,316.75593783129017,83.63627122973807,34.76227091134499,51.88769830320768,27.20427126869733,0.013972643768196695,0.06507534756712288,101.74334170829071,5369.221110777209,197.91106774902545
13788.285657097216,593.0575602270131,343.78835435208845,5.10797515907802,69.58906195782482,3.765307221147706,414.76916691837937,53.7852536905778,40.64081938871114,807.8889698225873,36.01152137068237,19.345744603082977,0.015530443744826827,16.188152270134292,61.51993604514241,0.06831387137757754,576.2311954077961,229.62832521557718,1.2442316732557475,117.55545202070536,2840.7338063693624,1270.8389588243263,49.76150395716459,17.058697314863522,325.75858611139927,80.88172288374913,33.13789911362905,52.98059553341874,11.155025620041279,0.01546559044767563,0.0684920203816505,101.63400722542448,5415.601396923767,198.45862795033526
13792.768846060499,592.6593183899134,343.50790216338027,5.114498862518557,69.42523533495651,3.8596443226195265,415.15438686027835,53.44400990792902,40.74687348128447,807.8708951381319,36.00369490223473,19.238541236257724,0.015606850005894271,15.9981474810645,61.477894475003104,0.06830967564819647,575.3349432256749,230.89966001594613,1.2377035792357065,117.39682775880541,2843.5788452991756,1271.0230582755514,49.81594280368904,17.121856490338217,325.66665682732236,81.02882641870296,33.04111251813646,54.63951024215113,11.136998971650064,0.01554186889671875,0.06848792144280681,101.51104718386958,5415.029503028282,199.63736455040274
13780.702536643585,592.6248209640769,343.8102375297516,4.6422883149462155,68.93709311769288,3.9605452461432424,415.33281868735384,53.50558070332087,40.31890765056203,808.3208385530646,27.905439595302063,18.96101177027775,0.015615376839407915,16.05730010104484,61.42197555961155,0.06860561845458048,575.4122992368746,232.25377312133497,1.250386927791377,117.44165941936072,2846.800399070596,1269.0656199373145,50.43239789926899,17.22325601586085,321.64272143579433,81.03869681532981,32.74021702026535,56.84391447112531,6.691981064262496,0.01555040498136828,0.06878460871673608,101.59254102707267,5413.559941469272,200.74531790991935
13785.275010115329,592.2267244714476,343.5297764135456,4.648507631484449,68.77403618682361,4.057282275386387,415.71830022754295,53.16522669160555,40.424541160527546,808.3027590381861,27.898550117123843,18.85488123280587,0.015691991485404035,15.868067065277653,61.379967480709446,0.0686014137752868,574.5166843719751,233.5323451442931,1.2438426851362134,117.28311197538783,2849.6484735136924,1269.2495909014265,50.487202394546884,17.286718815554917,321.5513747887467,81.18594296434807,32.644013363112975,58.56179066092411,6.678020404756426,0.01562689204607492,0.06878050103204528,101.46960607922905,5412.9881553768455,201.93081588454683
13765.791183717774,578.4820949690716,374.88360281334286,2.223770080288823,74.15866116624531,4.1710724581516185,395.4881496333609,51.84235587113133,32.937615174301634,830.3056663025382,40.07628244507219,17.952216798841818,0.014295143448151944,15.11601052045277,61.645329977392805,0.058511313550244325,565.4371329094598,233.51115994850545,1.1804408226591545,116.81262792980456,2841.4335394271475,1323.4108350588738,45.802236351646336,44.44460176578178,269.7343972690233,86.40935358107279,35.53965850770162,62.62653433503552,14.911806975287874,0.014232806918542189,0.05867611581925843,101.19029269037829,5339.704115277261,204.2139072782089
13770.492761357942,578.0887781601649,374.59073932568407,2.2280752096484533,73.98953806354392,4.2703319715927215,395.8643114371509,51.507342091256085,33.03309764107514,830.2873425710667,40.068026057961184,17.848952128556892,0.014368451861457328,14.932424412224266,61.60324557581495,0.058507430505392324,564.5493180687034,234.79318355384564,1.1740824986543903,116.65450579898271,2844.278928644453,1323.5987036858357,45.85446520990519,44.5465125963275,269.65074628076565,86.56139848752748,35.43942330531451,64.42903810830049,14.890963575446225,0.014305985929188506,0.05867232195659112,101.06760143369229,5339.136243049004,205.4095882251917
13837.633268533258,579.5414926413796,378.3289098693789,4.46635443285394,71.30319704224627,4.4369879281165785,399.71157679821704,52.36005752676764,37.515439774533625,831.7079377835312,43.22486319475859,17.39613114426972,0.013334041819228011,15.368229183910326,59.74647618850433,0.06455334284009297,568.9614711637421,236.32724340989964,1.2572968421056192,117.42212119649184,2850.789557506333,1327.7221831828347,44.016627002597566,46.50803481344854,303.4669101275779,85.99884657413266,34.224019408233,65.95763868245261,16.384602443953415,0.013274151459837239,0.0647272714964487,101.71182185689243,5335.279750217721,206.34160178875865
13842.387943418677,579.1477903424756,378.03479057545525,4.4724511057887995,71.13729224735374,4.539338716075817,400.0897044712329,52.023444030947026,37.61738211546919,831.6897628854076,43.2163042651948,17.294341570435034,0.013404753977324994,15.183150094567052,59.704989977265264,0.06454956099513738,568.0711827901375,237.60647908627928,1.250744052101978,117.2635388391464,2853.63991189316,1327.9100646017635,44.06808246014529,46.61223495476425,303.3783479017496,86.15053775684137,34.12562566701063,67.80712579381873,16.362738517574655,0.013344734029820476,0.06472358353367673,101.58880642480177,5334.712144448094,207.5336132010828
13925.428530750158,576.6890522164059,397.0852365210061,7.254204023008323,69.12035365201358,4.756927206106177,397.5922857052754,53.43158589147572,41.1649914922525,842.840150611694,45.42236840427425,16.253442000928462,0.01134229948587133,15.923770064855349,57.10490779314465,0.07025057603347903,572.7844710083936,238.86130706765803,1.3771956232713738,118.54573899939122,2858.0173658830176,1353.3810098551282,40.10524493829973,64.18976406309876,332.66813469011174,87.10679221429426,33.36126792749665,70.67292813522876,17.571702192812825,0.011287387396095869,0.0704331344112077,102.7295607283694,5300.525099574788,208.72835886903172
13930.279840628264,576.2963201574586,396.7839132739009,7.261973276546925,68.95700955301479,4.862883216040493,397.96940985723654,53.09153998123709,41.27177402866982,842.821854483872,45.41359459775944,16.155057289807576,0.01140752419041847,15.735365448993484,57.0643492245735,0.07024663082861428,571.8911954339867,240.14737364883987,1.3703371032145155,118.38639945176156,2860.8713304327975,1353.5706979691488,40.1543616962798,64.31216959498359,332.5754090423165,87.25945697939775,33.264123202075425,72.58693458889964,17.54905981138359,0.011352481164876445,0.0704292873274467,102.60593118997011,5299.959345600911,209.92723456967303
13801.673373086061,582.5424058977266,357.44876043326934,3.291497107129353,70.49751264816406,4.775492808988286,407.6977264413951,50.274391400207136,37.06371062817578,819.3713244368076,34.01762587696649,17.728146525936975,0.015487745631658188,14.271517239599733,61.28453427820005,0.06315855542368573,563.9241591773235,241.85594727892033,1.1670304679087269,115.98703394751598,2863.8822987244384,1298.0409987194269,48.435511476841185,30.132152590946966,293.2108465798653,84.83812766309957,33.50748374622568,72.60409948662269,10.502693934017737,0.015423160439147331,0.0633306916746007,100.50554110784235,5371.787101873604,210.8703004357261
13806.570070256052,582.1476854306336,357.1628742170957,3.296731152251582,70.33254837706117,4.881654245486742,408.0796119978638,49.94456113824349,37.165037776316176,819.3532848359307,34.01003307796622,17.625388767862948,0.01556394754312722,14.093184574209728,61.24251737658143,0.0631548146591164,563.0378222051748,243.15003976586033,1.1607175970940078,115.82942396348545,2866.739189351197,1298.2267683020452,48.48948727647475,30.21603642632561,293.1237938653168,84.98879213939804,33.41012621549122,74.54390674282658,10.485190451968188,0.015499234946920742,0.06332704371578801,100.38325754140055,5371.217557404648,212.07530299897496
13849.893153231395,586.4847726468965,350.43177979979833,5.343638834143309,67.29871771541833,5.022825147961517,416.03335708113485,50.57828555050233,41.821860611902395,814.1318691147491,30.692374193387156,17.520516382352913,0.015413504519975524,14.429641287728732,60.14330957441595,0.06940111748300222,567.4078385051772,244.98019318832434,1.2208438048750487,116.288558780639,2874.687383146554,1285.2529017107345,48.906323110475505,23.91572853761997,325.7440893817833,83.33484710039728,31.891603679062484,75.73339425769467,8.101866850346138,0.015349349472415383,0.06958236793077102,100.75059408330662,5388.743578563669,212.83071425093812
13854.853804054643,586.0887185668709,350.1487141336675,5.350307241955683,67.13754169992067,5.13168611760222,416.4191259177361,50.24745828826788,41.929491190498446,814.1138872836424,30.685162058079367,17.41836301754739,0.01548952379800234,14.250320310964579,60.10168579254117,0.0693971962034054,566.5187669701282,246.28260615165726,1.2143868317028965,116.13074399516847,2877.549656710261,1285.437753974735,48.9605605355009,23.990466623472958,325.652333856327,83.48417136340814,31.796624389444347,77.71429149983328,8.08649445464522,0.015425241950317782,0.06957854415250565,100.628161486161,5388.17313587276,214.0412972140388
13937.30680753938,576.0626615237578,379.4194691502401,6.479802385074916,69.422161277951,5.325179768096199,403.55083549642023,49.75573401398262,40.956318326907144,833.1519049589447,58.65930490849118,16.55525435276695,0.01331587568455797,13.903692256114741,58.500904092106055,0.06681600111688102,562.9028625073788,246.64162408960647,1.2253369949887951,116.36689687628505,2874.5279590633936,1337.5530837075835,42.507882494835165,50.52554203048461,322.94714377094203,87.35002536916848,33.30299353764263,80.7773388771935,26.419161956841208,0.013256384816843656,0.06699373779443223,100.86637384417467,5325.458442885071,216.03053502352518
13942.368412094555,575.6701428488269,379.1249261693871,6.487145359925305,69.25846074323526,5.437252057720911,403.93077437323734,49.42761232202457,41.06283004448516,833.1337142904299,58.64933424316666,16.455959003641482,0.013386539721264553,13.727679979923881,58.45985267849759,0.06681215356308794,562.0173288164261,247.94844016240208,1.2188681348781452,116.2090289255458,2877.3901532779278,1337.7416593876726,42.5584486615059,50.634147061403894,322.8557830440451,87.50290303960897,33.20593375582767,82.82271915502582,26.39139677476266,0.013326920198421778,0.06698998581811323,100.74387089779346,5324.891359800957,217.25017148496903
13923.436261784369,571.640905254266,393.9974214906673,5.18899414744307,69.66140481303445,5.593043473575875,397.26790472472135,49.95203139612244,38.62664863270987,843.0714836171467,44.02490506551157,15.636374993794512,0.012443034486314525,14.039698348175056,57.90242542648736,0.06564031314228119,561.8747301966529,249.03653240866913,1.2615853508363586,116.67592903241508,2877.984089823543,1355.5586455613252,41.38248286967251,66.10277656390282,306.39189665695625,89.08604644986485,33.434807665792015,87.10763537342976,16.95428439050242,0.012385575965065997,0.0658171434287091,101.25297494042097,5293.895563687277,218.67675336243036
13928.633406981366,571.2499214617952,393.6971834058795,5.1955693680173916,69.49749300731948,5.707891590067462,397.64491176932984,49.62319211631335,38.73004302923469,843.0530195599857,44.01625147035393,15.54001073719978,0.012511435511409704,13.862789240040343,57.86163886588331,0.0656362003364395,560.9897176088281,250.36043155770992,1.2550118301357915,116.51789948049759,2880.8477167162523,1355.7487822342046,41.432128599832424,66.2270493148855,306.30274208358105,89.24042730815444,33.33758812715124,89.23115513358262,16.932058836455667,0.012453847463728934,0.06581312532784804,101.13024567759119,5293.330132617629,219.91398962481514
13896.39533937984,576.2813714659889,361.11308710854416,4.27348534515248,70.47561137431273,5.668243274207255,407.7946052649875,46.869581333338125,38.460018056550794,822.9709889761737,59.12893957904515,17.036804255712365,0.015690270081997502,12.39803854930664,60.641482020292095,0.06179444181462792,554.1961620450182,251.91655294180757,1.084234241175289,114.4132131187625,2884.6058266362757,1316.2438446854446,46.270584283923796,36.95367838591263,297.89542337625113,87.26138915300092,33.54613960257005,87.97416802038056,26.878112946085725,0.015625537267936473,0.06196493651540374,99.20911193404737,5353.71672981523,220.96283640466132
13904.324999823995,575.9097598365402,360.9303449774243,4.279470657803917,70.31275115653807,5.785132378962914,408.2977020496737,46.54349188887445,38.56000148655965,823.2550138606955,59.117907647578924,16.944706064033024,0.015793025148877024,12.227412266405084,60.626166920733525,0.06177948779133442,553.2876677134591,253.24931805449995,1.0774135161873188,114.24814399515053,2887.515251453799,1316.640648923836,46.34448663510158,37.0140799982774,297.81276482599856,87.40600806333245,33.4484849414954,90.09883953097626,26.85035134396477,0.01572811017476849,0.06195006404249628,99.07990206371223,5355.100185120259,222.20634176496648
14086.718953276739,573.4513591322036,403.172012242599,12.471080262899347,64.11224118228415,6.228405717563757,405.2929542018973,51.11687094386178,48.81745439682176,847.4151639496255,49.56871624729305,14.520978085309292,0.010546653240487272,14.607695240200968,54.11797403284123,0.07896337708686983,569.2475542324732,254.85878655253063,1.4331864366091909,118.00642832706043,2896.8663848001443,1366.8196512624897,37.79666587236449,73.20827923008443,380.5624600457214,88.37006015208452,30.884565449712262,95.28133966334047,19.40992128670759,0.010494324874272092,0.07915925249236258,102.4010120352681,5283.400753441107,223.09983524594568
14092.065349556384,573.0597565775703,402.86829795243887,12.481272557471337,63.954997299056416,6.3495694443809425,405.6737491934468,50.78421333651785,48.93368192088393,847.3966523879748,49.55953392728041,14.428119819232341,0.010609634028414387,14.427231819151041,54.07854311908009,0.07895886615421988,568.3567517959874,256.19805169277834,1.4261795337194465,117.84749998980354,2899.7393880520162,1367.0105760336487,37.844112615989324,73.33905762766865,380.4630978437483,88.5238196469275,30.791129910960993,97.5016691493726,19.38614007029682,0.01055717557659307,0.0791548459013351,102.27758875228487,5282.835883129993,224.34950383504287
13908.118913332197,582.584937258085,342.4050231110819,5.3479827142682215,66.55046509609338,6.129443453876065,421.00347750482734,46.41041139675383,42.65802818945084,810.9248601620262,40.72509682901974,16.950752690874534,0.016921192948047645,12.19186077988017,60.428061877233425,0.06749915569892095,555.8701601918839,258.09553993012105,1.1019137704006763,114.08976556585407,2902.6691580075144,1283.8156187886136,49.87910467685619,21.764978802673443,322.0674033373192,84.81575338544141,31.35824330587325,95.65899313022564,13.763956873125043,0.016854220074128554,0.06767838330112626,98.94949765588028,5394.517652739276,225.22181915564508
13913.482734582742,582.1902278913402,342.125135846338,5.354657874180076,66.39025725867216,6.24964540465768,421.39158106060495,46.093463436876284,42.76668071402707,810.9067515486433,40.71677387348298,16.850413873693302,0.017000942846206974,12.027042402264126,60.38639512455495,0.06749498506424056,554.9898910936115,259.4432715868566,1.0957708651852331,113.93349781543225,2905.5450365933402,1284.0006557473173,49.933607795157464,21.83631280993617,321.9759964009779,84.96639034610241,31.26409344051517,97.8836931562784,13.743932041695643,0.016933845258733777,0.0676743087816426,98.82817287866926,5393.946873192949,226.477408427432
14120.415573782333,567.3306487639921,413.60540219934313,11.475732229960338,65.26427157995762,6.73022658890408,400.03527386260697,49.39107920014828,46.83130504526226,854.9888260599237,59.01948191199275,13.944993257700308,0.010333178449937494,13.65975843675443,53.954823387516775,0.07542748200745367,562.856200723742,259.7276568041,1.382753960342843,117.24614177558568,2904.625031825051,1387.8437295874944,36.26364128080891,89.40938481807925,364.1881355524304,90.80487880677342,31.50183158651707,105.08378141019729,26.2844354380358,0.010281432548056328,0.075619025225909,101.82580503143069,5256.4588563150955,228.50982522435578
14126.009309504067,566.9460383368142,413.29528920770576,11.48495855079563,65.10409877862313,6.855958353204367,400.4154535339742,49.06624421227543,46.94476654367214,854.9651962439266,59.00949271817083,13.85404790208649,0.010394683404084589,13.486251616580654,53.91556113226007,0.07542270661861171,561.9818953986253,261.0795735549415,1.3732695788422027,117.06261793338918,2907.5418444452507,1388.0498049938976,36.30917979517568,89.55530327090257,364.09417873603854,90.95877571760144,31.406663384438865,107.41162863045726,26.256363203740346,0.010342809789681233,0.07561435255650144,101.75435288870545,5255.884124513304,229.77460177629737
14117.44525274384,576.9266123464023,376.55409494831537,13.59597123573065,62.52979230536879,6.883315836308315,417.9362162887408,47.94974891420727,52.0741622896721,831.4635191977843,60.213620547209864,14.974252034898424,0.01267392173307792,12.899033223491092,55.110010319425385,0.07962660591406867,562.5361815105451,263.3260084362677,1.3060961364646269,116.03053114458166,2917.3440322534216,1335.881335293706,41.04874004075687,48.3228058645983,393.97881588758145,87.00572149828794,29.85719364664363,105.9504604183324,25.814464932029207,0.01261666976650386,0.07982329426196622,100.74452185827184,5328.73412320871,230.26913063441174
14122.965217153816,576.5337993913806,376.2606664852543,13.60660674282137,62.37443532610526,7.010653693029697,418.3228661321454,47.62764712399498,52.19425486833,831.4453469704499,60.20351864190259,14.87982422210495,0.012742863666850488,12.729519991090287,55.07016661000233,0.07962240567425273,561.6509364032196,264.67624444342295,1.2994172261776393,115.87289160000465,2920.227458574711,1336.0697930949052,41.09843101205716,48.42901840072818,393.87790612963414,87.15829770738767,29.765296002277765,108.29110899425423,25.78701942605646,0.012685484473172153,0.07981919874888464,100.62209295180156,5328.16686574085,231.52826329515563
14129.187071761125,577.7024224711847,374.68156092610207,14.335814530069925,61.21191895622543,7.156733833744587,420.8024311672583,47.82915990244338,53.60584844731789,830.3353206126153,52.90032993614786,14.686236189938755,0.012677789858714646,12.845543441992975,54.68126935070577,0.08195736884999838,562.9644500345024,266.2553346516804,1.3268829383699052,116.03805793844005,2924.8522222105453,1331.5128304850505,41.461266365630735,46.351000036822455,402.9227122411529,86.70074907633501,29.154718185736623,110.7913296467249,20.64610601047987,0.012620645799976592,0.08215750712872627,100.78229794650002,5331.844407511183,232.61870340458773
14134.787401208323,577.3093454463898,374.3888630974851,14.346735521089874,61.05820886493385,7.286564633138399,421.19040426546565,47.50746407764702,53.72769339117429,830.3171607183249,52.89086137704426,14.59272234517939,0.012746742298078366,12.676383207487538,54.64158095861683,0.08195310757981507,562.0788678824315,267.6130505488745,1.3201510218828645,115.88041327924213,2927.739355680786,1331.7009799041002,41.5112063263628,46.45502421156486,402.8206634383965,86.85305776289393,29.06390889107415,113.18456419776724,20.62156202390909,0.012689471334224215,0.0821533521653477,100.65984608167223,5331.276984514183,233.88423486582846
14121.364993340243,568.073594131025,396.27997650891774,10.735123050083804,64.38673327417028,7.430727092089895,407.3098900050479,46.6558992530321,47.4126045977909,845.4446084425272,59.397879644696104,13.984268330433176,0.011930731846305196,12.22731075917734,54.857995338032744,0.07426163800369451,555.8833223904397,268.0762443536297,1.2774428435241825,115.55399771156694,2923.043858597501,1368.091675414031,38.88994577374841,72.37793974238285,360.01362993176963,90.50246530807632,30.833054541526188,118.04029751671061,26.213863385399243,0.011875198644994815,0.07445191175401378,100.47894896028888,5281.769850262326,235.94932670004937
14127.081831691386,567.6838072272791,395.9789590057096,10.744573821114397,64.22908493707673,7.563008749224652,407.6915939199616,46.338180262247,47.52719914093259,845.4262840679511,59.38784640312593,13.893020333634057,0.011997624674861164,12.062285062991126,54.81824285101253,0.07425758173193012,555.0033296148526,269.43858912922246,1.2708376952947615,115.39668232029318,2925.9300996284005,1368.2823916195875,38.93831285000547,72.50791455873144,359.9171682302423,90.65807599056112,30.739666019696216,120.51017347517565,26.18620632125673,0.011941963436113902,0.07444795643767162,100.35668157697228,5281.205098127227,237.2238736253268
14119.011868472531,565.2219581050709,405.62710475508015,9.790394844887498,64.21474487370257,7.733776395305716,403.84271338200807,46.66638463272817,46.12824541678775,851.7998438914295,48.4235493766645,13.34658867990688,0.011394345542572109,12.252556821504124,54.36364618258638,0.07393487466351568,555.0634768541069,270.70525215976477,1.304276900151805,115.7165089471479,2927.676588046062,1379.374553956198,38.239011032203855,83.85191489867597,350.52928948925666,91.64650046581639,30.74400185304762,124.76128919593872,19.03058846079826,0.011340138382328932,0.07412533464416546,100.70724348451564,5261.463427814258,238.615642863697
14124.875434723675,564.8279272008165,405.3186428963232,9.799531826959644,64.05509995236567,7.870512077218752,404.2277987485614,46.344509465538486,46.242866684923015,851.7814737860701,48.41439631861101,13.256065764105552,0.011460454850701492,12.085218417939553,54.323460832331925,0.07393128575642054,554.1728759104346,272.0744283852498,1.297529440921486,115.55690760055266,2930.6041051726215,1379.5681266368651,38.28799414960773,83.9935704037535,350.43312533077085,91.80519278815979,30.6494560432602,127.3341774658792,19.00668426229057,0.011406117546617826,0.0741218476956907,100.58319231101228,5260.892296939286,239.8973482053948
14119.305055168656,566.5946069089272,401.53573151080286,10.050114139350358,62.77238803488248,8.015673106202373,407.36438487003716,46.56381119551927,47.34776764060937,849.3826154654486,38.590749096456086,13.10922060141794,0.011565596001023888,12.218510182721612,54.106095182245625,0.07612861459951016,555.583438983412,273.74546232240635,1.32285673362987,115.68793523090463,2935.530714283074,1370.8989490676047,39.18615913938093,78.54110010343872,356.932478668289,91.08888173118605,29.941505891356854,130.08900528266355,12.609857824681132,0.011511078814636077,0.07632248487582462,100.71835893013579,5268.646706487383,240.95444878019853
14125.205973463246,566.2053278307155,401.23272404753,10.059258480654865,62.61672979225296,8.153040208359542,407.74611431261064,46.24640644776051,47.46228384996396,849.3642484635551,38.582661993190676,13.020878330081707,0.011631458701718311,12.053544087426017,54.06661611448274,0.07612450765515559,554.7036836995419,275.1221188582065,1.3161350513379069,115.53052866361905,2938.423112044189,1371.08986083738,39.23471000804367,78.67649328538651,356.8364306617974,91.244995528083,29.849478485942864,132.68123586397655,12.590677983105195,0.011576813504635129,0.07631848017923006,100.59594592666645,5268.082656402088,242.24242494525598
14153.41823975891,565.5603446206734,394.54194414499784,10.593372529777234,63.577452893976535,8.240186154527834,409.311627732678,44.70914040653629,47.829448268532836,845.4368927371532,59.30802404637742,13.447912006034631,0.012369366669627358,11.2260746264543,54.69254960991729,0.07388293931533456,550.3265775528857,276.3030032494875,1.233804278137043,114.56933455968831,2940.1850421564213,1369.479322896991,39.22259555149077,73.37564262987262,357.4530188525477,91.50937636391414,30.337403797435606,133.31982322399816,26.068285223092975,0.012312977610943812,0.07407333053988674,99.71208055129942,5277.985419086571,243.68990139330418
14162.08297638699,565.1922064748426,394.35092977465456,10.602794840201778,63.422772998078884,8.380998269675827,409.8156591369085,44.39066839955371,47.940939794788605,845.7247679191678,59.296975420497034,13.366101219614675,0.0124606205305046,11.063741629727865,54.6780051515499,0.0738665878124974,549.4212617873075,277.6987036386138,1.2265275695057316,114.40415281209654,2943.122354926019,1369.8840713737989,39.29063939755798,73.46074549228092,357.36247312193376,91.6574721150632,30.24454039551878,135.93243597989792,26.040945151912034,0.012404049971416104,0.07405706968616073,99.58254345549787,5279.359055302189,244.99570451053484
14274.054628730972,567.5347599255731,407.8839936526954,17.84096975113548,58.66369210779338,8.72365796680351,414.34510167258736,46.92892099772573,56.58242136940258,852.3791830101007,48.62367399337911,12.326780214709016,0.010227300925452727,12.349971483396663,51.21623447496764,0.0870602135036332,559.9812107368122,279.6639842155569,1.4401493651055213,116.45697354993057,2952.803508132615,1380.9744720691283,36.22000198859373,84.28553145869985,421.7149590865989,90.71153352167785,28.07146377149786,139.61469260794144,17.945331469082493,0.010176499294196603,0.08726904368841075,101.37570728386264,5261.458301244461,245.74271455172516
14280.16788515861,567.1399487266604,407.57458421231615,17.853310613976156,58.511172676934564,8.868851511253352,414.7351985156949,46.60607239036513,56.7093054672965,852.3606403294125,48.61448541748284,12.239907504710946,0.010290019066508518,12.1819337930875,51.17728102273033,0.08705597439778044,559.086383852347,281.0670065184301,1.4330485049232609,116.29691010895989,2955.7432673277567,1381.1684557549777,36.26744395993371,84.4276175022608,421.60928538393546,90.86940672224588,27.981153554695634,142.33566898060658,17.922134874658425,0.01023908751747019,0.08726491564768821,101.25125325799132,5260.88713972376,247.0541669525755
14174.18756007222,570.7724933717591,378.3858877005309,12.57787133845946,60.06473730155751,8.808205696336625,421.1502122816223,44.253512653524304,52.526683856462306,835.3710960552714,44.49017228423189,13.295838814696118,0.013200343580107046,11.016567555111848,54.281627656447235,0.07995510529409594,551.7797987393889,282.6607967870121,1.2559598413746267,114.3022554306741,2957.830330880194,1342.4364343499606,41.78472501610488,54.7641347673606,384.7615933959888,89.41518957511458,28.40893488828283,142.8459104011326,15.430323097958661,0.01314232806773314,0.08015426127484875,99.50082865328335,5311.57976226169,248.24922338247052
14180.307381795066,570.3818067257289,378.0916591133694,12.588107169920704,59.91254095226439,8.952183307520112,421.5383834499174,43.94403007277024,52.647243548598105,835.3527165148627,44.48147308023369,13.206990515059784,0.01327079256656792,10.859922405842786,54.24213715697677,0.07995056612225393,550.9027756296045,284.07112709170286,1.2494010121370362,114.14584217535493,2960.73340015634,1342.6256485273757,41.834611371527174,54.87725343851273,384.66168448000167,89.5698552399326,28.319325236886726,145.5616539746429,15.409120283815765,0.0132126514979489,0.08014982707513933,99.37916624079634,5311.0133875461615,249.56735153994651
14222.582051119021,563.1335219463243,402.2029880113797,12.45133128879805,61.17213248395242,9.186097478427104,411.10900385643123,44.05100645966482,50.63825880718757,850.91141953156,51.35139661251945,12.405094515625542,0.011674737677366603,10.892221416578328,53.11657505778681,0.07799304157591566,549.2308301860522,284.82188691422846,1.2829902293504283,114.57010573107969,2959.3646900871727,1379.999732635215,38.055429219971245,83.12545976903502,373.8817120039062,92.4875682217633,29.140793018602643,150.6815068721214,20.362910467403587,0.01162027380292347,0.07819009729847626,99.82196246920323,5261.538641568013,251.41530610931213
14228.812593408997,562.7454589461181,401.8996389983623,12.46151551165604,61.018538657811256,9.33311874985157,411.4925207254451,43.74223403819147,50.756632751624004,850.8928698216154,51.342050627714784,12.319279041695719,0.011740996283566413,10.736465992279564,53.077510729050566,0.07798855844546479,548.3558359491085,286.2375916153155,1.2763611053605557,114.4135092547204,2962.268512057145,1380.1915756983683,38.10303805054227,83.26481106624165,373.7832258690578,92.6448675251022,29.05003555923722,153.47039410280675,20.338552263825566,0.011686405375941011,0.07818571776608205,99.70010382527444,5260.974941184225,252.7418020133792
14309.272029695638,559.299274018138,428.3959882328226,15.703420310849697,59.01208873312858,9.673926791008542,406.26434982836975,45.68416312208076,53.59114789923748,866.5063760670403,41.46805255182948,11.102063702134219,0.009386403305805426,11.717904959681746,50.33803588700443,0.08438012548918515,554.2737984813488,287.59820071905295,1.444848489697661,116.12185126096472,2966.260281608941,1411.7473579628033,34.23023183159862,114.69501293347963,398.27203098061256,94.05380549787762,28.27011439162237,159.45643476001842,14.006079902049091,0.009337871547591747,0.08458676235419936,101.26668510815223,5214.565084354285,254.06572814711234
14315.743030899659,558.9121998071183,428.07635538613647,15.714354079617893,58.85767002552794,9.826558186863302,406.6525014626633,45.36769941249424,53.71422955290655,866.4826108346662,41.45959245259749,11.019671556154501,0.009445694753623939,11.555149993795736,50.29952334950021,0.08437556438263341,553.3949373531935,289.02089404394684,1.4350761390450382,115.9370308924434,2969.247117573749,1411.957296265966,34.27544294261313,114.86233390140967,398.1727291928274,94.21255920742156,28.178724446714412,162.35943267431773,13.98529792646604,0.009397034861045516,0.084582311422804,101.19377952754303,5213.98521540368,255.39924670285805
14313.821081041528,559.4472995009193,414.34486744164235,15.196451306170678,59.983199364691075,9.877754690692457,409.85676206719825,43.51672466149524,53.28710783286993,858.5522399222493,59.38240982134963,11.627914428548243,0.010687209172925186,10.593067498734259,51.542776745678886,0.08085206713710139,548.0409916043677,290.32274177426194,1.3186535215341157,114.63636823835822,2971.1506765976337,1400.445520280628,35.520023220432336,99.72707668139293,391.6411884785252,93.99544678045035,28.667857907990392,162.65888888232834,25.639928559305197,0.01063535119339382,0.08105353418989303,100.00983173003233,5235.831848719176,256.82223462117923
14320.197071248616,559.0604839185522,414.03706399026413,15.207695273607632,59.83104079591651,10.030180620433313,410.2396572234771,43.20989898658928,53.408590197267976,858.5337740442392,59.37237788646856,11.544721641215865,0.01075052503388939,10.439504271274707,51.504244373021834,0.08084783469921866,547.1672307580229,291.74041744564687,1.3119425400017324,114.47967893635665,2974.060565430563,1400.6384783436472,35.56624791430279,99.87963426484286,391.5405785533138,94.1540306871266,28.57781062026986,165.55600388507887,25.612576017481686,0.010698539609996073,0.08104940723697182,99.88785018928063,5235.269557968966,258.1518881648067
14175.223982728758,557.3148682688476,407.60644708425764,7.586651116495489,62.214228667064354,10.048537497170392,405.71530199621685,42.17549657803457,44.80900769220406,856.5651414953868,31.811072920655143,11.60512330011526,0.012231056746484639,10.01118702537896,53.94588747273032,0.07196965157691057,541.0875584778954,293.0328304079352,1.216383668198356,113.44295519538933,2972.6358318001585,1387.4241869256384,39.47014450998369,94.25268292367808,327.58464365475123,94.86674222873167,29.454845365851284,171.0327323613775,8.963870129151156,0.012175268561673752,0.07215958713624483,99.11203413728619,5240.362053125332,259.7070011388227
14181.709054861461,556.928790725542,407.30115723703153,7.594596354162329,62.05926444098599,10.20227045166144,406.0962581822971,41.87344467208966,44.92041333810228,856.5466969992857,31.80373051736319,11.522012229617685,0.01229878509867319,9.86191661689213,53.90646690757158,0.07196565839230076,540.2193605947925,294.4570994902488,1.2099385161735658,113.2870839077439,2975.5464476307416,1387.6162458632505,39.51887093279985,94.40099580385396,327.492629252739,95.02605913162576,29.36356949565424,174.0031597250779,8.947700243552791,0.012242870442622053,0.07215569318754665,98.99060151813318,5239.799519165474,261.04409190987565
14287.23261290469,565.1947126964603,383.4276716163494,14.769918563119923,58.42092036915447,10.359060993481178,423.1924880444258,41.412564353021104,55.38675176683782,839.882790525634,55.17452026639707,12.215903004128695,0.013084534604817738,9.571625890598671,53.006107651319574,0.08140779699415387,543.8330924388523,296.68945182090596,1.2159325572166162,113.03974234607998,2986.741514313442,1358.2352270246708,40.15499138757717,64.33163550657368,397.0602461702658,91.6468685994453,27.58638303619501,171.13136690448331,22.066665327399384,0.013027163217614561,0.08160994035535804,98.60347241062131,5291.0401597743285,261.65169811053283
14293.779886841388,564.8006912907167,383.12777100149054,14.781140631159143,58.26865230062192,10.517217648362784,423.5866888173664,41.10938109982266,55.51234352450056,839.864549376509,55.164749953178315,12.129306024767512,0.013155370777286774,9.423790344871271,52.966427309481496,0.08140403107671561,542.9515507614061,298.122753219744,1.209417923363768,112.88199839833267,2989.698407492727,1358.4273107511146,40.20518627764734,64.45571934651116,396.95789776434316,91.80556124037506,27.4968278280563,174.14244315659252,22.040924282805854,0.013097873139998672,0.08160628159498631,98.4807241894602,5290.467425831132,262.99376549833977
14287.42554606175,558.6208576085552,403.9620941953032,12.510320501613974,59.40484502950693,10.744036712832221,413.51806961909557,41.426908401032755,51.68809982109488,853.6763037956857,46.07191103007142,11.331806264450572,0.011930175041128269,9.593935540626996,52.358066496707295,0.07862258335271739,541.5952224530813,299.0734076843885,1.2440640531006957,113.30755355260253,2988.560928389336,1386.8119013675812,38.07416029412257,89.88766744638657,372.7569557105849,94.32835521197615,28.14081666770975,180.74582630291044,16.82508789024114,0.011875424890170024,0.07882181293814318,98.96338649243043,5247.235150710569,264.7865568219295
14294.0430125434,558.2343278923003,403.658172445738,12.520522632903006,59.253422256242295,10.90298104087147,413.90267080244234,41.127553949346606,51.80774666297318,853.6578904288243,46.06307471023667,11.249681485757879,0.011997066310909563,9.447820729899336,52.319230515618976,0.0786184096779492,540.7266172178317,300.51226411756784,1.237545882856294,113.1517753460417,2991.4793283215904,1387.0039179231208,38.12201754769521,90.032506660387,372.65880152442213,94.48721958451004,28.051601606217005,183.79907746222972,16.8029319194768,0.01194219031639282,0.07881774319810661,98.84204499732999,5246.672247960584,266.13664350888115
14268.919521833179,555.3331469918103,404.2555729216658,10.010642697802012,61.0385776267007,11.004114968071956,410.21482204982425,40.01170793852632,48.29132115452113,854.9757702025844,49.505683761568434,11.310727314011096,0.01253579316690705,8.91346823564331,53.267591122160816,0.0735533747717397,535.7534054356871,301.6090316693177,1.1676516711396665,112.37462996180125,2990.969030490148,1391.624349831752,38.520995094667484,93.65748258794086,346.83222549637173,95.69085044473117,28.888334349853103,187.23266228418578,19.467890474239432,0.012479565908668009,0.07374572556303824,98.20047547968285,5240.797926099078,267.8271190182826
14278.299423830622,554.9683282439659,404.0623112624725,10.019796714980044,60.886953356505565,11.166736513521819,410.7193717515615,39.710523731171946,48.4034004581789,855.2654313200158,49.49560621198877,11.235596619461457,0.012627568240311613,8.76891146111764,53.253185311173866,0.07353737653347281,534.8604433698889,303.05532703523494,1.160582203011622,112.2109915001242,2993.9318881480262,1392.032057463298,38.58866604276997,93.75355881888943,346.7432123473981,95.84229876005054,28.797687621402076,190.3264455204193,19.44424831300277,0.01257116166304988,0.07372981741308718,98.07191615672963,5242.1667457796675,269.1847358707433
14449.686501437673,554.6906078144248,427.44701446689004,19.101404392951846,56.62401526603314,11.61284590071553,412.13756583125195,42.07407600801637,58.072556148094684,867.6459402078314,54.0228046885527,10.130031458831873,0.009690531323082504,9.863637402584008,49.13143512817419,0.08698552576753424,544.9410289929527,304.7979139659206,1.380603940399462,114.41713582861185,3002.437260718459,1420.8206045070033,33.35537693409996,120.02491637035457,419.10113305720495,95.9597431508043,27.020914050460508,194.56204260433202,21.559856871130012,0.009641617317922263,0.08719673615141452,99.98641034951044,5206.371141096035,270.20296987548215
14456.554993899203,554.3002905454074,427.1302705518619,19.114173673456957,56.47417250556805,11.780274020830442,412.5266223580065,41.76841231060271,58.201099246159366,867.6272322064767,54.01311936937048,10.051293390531047,0.009751583983131893,9.713525442438266,49.09328288118653,0.08698128848042902,544.0583055307321,306.26254899025105,1.3736516117164714,114.25848088470646,3005.401618075301,1421.0173667613305,33.40090481068457,120.19445980794984,418.99578737152336,96.12211714056686,26.932311211627642,197.7717669241603,21.53443053785521,0.00970254106139558,0.0871926098212285,99.86281231450833,5205.802977538084,271.578057862963
14343.398300455565,557.1226071776799,409.1095235905941,13.709220367459665,56.84662040674573,11.808044914775994,416.1930145791679,40.938305350513765,54.11268480483494,857.6650168035682,32.269137639262375,10.376331204615148,0.01144186484881831,9.372805244989975,51.02014328410398,0.08292300815116212,540.9752591212307,308.0535740142131,1.297477746880377,113.3336154994367,3008.4133250126556,1391.3656115452059,37.77650125234144,96.75183261686924,385.5200243017944,94.94023273543714,26.81592841688815,201.24909310492706,8.45667495606647,0.011388541866055505,0.08312923960181871,99.10954143817104,5235.880807449137,272.7264632215311
14350.294141125849,556.7366211935416,408.80358065532715,13.719906540646567,56.69855995171641,11.974654584858026,416.5788950058009,40.640661432228946,54.235050027452196,857.6463936251333,32.26172901698997,10.297858778417927,0.011507460244862903,9.228361833592746,50.981857764440505,0.08291838549958927,540.1068684993179,309.5258133708125,1.2908112516080954,113.17786663369226,3011.3411062487007,1391.5582429846518,37.82393534176693,96.90216768308457,385.4200169591138,95.09960321007951,26.72886941386496,204.4701592048858,8.440980240775579,0.011454011659501585,0.08312472386155893,98.9881185534163,5235.318483221211,274.1079633174539
14366.61194808646,555.0908819422274,403.0874500585724,13.479232745740855,58.25989652429218,12.063578770289068,416.5440223456448,38.95256926354255,53.39083442699311,854.5912401057262,53.0483857244355,10.704857672731132,0.012338583348169103,8.389366426340182,51.86365087633843,0.0788809424222822,534.4626414493512,310.6402398404486,1.1876634876016146,112.01972999841963,3011.940753134812,1392.5779255754944,37.79065332072277,93.12252822090774,377.52456113231693,95.78882773991558,27.50798188457842,205.43580165541786,21.1690225559576,0.01228315297427246,0.0790812827983251,98.01092615694071,5242.013015726615,275.7711253625414
14373.565786302896,554.7056005334712,402.7837676269343,13.48982892103891,58.1100056942952,12.231975281675968,416.9300654216994,38.66224709907323,53.512381210356416,854.5726503291337,53.03888656130838,10.625150324296353,0.012406697071590615,8.252741036024757,51.825050110832784,0.07887643384489888,533.5994958905853,312.118639977369,1.1812857149624771,111.86488688022514,3014.8702498933735,1392.7706409148361,37.838096291556354,93.27001779650165,377.42559633801585,95.94890857487377,27.419805740173242,208.6900678799064,21.144186751539245,0.012351141988780012,0.07907687837804793,97.89017833215587,5241.450362292117,277.1603057332797
14460.211073298726,552.4047561028249,420.9402882253203,17.32666318662381,56.473972217113804,12.567934951585627,414.35907153087,39.77802438752762,57.05023807519209,865.0961296474827,53.458778580234636,9.85772152614796,0.010601118040977712,8.759695773033986,49.65017817528468,0.08440940702584775,537.6860887919731,313.54819580096324,1.2935319659382518,113.0068608462344,3019.0836652942394,1416.500507486457,34.57997527681811,115.66845265162597,404.9383857722709,96.91306906467346,26.799032183356633,213.71565824406412,21.22727193791997,0.010550021563783032,0.08461781194233435,98.91878399768596,5209.884217338123,278.53374590856873
14467.318998501125,552.0152440445327,420.62596478898337,17.33882490296482,56.32432824758316,12.742087890015979,414.74917494853315,39.48083339280443,57.17764533151533,865.0774491557455,53.44914395586439,9.780051042491682,0.01066497036177828,8.61826645740257,49.61182500723627,0.08440523295573589,536.8092633698781,315.0336807615567,1.2868027234820656,112.84918704339154,3022.0562269068746,1416.6969703892307,34.62633108554763,115.83489184441899,404.83483547805406,97.07624728494167,26.71079417422058,217.0790337837128,21.20204253976906,0.010613746322878571,0.08461374709087217,98.79584781050224,5209.315862118869,279.92984432427073
14574.035256382374,543.8190076674471,457.6263950888788,19.41403875724255,56.61939811695463,13.122641729501353,402.6023418125402,40.493947948026104,56.943327857780254,887.3484380257428,58.80298861175127,8.687658404391751,0.008266222465459463,9.074317070791961,47.31338403442342,0.08574398168133295,538.2641423230722,315.8203493114053,1.3983753223328603,114.08159796326166,3021.4792660615753,1468.8058697413796,29.50635503889613,172.10150723975894,409.1139401387057,100.57217437154299,27.15901229937094,224.60233088256098,25.36003965743915,0.008221303918594752,0.08595502020519842,99.9618097389461,5141.884359465831,281.86805517255465
14581.209574712151,543.4376588353279,457.302815891458,19.426755042668667,56.47163405841896,13.298249458863184,402.98187100748044,40.19792675294103,57.068850974061554,887.329495316608,58.79298746189085,8.615867408317508,0.008321990846250155,8.932201257226197,47.27651577942724,0.08573928105683369,537.3979312945893,317.31101051087654,1.3914541438844434,113.9253358084034,3024.413396737416,1469.003789127562,29.54827833292678,172.30199176144953,409.0109178056807,100.73620179672776,27.07139769714503,228.0044358156009,25.332855630040797,0.00827694395247039,0.08595042835437156,99.83986573886912,5141.327105758602,283.27248886347763
14575.55230260663,555.2113835649515,415.7590857351063,24.652013022356577,52.93448204913224,13.362273088871468,424.0280592783279,39.55336737272819,65.587135356579,861.112739877553,60.014851594667064,9.509574493266157,0.010253197192677102,8.622193676678295,47.91375948938705,0.09367532974973262,540.2519113374502,320.039668648926,1.355638374616695,113.18361643356174,3036.7360478240007,1410.0361745006467,33.80859394564669,107.32653682900472,460.35720336855155,95.73699098802051,25.08129177690025,225.076559856228,24.51811732068389,0.010203305258528826,0.09389607711809368,99.05507311407646,5220.9290300501525,283.59090172923885
14582.716700435221,554.8260354268882,415.45075734507634,24.66633349747673,52.791548838812815,13.53946207214112,424.4175161845873,39.26087283714061,65.72190345663454,861.0942464840751,60.00476637735531,9.434354580023935,0.010315216005671845,8.48370529876382,47.87660862255655,0.0936707740189952,539.3843843982373,321.52804619956527,1.3488338117589413,113.02792347562783,3039.677870070725,1410.2297921298016,33.853691657524934,107.48479816617011,460.24812307856695,95.89703665420147,24.99707000815447,228.48224554055486,24.491370003781295,0.01026519881958844,0.09389163522959475,98.93367540511704,5220.367540119547,284.9880458702817
14563.626846441803,546.1995421029253,446.75051693287617,19.37930528207564,54.50015556103947,13.822294035908318,409.33604085087194,39.901301815307846,58.78375332903095,881.2979197350802,41.423253277056425,8.435349455308218,0.008825661447735002,8.820837982027689,47.23058581759988,0.08879115563058552,537.7496606303406,322.3115983873965,1.4045463259463333,113.7119572499595,3036.520594515663,1450.1261686031228,31.445950612216276,154.6597196733937,416.3718974283613,99.54084954677462,25.930171631538535,238.42505956388868,13.666972524499172,0.00877936847736703,0.08900691340066508,99.70343609516493,5158.936768378207,287.0452359992665
14570.99592407781,545.812199620669,446.42679329471605,19.39215940584648,54.35308914901693,14.004892177757991,409.72373583791205,39.603712241600384,58.9131370494851,881.2792342541144,41.41478766538983,8.363415431078854,0.008883855301583359,8.678941877384283,47.193129999620695,0.0887872226404175,536.8730653801193,323.8054353784045,1.3975439749733178,113.5537448049495,3039.502020604863,1450.3246434510752,31.490371756148154,154.8520807718314,416.2670894749068,99.70623261383682,25.84334857678377,241.97681819542592,13.646716245446314,0.008837433587500462,0.08900309242287456,99.58000490589818,5158.371229655816,288.4508386787866
14598.08957764546,551.5148360014912,430.58519779132007,23.66485206530425,51.75923514572052,14.190491781718135,420.37011705240326,39.73814639799443,64.8612100225456,870.887732074876,39.66907351114435,8.54461244624614,0.009331833910286521,8.738433881930007,46.757174251258185,0.09550460439224343,540.1606416557993,326.022069118932,1.4271243753482572,113.61419323673589,3048.2059553897166,1426.161921428537,32.83859196289288,128.33428929764696,454.19055542156826,97.27934434528451,24.48843123421272,242.8539691942479,11.920996161115003,0.009284404951247273,0.09572902218737052,99.57741469236791,5190.275410502731,289.24770733893047
14605.45057957921,551.1307730354625,430.27141899859464,23.678882929834586,51.617898615565174,14.373071654468273,420.75789085198204,39.44496817785018,64.9952306174347,870.8691340123963,39.66087419325549,8.473318757849588,0.009391004903103422,8.599011346682715,46.72047460143018,0.09550000439429294,539.2931880287434,327.5242770866995,1.4201424841872772,113.45820431199043,3051.1533267633204,1426.3566430172873,32.88303823478313,128.50734222434735,454.08220822272506,97.44067351763154,24.405211658828552,246.39110076613,11.902347764952774,0.009343450041933375,0.09572453715285655,99.455697226389,5189.715571379894,290.6587001020019
14461.59052105665,544.4631221004191,426.06744016730835,12.047992308240689,57.18944218584612,14.29674377551701,410.03805099665277,36.61021530890638,51.637627756749716,871.2013575859924,40.3268867597151,8.908561642310675,0.011358201605547302,7.31993794608776,50.26212858613605,0.07773266715922052,525.3891069318979,328.05928542797204,1.1904410446780593,111.16504457995936,3043.7338244533526,1428.5265335617405,35.57430681437769,131.41723820911852,358.6310330581062,100.28295863101243,26.94275671093923,251.41460452972177,13.495248354459653,0.01130538200075993,0.07793355867230732,97.54929269178513,5184.652775764113,293.0182333640974
14471.712083580933,544.1018920464761,425.8690326075202,12.058034518366945,57.04267954705896,14.48202168770711,410.5424920090195,36.32214232811335,51.75352303157892,871.4937541237286,40.317791347784514,8.841898745707276,0.01144556784831533,7.188994120967789,50.248135105321154,0.07771622066688204,524.5048279671234,329.56759195995414,1.1833028173272921,111.00228951392933,3046.7226958497185,1428.939611093531,35.63933916784772,131.53104116468162,358.5405184157645,100.43799687164632,26.85521807140781,254.99763441362802,13.475565338737736,0.011392570346273183,0.07791720504329186,97.4211604661831,5186.014244035719,294.43818365048
14666.870737312409,543.9479942346472,444.490127499754,22.666229839492292,53.49770298211401,14.942821355748634,413.28747400384566,37.835368356455106,62.25650307709318,880.7596428758214,59.18787164842541,8.151860617121034,0.009068213415017451,7.813356033985274,46.64061455576569,0.09019119378264809,532.3404787645974,331.2814629997732,1.3532814700390177,112.66243054330276,3054.802299654853,1455.7266822253666,30.624644857570786,155.6293538999104,434.7270105858383,100.50947806100808,25.44199380433285,257.8607337797024,24.76848002600298,0.009021492358515746,0.09040906079247359,98.81641159576134,5159.047501378957,295.6022366247737
14674.53684348807,543.5662453376173,444.16463930570876,22.67935711319168,53.35061889292324,15.132362450708062,413.6789280075078,37.54748023565922,62.389215302990195,880.7358520559362,59.177782607901776,8.081186204144682,0.00912641673711622,7.680585764772644,46.60349494931733,0.09018682901475421,531.479469551735,332.7958478440513,1.3438342642701304,112.48033799856044,3057.833670510548,1455.9395586097282,30.66762172633652,155.82416107191085,434.6234616988981,100.67359570726862,25.355271229656758,261.5488127111789,24.740822736961803,0.00907957031640012,0.09040480991716611,98.74438539973434,5158.4707582232,297.02868834966586
14611.723529941215,545.6163455033509,425.51477271356066,19.51331123661987,54.11219499616986,15.164286355370805,418.00993567456885,36.13818455676212,60.29056821317112,870.1960666849117,59.16376700856714,8.58168811270593,0.010727823648775737,7.0553289157871575,48.27289084661963,0.08616124656494062,526.9354133168604,334.44105021788874,1.2374284139586877,111.24010342296653,3060.4581928414673,1432.5777511847891,33.51499507745032,130.12466238963185,415.4272652742434,99.78932681511625,25.545791109742108,263.116750056242,24.739859786410374,0.010676878777563872,0.08637365128675649,97.64866424672296,5188.719905459337,298.3830899099443
14619.337445860892,545.2343668960818,425.2027547941514,19.52605998724179,53.967741763975575,15.353017380218953,418.39665728363036,35.85856710865068,60.41972589682813,870.177307950641,59.15373522391585,8.510337217102268,0.010791342273606678,6.930082822539891,48.235650554761655,0.08615653451659565,526.0783699306065,335.9749756397066,1.2309182151913656,111.08580026504191,3063.411184329067,1432.7732145720258,33.559674513681856,130.29899847308218,415.32345102954633,99.95271486409312,25.460820589328627,266.7979602728332,24.713010298836775,0.010740272969782765,0.08636904826739933,97.52813984766672,5188.16011952634,299.82803141607764
14717.161464698689,545.3575030387865,436.6265197332157,25.584137586294823,51.58356582024898,15.717813022700852,419.9443519489639,36.97599447097328,66.2444668300951,876.1076064114786,59.53233876744499,7.965397947456734,0.009376660643285102,7.413195796866749,46.12439934090616,0.09408325297175824,531.3093265382479,337.72696017097434,1.349366222625357,112.20534959995523,3069.744964291506,1446.1104144135102,31.153275242028336,144.30422959436638,457.211957384457,99.89977193138029,24.431094848807792,271.20613193249767,24.40818004492223,0.009329331842866457,0.09430650361354331,98.50925817026088,5171.185997191237,301.02080065740887
14724.860022150207,544.9756150641813,436.3104533618104,25.598735088478954,51.442530353519444,15.909947148855089,420.3319671305171,36.693148079290246,66.3798484407217,876.0887840674616,59.52227578254546,7.896662242951358,0.009436050735323524,7.284798521410909,46.08799737365244,0.09407832906105086,530.4487320442748,339.2683940441387,1.3425675615310386,112.05037820098212,3072.702431641199,1446.3067988093173,31.19635223141096,144.48781564570263,457.1030469451456,100.06325033592849,24.348000420479806,274.94330710239655,24.381511195127647,0.009388596727000337,0.0943016938554715,98.388203671835,5170.627157908511,302.4721070664504
14682.401748914455,552.6447665863428,413.7111593844982,26.592007614377287,48.6763762713699,16.054514847772314,432.7076939517988,37.03781350858486,70.32534359353174,861.873124068017,37.108761474702774,8.098468383703228,0.01047837067385505,7.478845884973733,46.359928191501886,0.10004315218537853,534.164142464862,341.82474600457874,1.3692845247389909,112.05510394287316,3082.1870336388824,1406.6397901836135,34.78223170069032,108.35495543301684,478.9227055961919,96.79594806231128,22.765584872699026,277.1328671129357,9.894235932386717,0.010428440041914613,0.1002743186970348,98.38033763260684,5215.180813910178,303.0619398591175
14690.227102176794,552.2551699041331,413.39954720136063,26.60707362531357,48.537453974860654,16.251269604287966,433.1063390685732,36.751061064891864,70.46679175576597,861.8544784069965,37.100734357899974,8.02808332642609,0.010541852810898391,7.348208692074871,46.32286786094447,0.10003860797493022,533.2901946211678,343.3756902013698,1.362360791438685,111.89809574975729,3085.190492487788,1406.8355680950597,34.82872283275262,108.51604881881252,478.8100917447135,96.95902769250263,22.684263421004623,280.9610669066694,9.877013641503915,0.010491797100036442,0.10026989373988779,98.25773659651091,5214.612169849028,304.5181377315627
14745.072334588893,545.1457334347886,430.60940787001135,26.134635034858828,50.703066704716235,16.478598086308363,423.77356424851547,35.783349713187356,67.63708137075628,873.0335068408726,59.61979566356142,7.798528421687034,0.009855900412830711,6.876264778757344,46.09214054314781,0.09479777079409953,528.1436314434152,344.02631371715466,1.3165667626416646,111.49456716103153,3082.5962782586794,1440.122216894694,31.838611642104222,137.5130453498306,461.7275787277896,99.98789680755166,23.916103481777117,285.56301583642744,24.22128355133903,0.009807480838718925,0.09502231958378139,97.9294426668406,5178.0758580536485,306.7047680511694
14752.923155162995,544.7639196264698,430.2955272910566,26.149388727171015,50.5632409397847,16.675313218429814,424.162942224442,35.505111082441935,67.77387787762218,873.0147175481128,59.60972528947114,7.7305180787255585,0.009916786936394858,6.752625434725188,46.055751310162016,0.09479282822112448,527.2856056562988,345.5820404568422,1.3098513434214976,111.34008755708618,3085.5599282889707,1440.31819427852,31.882159713317293,137.69226080854162,461.61813175485065,100.15144727157748,23.833890255793754,289.39749909982606,24.1947170290723,0.009868243100807417,0.09501749160619671,97.80874506111415,5177.516646598347,308.16969599093414
14691.42391753442,548.3981413279882,412.3252446622837,23.749340570025215,50.11444834556853,16.756961495816878,430.462066225403,34.839442014714926,67.1938266263619,862.4189701409513,48.25387280135983,8.04893593089963,0.01126713045601655,6.485376014431955,47.18924244494579,0.09395208615880074,525.7764057146536,347.5547683526171,1.2570954300980046,110.62317112670569,3090.3351977091716,1413.0901990881114,34.9820305114592,112.040750842188,452.9779599785233,98.59186519299338,23.41827497965834,291.8622423845895,16.67489281099058,0.011215308430156938,0.09417567889155855,97.18371790068832,5209.313130588234,309.2957361190484
14699.340931005241,548.0151900396726,412.0181014554547,23.763404972418787,49.97543713951156,16.955326258721712,430.8545042834044,34.56490486408992,67.33017438018568,862.400295420332,48.24481308911396,7.979839950971647,0.011332223773714229,6.365318465020151,47.15242259889975,0.09394716568168507,524.9203057752018,349.11844380380614,1.2505336325342906,110.46929659133905,3093.302564665612,1413.2843285109707,35.02767701809127,112.202524116252,452.86955502312577,98.75427036555398,23.33692265349018,295.7386470743373,16.652851206695516,0.011280279094621457,0.09417087247080311,97.06348086636787,5208.75223487352,310.7668313695257
14841.566083653783,544.24177579175,436.6043371192071,31.0643744517846,48.56656967615876,17.397514476889818,426.61653962761,35.62414849203182,72.5563001881975,876.5054885319252,59.878187748057236,7.235484719043805,0.009141468731160967,6.7913237863407625,44.550120834257456,0.10070367008446121,529.0218899384315,350.43485213761915,1.3775490393753982,111.74800005329786,3097.0312565852196,1448.7183343582067,30.435243410205103,146.52420685764906,493.0163876513755,100.374726249275,22.913370567190547,301.4039847836152,23.90669614621468,0.009095107290217222,0.10093636116851341,98.19698496522889,5166.2472879834,312.3632708769501
14849.621684190539,543.8551282399743,436.28431131746987,31.080648273402662,48.42774523452756,17.60229801610966,427.0123315570907,35.34299142005705,72.70003590397737,876.4868539255997,59.86800947029953,7.1688742512831265,0.009200692909227898,6.666887574675069,44.513743614024605,0.10069948156103033,528.1524403488602,351.9924248188065,1.3706143967745408,111.59116030674824,3100.042235263682,1448.9167128428298,30.478945105845156,146.71144185316007,492.9023399785209,100.54080031079295,22.831758641835435,305.3957446166406,23.879903070699527,0.009154205591226582,0.10093229217732771,98.07449009566368,5165.681348690915,313.82947837803476
14796.159883788498,547.9013503400491,420.3797300138745,29.415179556901652,47.38781392325225,17.727024365710164,433.73573627651746,35.107519551340495,73.14165993058725,866.9955588819504,44.111140701782965,7.345323206194537,0.010192852612892206,6.592475124055348,45.211034163040246,0.10183340427406268,528.3729862130083,354.1106623009892,1.3516654518645117,111.22010431352697,3105.8067193816933,1422.5480731059558,33.25936479469201,122.17121759690892,491.60034732929194,98.8001164763067,22.142658511168413,308.52214963275617,13.71164123186175,0.01014390158870923,0.1020678160413338,97.75989411848167,5194.630805756068,314.87569356414895
14804.218718476488,547.5185478376565,420.0696926981298,29.430822254669064,47.252581619755084,17.93102237197378,434.1296250408291,34.83198466746142,73.28397417038211,866.9770024254801,44.10249446748371,7.279232728667696,0.010254688928108652,6.471449838854322,45.17494651594427,0.10182865430501621,527.5150536219901,355.67617234469543,1.3448708798249034,111.06576821338592,3108.78180139632,1422.7425478375337,33.30409481736822,122.34006550704204,491.4876260954699,98.96270127089979,22.063528576087382,312.50729974826993,13.691640705733622,0.010205614987329904,0.10206318489451328,97.63929292338449,5194.070731782967,316.3477939751118
14808.193017338966,545.9767078082423,415.28405612001785,28.207604423470897,48.525990373913814,18.048208696372512,433.6684146925589,33.50304347192402,71.70077722293216,864.6011542823943,59.94060905271682,7.534830583313614,0.010968795111833454,5.881317326981232,45.98294470884007,0.09751266958717497,522.5613713812752,356.94449527517907,1.2537277946490373,110.06878153475013,3109.521379699732,1422.9949156499622,33.52880090439566,118.98450419861284,478.6291986183004,99.62530619119974,22.67474866282342,314.6197805956473,23.757349345047963,0.010917957895725434,0.09774137988144024,96.82105006174753,5199.030807576712,318.10400028277496
14818.983890888772,545.6149759169675,415.08817570352477,28.222969110707954,48.390807740352585,18.25630691282346,434.1871830960196,33.22749080272659,71.83733224446942,864.892441212428,59.92952011348519,7.473532641070035,0.01105465354784253,5.7640054515928245,45.969560203272806,0.09749424895682685,521.6794763021887,358.51772886997986,1.246401999821121,109.9068312628223,3112.542371412005,1423.4071926932752,33.59193678149079,119.09279145835819,478.52463076710677,99.77983542436532,22.59444817254681,318.62646550303305,23.731231386849895,0.01100364218397191,0.09772306544497615,96.69339716751557,5200.394162223188,319.5834127046501
14840.991123345477,541.2091280020269,439.7931197079204,27.349345204357224,47.80344097380838,18.64612125559494,426.0509863495185,34.52157811600191,70.24980444198519,880.1646973598249,39.30511008092714,6.594586849432465,0.009334768145794401,6.340732218780582,44.46992685099275,0.09952134951821405,524.6832721439797,359.91569165092767,1.3637588133688276,111.12619575894182,3114.2320806868793,1451.1261934880943,31.361554227836272,154.33129026940122,471.5724394024401,101.67883453666114,22.3942386148414,328.69297697345365,11.36400811307126,0.009288020441359544,0.09975393749451605,97.88553273434042,5155.301136140789,321.24544430367894
14849.314490727826,540.8235593939678,439.47192714854344,27.364615078255866,47.66571231161242,18.858104929361662,426.4465159078458,34.244814844553936,70.39123823556793,880.1460238962069,39.29686376139684,6.531001831562896,0.009394614200253502,6.220514316107916,44.433582393232385,0.0995171856555047,523.817396631358,361.49417019086616,1.356859012280694,110.96979312966076,3117.2514072044405,1451.324736757264,31.405915742805593,154.5234470774969,471.46089972271454,101.8459835221706,22.313557327272587,332.86094648743534,11.34553782315191,0.009347741200891647,0.09974989240697331,97.76323233874209,5154.735796733646,322.73232754483985
14877.735094809243,540.3927818641345,432.33754099194886,28.480095114163333,48.37527467042252,18.995583332209055,428.3585608190764,32.981271331683566,71.11912020768528,876.0169405657629,59.59685680009739,6.82594272168069,0.010033689362421322,5.654589171619636,44.94270163539726,0.097354938288753,519.8650586511584,362.8925964470231,1.2780584588850312,110.07297204927009,3119.326824012992,1449.1705031102617,31.397093995526543,146.625628708343,474.07017371683094,102.03807370126552,22.672421624320346,333.8616831496448,23.82975345534931,0.009985224287603978,0.09758434675266303,96.9305448458044,5165.02496463287,324.3865268251244
14886.043464742022,540.0126118779157,432.02312424191246,28.495487202960035,48.23863965391833,19.206733834705336,428.7500009353789,32.71422718243784,71.25945395387251,875.9982878155208,59.586806766673725,6.762237049380791,0.010095041718281196,5.54254431448907,44.906721261190405,0.0973502939431895,519.0140641779109,364.47737862923407,1.2714517172339568,109.91943420598598,3122.3083729662276,1449.3667891038792,31.44055413690986,146.8105994796161,473.95948062877534,102.20330011201574,22.592349850243693,338.0067436457918,23.803384389854877,0.010046453838574812,0.09757981846397688,96.81045646060254,5164.466489002616,325.88066853680374
14758.946875196047,535.2517514041107,429.2283847852674,17.67009490370215,52.00223056078974,19.199789950058303,420.55914195203343,30.94835827626623,60.09423111719092,876.588558915156,51.63988325630019,6.957681431370018,0.011581606436667457,4.852193394522393,47.489865640979254,0.08395814165141276,509.27643414739686,365.3775430588771,1.1195015343582138,108.33871142469263,3117.6986684636645,1449.1293518124864,33.796090189150064,149.16385411451932,396.05147911428736,104.2945525301072,24.2555013383117,344.427984014953,19.794928832675016,0.011529172541599941,0.08417023472219232,95.52309525252151,5159.972354948676,328.05341967627265
14767.380221100786,534.8734188863781,428.9150080312586,17.682226702190473,51.86062352068749,19.41208070170333,420.9470406947777,30.68963712680407,60.22317844003685,876.5697314054146,51.630511054699596,6.893450373538228,0.011647600610642296,4.748422842730611,47.45292867625458,0.08395349023648567,508.43387991090526,366.98076586476134,1.1133097311869276,108.18643455152213,3120.6791406440407,1449.3259410830294,33.84095653832692,149.35050483964255,395.9501149103091,104.46158664272313,24.17270631540007,348.63792021760975,19.770912845050752,0.01159504474206447,0.08416569079508802,95.40389023638042,5159.414121928631,329.5684145584081
14820.221304262584,542.1002549268783,413.6376851436504,24.288147898053875,48.09635291848329,19.692262491149684,434.3503843051729,31.35807911961284,69.14640204133207,865.8111328861282,46.7149489982303,6.951515739556915,0.011764868572797382,5.012271083867148,46.311999577180835,0.0944587127461955,514.5599270525464,369.59456496945637,1.1873215941237505,108.71775702227512,3131.8992902117056,1423.0824705739542,34.90694967254239,121.73160926305438,452.7938768285354,101.28858141094966,22.28461066448066,349.5531360023153,15.562095165223807,0.01171232955320693,0.09468481012987402,95.80352462766112,5193.409172619023,330.16235873443924
14828.777252241262,541.7143935731622,413.3261006377919,24.302546580875635,47.95826138846805,19.910106715352256,434.7497852203279,31.094272351680807,69.28666016454625,865.7924446762158,46.70594258548425,6.88631634412154,0.011832129260612141,4.905428890864833,46.27495841258106,0.09445429718793008,513.7021730069108,371.2072085209392,1.1808749011125879,108.5631054223817,3134.926867529978,1423.27938937777,34.953524053385806,121.90235343235085,452.68437820887203,101.45540108721397,22.20415362065966,353.8509132674401,15.540494250139046,0.011779467781885667,0.09468051027075915,95.6825403541558,5192.841716781329,331.68219448064946
14957.844687810086,537.686604876446,439.18391103841367,30.5357930714048,46.65757974608704,20.389221733471047,429.58707123193176,32.20381606880705,73.61794464988299,880.815208561394,52.86204254373627,6.1399751875891155,0.009564505029964247,5.331316833389233,43.76228317924976,0.10071711978892446,517.8076146294849,372.5614530015538,1.3092020260357555,109.88969501195278,3138.356663734413,1459.1985364853815,30.54522280496498,159.41089825485844,486.4417939840057,103.21791858040504,21.812803157334066,360.90563977952235,19.25580333668595,0.009517440758880667,0.10095189567437635,96.87870248119116,5147.915363082631,333.34385777661015
14966.429832230871,537.307412668243,438.866920225486,30.551740567943277,46.52345204996631,20.607971607650715,429.97911032592356,31.939888513054076,73.76065823706071,880.7963357156626,52.852560079899526,6.079645489765867,0.009624486124141376,5.222516491654888,43.72682575401349,0.10071202523873074,516.9580297394219,374.18034288991,1.3025054398785296,109.73633162782397,3141.346991620416,1459.395807544598,30.58787747843284,159.60385166192384,486.32945591620216,103.3840886546858,21.734291416475372,365.2148002759099,19.232116750806025,0.009577299204051171,0.10094691933678343,96.75865433823418,5147.3577826561495,334.8710057637761
15030.937404885799,533.598828590289,462.721373674263,32.420214234417024,45.57522629871372,21.039593463552837,423.81193454956156,33.144693579603164,74.54944385871221,894.9081175804857,41.39348613487875,5.353563226269086,0.007960073110622513,5.728484131126059,41.97022363750891,0.10459922690565665,520.4802566875804,375.6381338124253,1.4257661280138432,110.96488968939808,3144.0497597783774,1487.4555069491487,27.978037986679546,197.15926787157358,495.46767635186933,105.02346459812351,21.39726075165877,374.4190329567311,12.43461902179759,0.007917327955941725,0.10483996861887258,97.92321295965829,5106.1796393454615,336.5003804413303
15039.639374805141,533.2210807961156,462.3959978623512,32.43664637654346,45.44266459153145,21.26179553872498,424.2013301490294,32.87693040773907,74.69305706045583,894.8890943517579,41.385095154730244,5.297239256307398,0.00801480077638043,5.615683413681569,41.93549993776008,0.10459403509869211,519.6284811722958,377.2636872707842,1.4187774100028636,110.81077759293088,3147.042798073122,1487.6546788350636,28.01886150201036,197.37384765596067,495.3543008031441,105.19108115996713,21.319501123821055,378.8078888854765,12.41558611048725,0.007971931430313967,0.10483489735583995,97.80251919421988,5105.624323817575,338.03473363688965
15080.965328578526,532.4837446908297,460.0079594109193,34.45658678468052,45.713342386830924,21.463489015411618,425.28806116889166,32.07173296415107,76.06904797908919,893.4995424452455,57.5897782599814,5.404873939067101,0.008204321286892257,5.257811143010442,41.96421093851488,0.10399484488948721,517.2307308804719,378.71527544898214,1.3761082905053061,110.3025804019235,3149.576897764328,1490.2856158981301,27.498270032239976,195.70821928936343,503.29280674792886,105.52368602032841,21.490364618403902,380.97955875349845,22.320419697359974,0.008160972897713803,0.10423461271256053,97.32536100536878,5108.165815973886,339.6788418773975
15089.806880998334,532.1013217295543,459.6793706458212,34.47373628103893,45.57871778763642,21.690892990319057,425.6832745166303,31.80493489413273,76.21615620921675,893.4805577633531,57.579778290157556,5.347401532102003,0.008260505113454551,5.148369328962916,41.92895169359174,0.10399021179931828,516.3707527187213,380.34767430104455,1.3691673047570934,110.14680527067648,3152.613005386254,1490.4871305212594,27.53960924159263,195.92469868748074,503.17736308827455,105.6939561175819,21.411355676263895,385.46579600307365,22.294548640021258,0.008217031472856151,0.10423010121964786,97.20341929957358,5107.603036573424,341.2204006562106
15069.466055573925,532.5186201792935,461.5682171874331,32.99930865695818,44.719887131244704,21.955380881951115,425.9658477584677,32.26087584640306,75.74162481778032,894.8041097775302,39.23330575176391,5.093575332069605,0.008096103899363995,5.360506404106031,41.67138718687505,0.10564875083622823,517.9183367564402,382.21892324672035,1.4135956876246663,110.49216288495752,3156.705952218585,1487.339091373458,28.14280166812029,197.52059965424567,499.2336542267983,105.50187751740418,20.926284232387122,392.36232805471747,11.100989928974181,0.008053107219037436,0.10589137901775991,97.56821215936148,5104.341184893367,342.5597248179123
15078.30331588639,532.1412306091057,461.24334338582,33.01587684818272,44.58851950989076,22.182342518171307,426.35619334629354,31.99677022382755,75.88644517214236,894.7852580726558,39.2251515956333,5.038564572290034,0.008151224495230081,5.251428823923777,41.6367412971893,0.10564391270188263,517.0689377765931,383.8453125209582,1.4066470089966507,110.33833285852744,3159.7053077822757,1487.5379453931096,28.183948700563406,197.73527660343825,499.12006117656955,105.66988380270143,20.849360411005748,396.8548201412739,11.08299459542852,0.008108104249797169,0.1058866619237668,97.44772929271484,5103.785999805247,344.0951021384885
15200.021213935297,527.6827502982175,484.5428981840816,38.2030314468826,44.168373180812495,22.61516834983098,420.7459824716174,32.52755391220903,78.59207362561514,908.0924844075741,49.73155799774115,4.55262659500144,0.006685260214399253,5.441582380376502,39.87942336287166,0.10908060513327862,518.6881345907988,385.083163333621,1.4912724224562388,111.16175880628876,3161.7376471016564,1521.6372331341822,24.705110824091108,239.62195538949172,521.2505095902045,107.68099514014224,20.852856533714856,403.4619238038246,17.325121223488246,0.006646378468989444,0.1093279669575642,98.19597629295338,5064.178585456989,345.9417238677881
15211.586441658068,527.327131300692,484.3313115118392,38.22091201093908,44.03940730529834,22.848040975042377,421.25696563150717,32.25605077755979,78.73503734958722,908.391007029267,49.72145748328293,4.505006965933362,0.00675232590686937,5.328763808919757,39.86695882891276,0.10906112244635273,517.809515286339,386.7171644771031,1.483281728682479,110.99900614648338,3164.783891904488,1522.0635593166942,24.759310202470562,239.77561732334806,521.1413849497168,107.84164817281015,20.775852538388357,407.9975030603856,17.30281849755172,0.006713268597339192,0.10930859733887287,98.06741991605755,5065.524143789219,347.4844380552583
15011.1963432221,540.2457373897059,407.0795227477639,31.443866349474945,44.770556711934155,22.44180726995192,445.2360649526847,28.629941525013557,77.7140742402906,862.9036671880477,60.027568689611805,6.252515800068895,0.012158650391718904,3.917040331073257,44.79537219382552,0.1010372254168277,507.825189718831,389.4272443706637,1.153023033511269,107.2607270368531,3171.956089952285,1422.8727506333742,34.34483371366046,117.44556697506641,497.27165627930157,102.09058375352014,20.598851477372353,399.1584463423496,23.04516698305434,0.01210577527222652,0.10127284298597465,94.69341701824423,5198.1518320200885,348.2166540304111
15020.186307352662,539.8605121653957,406.77050902703104,31.46023925936387,44.637271931815505,22.674310216890557,445.64039976072667,28.377949012147276,77.86282860501893,862.885177735961,60.01737772310824,6.1906059136657055,0.012226937786104394,3.8226750636445765,44.758894961098385,0.1010330299623493,506.9733438606851,391.069092939555,1.1466793930716943,107.10706964289183,3175.0032636834812,1423.0693516484434,34.391256528735866,117.61320281135612,497.15711745764804,102.25807069381067,20.521474911398634,403.7501658062025,23.018861246767226,0.01217394219556889,0.10126876721816162,94.57312793010354,5197.584147869396,349.764626876085
15132.832955580645,532.1237779569957,451.70753139859676,34.88862126021925,43.61167516689561,23.30324374798564,432.2292936156776,30.406835983617476,78.60182405997898,889.9482713863572,45.358336769932755,4.957867605430765,0.008824731392934364,4.600417103672493,41.642097701869474,0.10669246907290598,512.7138137092709,392.2318869814884,1.348004628046973,109.28216938103581,3176.223652724672,1479.5229579277939,28.879931593396243,184.93686680963793,510.454543771087,105.67567219582516,20.292183210147485,417.3478275676717,14.317212125273675,0.008779992272850276,0.10693682399890575,96.62155228346911,5117.660283341607,351.7133695562543
15141.89134793027,531.746528347531,451.3861471569861,34.90565708188434,43.4819466842537,23.537050678464862,432.6224979169213,30.150447580289526,78.7493521775556,889.9294709026626,45.34956915008829,4.903596619407447,0.008882274796449001,4.499409560832299,41.607463992599996,0.10668760709873086,511.86869503469444,393.87941927237364,1.3412192749878362,109.12918425948276,3179.23226420854,1479.7212887766048,28.9216138186852,185.14459474824014,510.33968117060846,105.84381674867653,20.216434894730035,421.9807515554317,14.296774552459391,0.008837413612237891,0.1069320836763684,96.50165551766881,5117.104374364938,353.269102503486
15160.313452263737,531.9327118960483,448.13788991300066,35.96668100215712,43.295151012796794,23.757543234993516,434.4281550653707,29.72401405100639,79.85307750811013,888.0308389271851,50.34661798565208,4.9365035991189155,0.009081307689629996,4.326417202834069,41.6189943969189,0.10702278270515404,510.7799827368032,395.5711346299454,1.3226439907672318,108.84116870956093,3182.654927597975,1477.3599088748417,29.002040459944478,180.64700312226458,516.0973162351652,105.76099868401889,20.117512106639467,425.4233991603183,17.187862772340093,0.009035976969285101,0.10726760575622031,96.24062205206016,5121.910083310299,354.8098443524803
15169.442646378186,531.5555300328979,447.8177782941408,35.983977993285706,43.165894509415075,23.9936125511235,434.8223580363853,29.470526876274572,80.00177468268289,888.0120587077497,50.337380806463585,4.882349991311834,0.009139680278197377,4.22848077985653,41.584370298484,0.10701791321051693,509.93646001620994,397.22565781834635,1.3159228496784956,108.6884926887318,3185.666582766302,1477.5580946965395,29.043810680027974,180.85230833811332,515.9818204749726,105.92921107929578,20.04209081455845,430.1008082131007,17.165469138676553,0.009094228013083334,0.10726285810777537,96.12096193945851,5121.353943556698,356.37240306779404
15100.750053091051,531.6165506340303,438.41036082096616,30.70425324161959,44.04920491100409,24.090409813426476,435.24812609981825,28.597410639810427,75.99576418082992,883.2788292011246,43.6652835788989,5.04077121584138,0.010182241384508817,3.914563857412626,42.83793533291445,0.1021172262622863,506.0097718783752,398.8633226036873,1.2405286295434845,107.83068320140517,3187.1158090304693,1465.001659102703,31.080678702088523,167.82343066837794,486.0088963809228,105.89893956100636,20.33682915604348,434.7514820192909,13.40590131522847,0.010134124278905431,0.10235611308929296,95.40132754388802,5134.306942241523,357.9995978237865
15110.065762419434,531.2344392593959,438.0895798824747,30.720442155720555,43.917055272555466,24.33129261415582,435.6479394601778,28.34550881904175,76.14280156716792,883.2599534147079,43.656576122064685,4.9852736539336,0.010244821422357548,3.8202100684843683,42.802310841093316,0.10211263518813125,505.1591770801427,400.5385353666743,1.2339388783447383,107.6766640524631,3190.1699519655017,1465.201457038132,31.124627301524423,168.02389999205602,485.8954524165953,106.0695120170251,20.259971915117525,439.5429736114668,13.385853158486709,0.010196582257294272,0.10235164243435356,95.2805975725481,5133.742724622452,359.58213661862715
15209.719743396496,530.9755526446725,442.4103492967939,37.21385080413649,42.9018429038363,24.67781152408541,437.7182127991181,28.352570216727432,81.43744620282068,885.1769044757075,59.72907100820897,4.870702925305242,0.009594319687997871,3.7952442963498054,41.65799742878967,0.10678521357433886,506.4846477359133,402.20942107276574,1.2686929346298266,107.93459429366395,3194.943272949534,1474.8765530465712,29.241583240470185,174.84373806843428,521.3701377773045,106.18939426894124,19.88264390483754,442.4063151722994,22.93250143129765,0.009547817727521439,0.10702991795811806,95.468422943187,5127.421758026923,361.09555273422404
15219.020919147066,530.5987347000577,442.09219602776176,37.231455757662836,42.773230770893704,24.918411355308205,438.1139438789427,28.10496001775343,81.58754430515648,885.1579849593477,59.71899140911003,4.816985890447546,0.009654394050542274,3.703534009805622,41.6234031557447,0.10677996779624473,505.6444070160771,403.89142415598667,1.262100898668832,107.78260179181657,3197.9604327848647,1475.0748810049765,29.283318080678452,175.0458130547715,521.2538362441275,106.35793829980506,19.80768946358035,447.17591276051394,22.906651550695134,0.009607771472562839,0.10702479400265473,95.34925205586626,5126.865288587809,362.68492823151473
15239.907943096354,524.3851901807461,470.68679293599547,34.04138226359789,43.150891390637405,25.343701098894716,426.8129449788951,28.978726163798424,77.40901302393645,902.8656246972455,41.58522887225012,4.121444458974827,0.008109068630576569,4.047426732519486,40.529869649724866,0.10570042121523454,506.5327186003146,405.0768927867652,1.3503800080076058,108.73922026333986,3197.4744950298186,1509.5035637885708,27.025218667494787,224.95252645960196,497.8628539549656,109.172553503802,20.081398037092146,459.73356350136805,12.398898226715335,0.008066399083524998,0.10594512903619045,96.32835284088776,5074.7928892449845,364.6963607174444
15249.343472609144,524.0107184485981,470.35862802688996,34.058220186229185,43.02190621645602,25.587517594281376,427.20371648469023,28.728390743742303,77.55535335385657,902.8465170781466,41.576818479239705,4.072043424264588,0.008164305240780772,3.952700178145457,40.49574710817781,0.10569520215046475,505.69243799091385,406.764874729766,1.3435787902348317,108.58666208075974,3200.492849532328,1509.7042063245992,27.06534127472018,225.18172830359578,497.74920468233154,109.34344764335542,20.00606953865292,464.59541885665124,12.379892683362042,0.008121513331356646,0.10594003111378865,96.20864627486091,5074.239283105751,366.29363242270466
15170.746483897263,524.7008288832217,448.9659382169149,28.752116562776532,44.89568037633154,25.55059267897262,430.10859740964423,26.772628785061702,73.3514994728929,891.2455988903923,52.61369513908661,4.599958394429534,0.010121059072113466,3.2401354751633678,42.695489835955314,0.09754678659568863,497.96415824721674,408.2729786421196,1.175927184003159,106.75414919705878,3200.9788237059697,1487.8351957978437,29.791790340182448,193.22005172815622,464.3238102907789,109.02875183872158,20.757992410419114,465.316349961308,19.254500842853453,0.010073173850206832,0.09778057960659721,94.57082143562117,5105.725517777,368.0673827780423
15180.23442121658,524.3262444466162,448.645436013072,28.767591345385178,44.76411137875002,25.795399964010663,430.5008743483429,26.53203183327187,73.49395468972158,891.226614629203,52.60423497691788,4.547759869131391,0.010182757938837394,3.1554398066801697,42.66046733809875,0.09754177286973809,497.1310180507949,409.9675997416777,1.1695810441973251,106.60299041978834,3203.998831374972,1488.0343931016573,29.833915850822333,193.43247764482552,464.21405602821676,109.19953343466368,20.681404235996727,470.2075588685518,19.23081505833311,0.010134752400607383,0.09777568205733433,94.45221227366036,5105.17022694402,369.6720115399324
15302.620586404897,523.0748388392428,466.0592330774487,36.04989633932291,42.817075399094655,26.3048096129276,429.7904073218343,27.575625276732634,79.41493488327205,900.6527631016714,54.3823569017211,4.062316660259385,0.00850617714895676,3.5108788775490174,40.45837961696924,0.10558817922652791,502.1186710918868,411.74332421530954,1.2950116353163785,107.83047799768063,3209.6287595319272,1509.9070536733086,26.889081037935618,221.03550381972542,506.29387735636436,109.77441226667295,19.900929721454983,477.029604325946,19.98048338909579,0.008462573892225357,0.10583284089563674,95.54495813914085,5078.137717521441,371.1288150024802
15312.272822018704,522.7055367244737,465.73003890620856,36.06624764103955,42.68735838969047,26.552810655397323,430.18446924445055,27.3330431632216,79.56266549569538,900.6285104689288,54.37276817395247,4.013299062847579,0.008561988967594823,3.423188666167635,40.4243817154768,0.10558252917185881,501.2929038232453,413.44504432287414,1.2858336260233065,107.65448041307911,3212.694854390214,1510.1220001460972,26.928296118551312,221.26489949785665,506.1830949005049,109.94361572383649,19.82530290216226,481.97493229819537,19.95600890203155,0.008518266538288324,0.10582731298792919,95.47574512653946,5077.572818757197,372.7401826650805
15320.483833596381,535.666629746749,422.6183562283787,45.35853109089492,38.81709827863022,26.683236401854888,454.2942409212854,27.1339210921011,91.93147776649468,873.1152772780405,52.73408251229313,4.593276227173661,0.01035447425934696,3.349964997781788,40.62719347419542,0.11746085642377646,506.0477745808005,416.79352771108717,1.2828524514543451,107.2212248193468,3227.26405561906,1446.7958601649655,30.99002731087392,143.26378622015582,578.6285144313654,104.0908317671884,17.7419848339697,477.42465068094475,17.28487493556483,0.010306571472228063,0.11771945368915834,94.95108717220661,5160.629306526799,372.8943469988821
15330.047311408453,535.2881261445023,422.3074943439103,45.37795533621561,38.69471387017141,26.933384648791804,454.6973544277697,26.89175397683416,92.09101985444204,873.0966554456842,52.72462884376513,4.541044425565026,0.010416798157804443,3.2638535541402027,40.59298450426268,0.11745575498617597,505.2081700510516,418.4918079513764,1.2762333144295286,107.0696896393314,3230.2967385399998,1446.9919852788046,31.033204898167472,143.44662485619344,578.5062214570414,104.25771121026045,17.671160664655932,482.37893081885863,17.26241817290405,0.01036877698043643,0.11771448011501373,94.83223168047165,5160.071068596928,374.4961890916835
15338.276040755896,525.6214299813303,448.8266412462519,38.59859349430435,41.49668398697426,27.230669241603135,439.013621601837,26.294217791601334,83.34415501147308,890.8758178383305,59.55559840657423,4.156324661512861,0.00952707015798591,3.051606021255172,40.69605546989855,0.10788403668653256,499.22872945498375,418.9807066386052,1.238654828394147,106.81974942189888,3224.860953600594,1489.700228778476,28.42869711474559,192.41875183056234,524.8819394440754,108.60582818428759,19.143935470569616,492.93142305480353,22.709262017648282,0.00948103456692178,0.10813161891775869,94.72101650954222,5107.424240278485,377.1854856149492
15347.960171384106,525.2464927890469,448.50628368520347,38.61651210400051,41.37014262324597,27.4833645238839,439.40989908255654,26.05583571574379,83.49606634827866,890.8570075597557,59.54555185267553,4.106646580322503,0.00958685594759699,2.9694442200414892,40.66181751449741,0.10787914763757368,498.39480334590587,420.6834324990017,1.232150862809029,106.66849830986523,3227.8925074704407,1489.899240569743,28.47005254395822,192.63063890617133,524.7654648353147,108.77628701870401,19.07036353155899,497.9653118934069,22.683520535747206,0.009540700638784367,0.10812685218690078,94.60230514630126,5106.868887543411,378.7965082161039
15442.453952495827,519.7565812130181,478.50715807711543,41.08586506869268,40.95343844358715,28.009791169029388,430.5299772249157,27.03379633133854,83.84169756759678,908.5834775402112,54.31619029934241,3.4685736861388006,0.00766958810903315,3.305865933094956,38.808036627675385,0.1108370327156497,500.9848992395616,421.97704560407436,1.3476979075735984,107.87417236484372,3229.270365656656,1528.7224566096422,25.066683883854623,246.03732841248828,532.1575573686051,111.30433160330392,19.04290832954662,509.0592146977353,19.654978344890573,0.0076284729334416546,0.11108934489461829,95.74999389406939,5055.005814575335,380.7608303832369
15452.258007941444,519.3837420247161,478.17637572807774,41.104351932364864,40.82772873860601,28.266067716712904,430.9224079963298,26.792077432290043,83.99406145881457,908.5644812374788,54.306595859820106,3.423204400171593,0.007723239636938835,3.2203268564135037,38.77460247642138,0.11083207720625818,500.14950702725264,423.68584297418903,1.3409133274906098,107.72217631863414,3232.3039908816954,1528.9240579906789,25.105517939407804,246.2769177308399,532.0402782406846,111.47689429436055,18.969530962837247,514.1745829624014,19.631030904726394,0.007682002853525251,0.11108451341062081,95.63063927574474,5054.453319110972,382.3794623082027
15574.631396687297,525.5591018022899,478.02168556450937,55.30821730035069,36.229371096192104,28.818367441283286,442.1874612622695,28.67940345494133,97.54461319221072,906.4159937946118,40.04771377739649,3.086864551487856,0.006592891694892296,3.902727557505573,36.252052030865464,0.12907765473386237,511.17020432027766,426.619116274272,1.5489574650495779,109.48362241659466,3245.3612519040894,1518.4112818883675,24.241203840782337,235.53287168829198,621.6661323128865,108.62763019725621,16.779011354956122,518.8248128267197,10.180448051463886,0.006555151074899714,0.1293525603790881,97.1508482403176,5063.797473155178,382.911379666998
15584.507167634949,525.1841868446537,477.69107108574883,55.32966620434692,36.11113967130735,29.078308357260703,442.5851682806536,28.430419973676187,97.70895168488657,906.3970201639719,40.03947541928647,3.044072860253872,0.006642641743229136,3.8097383233245674,36.21973789686076,0.1290723069758449,510.3263593142348,428.3372775061406,1.54168329787696,109.33049630261887,3248.4024239759283,1518.612202244687,24.27939336387368,235.76729189524602,621.5393726706911,108.79810613343541,16.710137992963418,523.9888915830453,10.163215296967937,0.006604779322376226,0.12934734684516694,97.03062342207305,5063.244497436768,384.53457135727876
15483.693283856463,520.0826424753008,472.46864719874577,42.77818445989499,39.778274542191056,29.04570879002991,435.21308710957004,26.216658734130114,86.41147849807932,905.4277939327861,52.33049314869969,3.326428552937902,0.007984948070935383,3.020273914071785,38.56062048985012,0.11310266070236448,498.97401737189057,429.12022396910226,1.3340987500084707,107.35805571713752,3243.24518156723,1521.752110865475,25.615354985371226,236.60823937233977,543.7863545118815,111.14941260184503,18.402202083265323,528.704137969276,18.101276357784794,0.007943120236773554,0.11335824237848185,95.33614237984388,5062.248848854855,387.05494568148026
15493.64925742783,519.7096863369048,472.139958988646,42.79704817459413,39.65438298903175,29.3066707011662,435.60764596540633,25.978629292257718,86.5661587207885,905.4088306478105,52.321075727124146,3.2820017197672944,0.008039689612739131,2.93853788122999,38.527293109787216,0.11309765480065444,498.14030411809625,430.8434092545186,1.3273485304506905,107.20642384258863,3246.285362243086,1521.9532521268789,25.65461158557696,236.8431939807305,543.6678008369378,111.32185520686875,18.330070885001668,533.9170302217067,18.078295203013692,0.007997741050908523,0.1133533618040321,95.21704605917807,5061.695957701487,388.68688692992805
15568.446985909019,518.6692605016328,479.27105357612857,47.207793086106804,38.98132920586068,29.68220043033018,435.5072755629535,26.096212669550997,89.70567644334814,909.262767715954,59.520972167100176,3.118805411315621,0.007450388698122203,2.9657861151805407,37.63045508298558,0.11635648958741987,499.14466914026445,432.5384392861016,1.366155468870926,107.51485765436213,3250.15219619407,1533.1711100140878,24.25806752955295,250.05608809217085,564.9936598822604,111.8074064717394,18.082900768223254,539.1935455676947,22.434732825687885,0.0074101274415897525,0.11661629997914373,95.48782238775819,5050.0370368799295,390.3408764720912
15578.482721525868,518.2968115736885,478.9400072539786,47.22760929597059,38.858685968922686,29.945999775253455,435.9019677198811,25.858731889550796,89.86327616087445,909.2437643133467,59.51092853433453,3.075792128958698,0.007503269324724581,2.884795804696173,37.59753220826499,0.11635141218857394,498.3108132718768,434.26846722887325,1.3593245288383944,107.36311504804527,3253.1956116682704,1533.3730045070622,24.29627032861171,250.29762572981136,564.8728164355252,111.98035854789808,18.01139870885035,544.4577691127166,22.40914745378003,0.007462887070573424,0.11661134976388061,95.36863133389942,5049.484813025253,391.97972305048654
15453.350359078353,519.3179348465092,456.1064379825753,38.09952921349932,40.67038354978798,29.879748257400898,438.4302437406755,24.133251936420688,83.40654690966025,897.1497825697319,59.225286468413984,3.504742929476711,0.009556133441277398,2.334276437350501,40.0145343085787,0.10684085585894461,490.7388412897218,435.9276347078028,1.1928070743555037,105.56328481526508,3253.5515239332553,1506.3926935897603,27.725371981313867,213.76096757153817,516.1899218225007,111.50288457611903,18.679539846867126,546.8281368179373,22.588307086293597,0.00951028192381271,0.10708865182985877,93.78965248073492,5082.659058266349,393.7540381454035
15463.475119442708,518.9452771339141,455.7833966940429,38.117342406817365,40.5451633831383,30.144436331090326,438.82629648251606,23.904849713350437,83.55844797687662,897.1307355300338,59.21524946928927,3.4591991712975783,0.009616088320715222,2.2624733531747663,39.98062944008614,0.10683560871431101,489.91177003118565,437.6786502157357,1.1864154874932131,105.41297180549464,3256.5962249976365,1506.5931292782977,27.766010810005792,213.98439666867282,516.0741995368436,111.67559227706612,18.60689072144926,552.129400953751,22.562651984684642,0.009570117887857606,0.10708352646865865,93.67153435317164,5082.105023223702,395.4136546704975
15493.19788653301,519.1579289553423,464.7956577397596,40.007242273627,38.944916706469364,30.575297466458174,438.90927095336576,24.837716538236617,85.7747707127213,902.1975654098624,40.87530379262211,3.099757880113788,0.008723527768087717,2.571766825438473,38.829451046304236,0.11226790777053738,494.0017160185057,439.75148095544523,1.2856931293266927,106.3433139559428,3262.0181537628973,1511.870956895791,27.16954264914796,226.73397318291217,531.4755051367908,111.57135110874955,17.841577566659787,561.1703231673024,11.319037511219152,0.008679896179534586,0.11252344155549121,94.55016500574365,5068.5035677932,396.7726876197816
15503.423879110689,518.7853286668425,464.4695533190519,40.02549593795118,38.82238366978788,30.843041805548097,439.3055399501701,24.605996824579332,85.92881223115509,902.1784648612793,40.86696550158981,3.0569351123660553,0.008780815439736345,2.496371722582283,38.79605212717504,0.11226252900886736,493.17189859957415,441.51015174718697,1.2790570171211335,106.19244642372655,3265.0668128995126,1512.0717567013673,27.209772208314323,226.96408055560215,531.3580818529312,111.74411180522338,17.77057825992708,566.5404914134813,11.300878770469014,0.008737064402236174,0.1125181877452638,94.43156880203102,5067.950304818848,398.4386469086998
15622.695603852735,515.422541319146,479.71992542056745,45.93020758044066,38.6499297495171,31.278211732674833,436.03753690967636,24.604755167434476,89.21921641068606,910.7985262599718,59.32507539509002,2.8450387054296087,0.007746018298996355,2.471135740934906,37.54812654360224,0.11478832995667394,493.32567060778354,442.8558441585549,1.3164011179508317,106.53979619963086,3267.3659924481585,1538.1864846190078,24.373965061445393,257.0861685738194,555.2495613317143,113.32369003894468,17.854797839812086,571.9680591035624,22.365768187002978,0.007705071956627212,0.11504708025248345,94.72890533966664,5041.6762931308085,400.38269265923356
15633.002606461574,515.0512841377138,479.38862596011256,45.94976567998723,38.527862022399646,31.549009582782862,436.432507700206,24.374127255227876,89.37631902526462,910.7793348808113,59.31502994347555,2.8040193560317315,0.007800006376745138,2.3972415126457998,37.51528342848762,0.1147828911526136,492.4964214279577,444.6207053938865,1.309686121736437,106.38878930920478,3270.4171490041276,1538.3890243820188,24.41206955240805,257.3311904635472,555.1295403357634,113.49780161627223,17.783772207158872,577.3895236930673,22.340239810597893,0.007758939791209619,0.11504176785288832,94.61019705489913,5041.124496332369,402.05620566623907
15528.461465641938,517.475443064501,454.7218432991994,39.53300887089211,39.5625746674082,31.51958022916394,441.5746374601044,22.927109014243943,85.53627610596418,897.1621849438769,59.25443189199909,3.208674552594774,0.009764343753517365,1.9625343653234082,39.55626030717421,0.10828801909513087,486.70807035349236,446.5215024038345,1.1708835598448473,104.8213253761796,3272.6508145334815,1507.8405828838588,27.756109141411923,215.32466779782243,523.5918006617579,112.35797894821283,18.085596333007608,578.9581975902995,22.375623983723663,0.009718183203272487,0.10853841869762955,93.21595212315283,5079.204539063919,403.6469531507438
15538.896085359414,517.1081232651514,454.3966784910747,39.55013179919221,39.43788874600453,31.790997850378822,441.97406392508447,22.705963588754333,85.68959201460837,897.1379793539384,59.244422834151486,3.1651270818880213,0.00982413438863283,1.8971123462006358,39.52264365606428,0.10828229726082861,485.89507896420656,448.2935616712894,1.1621572906061777,104.64780190049832,3275.746857770695,1508.0553822227967,27.79595121510887,215.55108143903735,523.479141513106,112.52916118528188,18.01350462453606,584.4050133439721,22.349723641373267,0.009777858083408777,0.10853282057545241,93.14758803762473,5078.63958096382,405.32735751266137
15597.32765975476,515.0582490481938,465.7738220908532,41.63757208550029,39.01497260219246,32.193951730054074,439.54113278313713,22.95755752108842,86.86318548044824,904.0887689474233,59.18909667025947,2.92221386365325,0.009036838189818734,1.9672493238200213,38.667065389305776,0.11030233757993685,486.7809130745815,449.9222923204973,1.2066476851138281,105.06730803071422,3278.6585725311793,1523.5503208048337,26.342037285192543,236.0807135769502,532.4946848573592,113.4917866629238,17.879180402900577,591.9118007168224,22.339501155842797,0.008992561439330384,0.11055578734287218,93.54966918143214,5060.846070971816,407.09243543611893
15607.755060432562,514.6870991256403,465.44747133242623,41.65618264350868,38.89227641048035,32.46866179522783,439.93764821878244,22.73484897421226,87.01826928302359,904.0698196899825,59.179081078330825,2.8805830837152673,0.009095067912268155,1.9013914954013182,38.63369203162277,0.11029739403820628,485.9574535627157,451.68670863157666,1.2002284128633105,104.91730317283256,3281.7153023187466,1523.7515808685962,26.381846615006,236.31540618472965,532.377368584484,113.66603613039098,17.808082652365545,597.4267612159217,22.313970159993318,0.009050672599117866,0.11055096747567476,93.43169434184068,5060.293256430488,408.76604188562965
15776.110026693825,508.2965148315363,507.61629968535067,48.24939154974823,37.73314754095041,33.19984937588908,429.50545880198916,24.301499300994735,90.05744590626269,928.1216138434692,54.19609327620983,2.1634496508888605,0.006392075928946621,2.3700098106224012,35.7591024977257,0.11730796092896566,491.37596937630786,453.01590479926193,1.3878728470261328,106.85820219528424,3284.0141978893216,1577.089977496276,21.60719998072975,316.6672083605502,559.9469354343337,116.70979974257874,17.507050618202726,611.2173119331836,19.338811839898984,0.00635511959434273,0.11757139634940945,95.23714929736032,4991.533383931367,410.78554832770413
15786.666945930629,507.9278096441525,507.27560287193967,48.2694251576707,37.61248535562796,33.47880903341227,429.8974224742252,24.072349091071892,90.21535418966329,928.1024143782585,54.18650945002561,2.127649968432326,0.006441063873873574,2.297669329608295,35.72700886603697,0.11730286281268348,490.5486307548972,454.78637075251925,1.3809877585618344,106.7069238525112,3287.07342263131,1577.2947431889445,21.64325589452827,316.93901243924955,559.8266329354917,116.88650138753214,17.436697398583373,616.8212806266063,19.31505784667364,0.006403986207291267,0.11756642590394877,95.11811484441296,4990.984368183102,412.46672128678074
15676.398738790382,513.5805641310185,476.7435778837186,44.442622564717055,37.10252157059059,33.50381784156356,440.01957205149034,23.23469319865707,89.93617940780715,910.7327637416662,43.12440102130833,2.4449602319788655,0.008154784393773137,2.0571779203332787,37.248876341017784,0.11609644930193615,488.4993942694032,457.2940879128172,1.2940855451498174,105.62867298739829,3293.100351341227,1533.9938676385798,25.41658829867388,255.78211382862955,550.6103434446343,114.18290025845353,16.956449697994486,618.2528734961985,12.389880053216691,0.008112958621766342,0.11635830993919397,94.145703826976,5040.835768885164,413.5952068977419
15687.008343321444,513.209947095263,476.41340576655887,44.46184971759631,36.98287274505704,33.78404896209064,440.41630318276776,23.010641187917468,90.09398138658469,910.7137449838763,43.115852044251014,2.4068931884545717,0.008210104047562504,1.9898189670355166,37.21612084979588,0.11609137757995815,487.67448189511225,459.072886034989,1.2874374541801903,105.47826778934125,3296.1638042804093,1534.1958162946164,25.455692351564434,256.02640063061676,550.4910481818835,114.35767926766938,16.88721275171581,623.8889294300025,12.370868306887731,0.008168159298496467,0.11635336520269739,94.02735363815866,5040.28404835504,415.2821135758803
15720.793770318389,507.3842963950149,489.4337867377748,41.55458118449694,38.89241584349601,34.051847466001334,432.1747933171881,22.18906012889067,85.63254439095279,919.2547845304736,58.69178992978657,2.3283961842306984,0.007976191470965467,1.739945491309178,37.44038709932899,0.10950964046188268,482.44763597786726,459.98940632294216,1.2290483036641244,104.9255140773989,3293.737882226472,1559.614857247092,23.91299049403749,288.3011638321284,522.7886653952481,117.14664544695914,17.893204641043628,630.9573349969772,22.43998661770227,0.007934784722886896,0.10976344379879854,93.57567236732132,5013.087236297702,417.74271331443595
15731.494081990966,507.01592226611933,489.09924837773787,41.57317318829273,38.7699126664726,34.33435643927424,432.5679728334898,21.970120022652143,85.78652618526185,919.2356769970804,58.68181650389207,2.291251252810221,0.008030903039982327,1.678042534282162,37.40754749329416,0.10950471471597169,481.6278513929809,461.773433833639,1.2225696415433966,104.77561050964711,3296.8016316184135,1559.8184853520397,23.95092070495929,288.56051134985927,522.6724232867616,117.32367735590749,17.822078984045753,636.6508733367455,22.4143982493091,0.007989376919059425,0.1097586412346285,93.4576811274781,5012.537036446111,419.43804840495716
15664.177785437794,520.5321517027787,454.379205988421,45.58029273420322,33.81871057063574,34.618592848686625,454.0917257385279,23.325416153652515,95.3065715549352,897.4198899664963,16.84127059156921,2.335530857066899,0.009033940726617467,2.1133125755975755,37.08943104483405,0.12479676203531163,491.63921118453703,465.865430549607,1.3437738580803376,105.60415721537399,3313.2854791147656,1492.4517181208907,28.959662372889643,209.4679363435533,576.5793642231223,110.91439172347334,15.139396598090293,640.6512729701915,0.6977470935781365,0.008990097125461831,0.12507020244011002,94.18256441808799,5080.459892809832,419.2157935119909
15674.939935688455,520.1590343966539,454.0568725476854,45.599764399929626,33.70448361109571,34.90343826768546,454.4947494049981,23.10092609001653,95.46901463323725,897.4010107269968,16.835928305738566,2.29832883079189,0.009092161128270042,2.045033191244811,37.05674574982233,0.12479150370581277,490.81165088694854,467.6608057242765,1.3369991748930308,105.45376947861337,3316.358304281154,1492.6509136094949,29.00140207525839,209.68900877170213,576.4572879959695,111.08665199130571,15.073978363410935,646.3882840971568,0.6932409887110291,0.009048200335160307,0.1250650759332756,94.06419105560171,5079.906008030806,420.914112066154
15720.504714475604,509.05633120172115,483.2428918548865,40.81942905933141,37.00422123245711,35.22596746027051,437.4797857469348,22.054910604403727,87.24423203499114,916.1192091635077,35.21682681631563,2.098596134442772,0.00821965807304403,1.719978501834027,37.1285494478565,0.11341376853151788,482.8769975688028,467.81375335499746,1.262441021651555,104.86892932980264,3309.323851621332,1544.8496076328595,25.425771589025384,274.68934926405143,527.7844766422863,116.33242884948541,16.838618215695206,656.162872396468,8.350277965057446,0.008177756427692251,0.11367353780435609,93.61688458885642,5021.605090196626,424.0489502588171
15731.374868990652,508.68735049166855,482.91047639497066,40.83785588991526,36.88473114039998,35.51329568861054,437.87537051654715,21.83663497331948,87.39965547027921,916.1001342459905,35.20910133707256,2.063339371809486,0.008275196961722766,1.6584349836876706,37.0958469169194,0.11340875574967448,482.0568481201179,469.6128752774985,1.2558748225989278,104.71906620231778,3312.3948396071055,1545.0522695789487,25.464882702923365,274.9425017506969,527.6676804140301,116.50884469664493,16.769622501347826,661.9687671973358,8.334671571273791,0.008233176735605547,0.11366865044711753,93.49886736106481,5021.054423101877,425.7570208837875
15898.166634541321,514.4090998955318,484.00654232543314,58.401305533687406,32.528996881840776,36.15850557024337,449.5878226447851,23.391947042897243,103.29853438017108,914.3899970248979,33.18587129254206,1.8309693788488572,0.006963268685353814,2.0983123501768293,34.36720888960066,0.13278645111338913,492.6644455067382,472.5667491799692,1.4528034205704772,106.41274490534236,3325.6713089261657,1539.6675085616553,23.7849669465148,266.737089716429,630.9475366775749,113.7829210321313,14.772700493053147,665.4018475783813,6.473068697870802,0.00692512813580042,0.13306995433003185,94.93069537050518,5028.5866155853355,426.37877393016447
15909.12662772104,514.0382079487529,483.6737657112105,58.423359336881454,32.41701934328534,36.44962020259253,449.9888821534368,23.167088518124018,103.4675737231846,914.3707678449364,33.17835816550653,1.7980920658674924,0.007014461196863032,2.0302641982581333,34.33578803176477,0.13278060143772105,491.83575248581275,474.3897932144164,1.4457486680161622,106.26182811340499,3328.74956233697,1539.8701458044582,23.822608404375643,266.9866671674841,630.8195952501544,113.95738490091057,14.708101673955891,671.2483764653658,6.4593384022112215,0.006976201743102874,0.133064240947667,94.81186067811987,5028.035535585611,428.10570582064486
15859.473260485682,512.246419077729,477.2374585541715,52.48429265597628,33.88587291464979,36.563511575398465,448.2237974232385,21.99948682684584,98.52804902754905,911.6266372966846,39.340447677917695,1.9297816556110978,0.007866204765042809,1.6910719615637286,35.5091615440155,0.1252190018316104,486.01064672950565,475.81277694082877,1.3354496765120425,105.14249580447196,3328.4701128149964,1536.6767325922865,24.786188899626385,260.11513793982067,595.9123669795674,114.80743730586218,15.3547467466883,675.9082477462098,9.749436997836458,0.007825548241725249,0.12549348606917118,93.83829796194475,5033.833663831035,430.187129086231
15870.50756148171,511.8763077455758,476.907017562249,52.50519953181516,33.77158179359161,36.85624877416324,448.62424820898593,21.78144000321757,98.69314060027541,911.6074371949222,39.332267443044245,1.8960248854229091,0.00792060934302778,1.6300404166177453,35.477222807970705,0.12521332128821497,485.1875711521757,477.642065424182,1.3286862093033633,104.99248278429388,3331.549660945372,1536.8791729363309,24.824614134736294,260.36159867459537,595.7880286214034,114.98268456203455,15.288886240129175,681.8006523563303,9.732584773251007,0.007879834850130007,0.12548793772057962,93.72014919678892,5033.28229638785,431.9217484118803
15697.877877575018,517.0959815799275,434.4821093495441,42.59776925413517,35.09185735453948,36.61930378795858,458.8118039900248,19.74714137811268,93.31609128542347,887.5472384845139,39.22840895161519,2.5084254894997158,0.011306168064535077,1.1147511565074382,38.70839004634904,0.11553102140617108,476.9931950057357,479.85610991882305,1.1132102385536282,102.57774064275479,3334.3310884506827,1482.7088083355718,30.630226134974862,187.61461001161553,550.5799600267586,112.51657934496839,15.617521473837195,680.0046658343365,9.660656659392249,0.01125708653102221,0.11579302532488908,91.54552461988372,5101.613715736589,433.3911057310634
15708.947893835604,516.7241220916237,434.1668202249089,42.616604558847925,34.97554852383355,36.912263800148196,459.2169558722154,19.540586435743023,93.47675886086728,887.5282936535355,39.2202403740091,2.4699182131841275,0.011371373887977205,1.0653045179551723,38.675043244020195,0.11552556503548286,476.1777941104509,481.6931469281254,1.107035882181331,102.42956921954925,3337.4133460911867,1482.90766218418,30.67294009768489,187.82393279479535,550.4604448068652,112.69007002655027,15.551099200325542,685.9148605745055,9.643881373425133,0.011322177919396744,0.11578769573058899,91.42882861650725,5101.05864855135,435.132166194457
15856.499797952258,515.7866940088093,448.35583833325205,53.05971094025209,33.370549781741545,37.49280656360054,459.91680576644154,20.165814896778727,101.3153391724148,895.2803421241799,49.77310055575038,2.2021955060964027,0.009797255997674437,1.201135450178565,36.68181821419262,0.12415377884069867,480.25769004376724,483.5726618243966,1.2065649686658355,103.3906081458558,3343.256868612668,1503.6953820249823,27.569546169222015,210.2501370815815,603.2279654288299,113.13316322402162,14.944834700403723,691.8249010916718,15.073044218336225,0.009751883620291127,0.12442658172550095,92.25809396711492,5081.22991612286,436.7381395140075
15867.720117983936,515.4199741684478,448.03295807375537,53.07954785422193,33.25604427295391,37.78877433638069,460.32444167926866,19.958447031204763,101.48219211553692,895.2561619339598,49.763927195338276,2.1661442248492024,0.009857147161193906,1.1500748522020874,36.64944627526978,0.12414765215751912,479.45010620190163,485.41670515462374,1.1977064886502897,103.21827345109408,3346.386123688007,1503.9098859190756,27.609254165801993,210.47386758962432,603.1070414644079,113.30493473507954,14.87930758342593,697.7778279262957,15.05178775783714,0.009811661722021326,0.12442058785187066,92.19008209721063,5080.664845389874,438.4859973087443
15940.160221021872,503.15058116369556,498.53551362803194,47.05552425492731,35.069086257456576,38.410665834226236,438.24562498811883,20.634989672351605,92.5749817732243,926.3360444282613,40.61317788729839,1.5385128788992615,0.007424386446387611,1.3231869458528382,35.272091865330815,0.1183563963250922,477.9657701144953,485.8399710297869,1.285050699832222,104.30853522721307,3340.794359074035,1572.1581219845796,23.13924584994656,312.8002082525814,554.8722851326593,119.1870075585733,15.9488974023674,717.6431449448842,11.003436671691842,0.007384942554781477,0.11862386632134322,93.33880819391631,4989.418514534561,441.4450931814253
15951.440569595637,502.7837474273313,498.1978784558158,47.07530848372234,34.95276504300257,38.71067559922818,438.64155577765604,20.423875109841237,92.73508102893348,926.3168634405104,40.60488156825833,1.508346751818528,0.007477174877544183,1.26927602665832,35.240217576993366,0.11835127547713252,477.14980387487964,487.6733950601324,1.2784258867497957,104.15907319552964,3343.8799111394324,1572.3625672666265,23.176557612565148,313.0703480149717,554.7525290386905,119.36557392958375,15.88175112243705,723.7143614042816,10.985520614444834,0.007437612609230092,0.11861887367811777,93.22096642896422,4988.869615108419,443.187812671518
15939.25732329964,506.58417231399625,480.1609059708851,49.29745368759404,34.10118981926276,38.9065880944541,446.85166520459285,19.945585715151566,96.14757611636536,915.5577458929383,43.12831018938973,1.6620866981092755,0.008329670587746278,1.1493199949812818,35.62920804546197,0.12060243589712373,476.7602216315186,490.0337701273035,1.2430124880232114,103.6181587035266,3350.1234449772314,1548.8269184193598,24.716326163804975,275.8605638104552,572.0863704201709,117.51692207536394,15.38846434383781,725.0707165446671,11.985370225420752,0.008287938644479374,0.12087245626387526,92.69851902458836,5019.442035213096,444.50660888669626
15950.589892650223,506.21608880785317,479.82955241484876,49.317703686849754,33.98648639445116,39.208524614704004,447.2514637622077,19.738036866583055,96.31073403139992,915.5386768215824,43.119760824845386,1.6307266092541122,0.008385579285743083,1.099113844978637,35.59717276974011,0.12059726668803933,475.9452855162714,491.8750828307724,1.2364970767737442,103.46919228531897,3353.2133012096547,1549.0298410720525,24.75488797743488,276.11425529195293,571.9647707878839,117.69423343890031,15.3225096058912,731.1732045251919,11.966671526164623,0.008343730425020127,0.12086741652295069,92.5810822708136,5018.89148673422,446.25535505870766
15924.278601302625,508.01716111539514,461.71637151244875,48.47927524310462,34.44973148265673,39.30210937779688,452.5739098044378,18.633085673588184,96.40724535555687,905.1619152878261,55.962092570251876,1.882473985997265,0.009695748281837162,0.8430384998203008,36.67435407838136,0.1175440304224722,471.8279132673712,493.8047260424923,1.136709072143978,102.29843971660642,3356.4025693310823,1530.1200580915272,26.35699402648344,244.30306568048428,567.6733793262985,116.82699666237484,15.464415792830124,731.6362308094523,19.35303784202105,0.009650664066399334,0.11780980742147923,91.4989383581343,5047.24853658935,447.9691264565189
15935.660078563802,507.64855727831036,461.39144556678997,48.49935651432067,34.33444287479517,39.60557379000463,452.9762594969618,18.432499958368016,96.57062335194935,905.1429547873515,55.95235384270701,1.8490898801315678,0.00975606018314747,0.8001197965921816,36.64185223298039,0.11753892717901214,471.0172053675935,495.6531032633646,1.1304788624368118,102.1504253262079,3359.495319194121,1530.3217516033262,26.396814652093653,244.5418093053253,567.5522496278843,117.0037869710986,15.398298317252063,737.7662277758058,19.329275110770492,0.009710860694955465,0.11780483193898827,91.38226417521074,5046.696465221785,449.7246637382678
16004.870209131557,508.4888031324092,475.087082160541,53.68609548617061,31.95375841335144,40.22310024299779,453.86800310999877,19.812596908433235,101.64183095926798,912.5034495938459,33.30978916477815,1.4836130598520252,0.008300138447715289,1.1206077810634885,34.804247399811565,0.12752988535091536,478.00253515794094,498.0959316561385,1.289261185944945,103.67322279267039,3366.919419770673,1538.6651160977428,25.22445281234802,264.35131058190444,602.0513553569238,116.59266072417292,14.296494225273335,749.6034593908679,6.558226453907857,0.008258695000964105,0.12780905685286317,92.79372147086495,5027.516772595633,450.9813936703759
16016.359404448425,508.12002819848146,474.75748425083094,53.70722754524645,31.84272837231071,40.53009290331633,454.2709275050917,19.60574295391392,101.80958391157903,912.4844123563938,33.30227578072575,1.4539927298480666,0.00835594811383535,1.071039767115614,34.77258525327497,0.12752456975239623,477.18653752353345,499.952315297659,1.2826255145804957,103.52421678410205,3370.0170100937726,1538.8673719923786,25.263408839153833,264.59965474565985,601.9266116021855,116.76927370466551,14.23292518540817,755.8081127898553,6.544396548111356,0.008314388430287019,0.1278038745179363,92.67622440901002,5026.965781451038,452.74281765836946
16229.975585859298,497.98796308718306,519.9521963062516,60.84116778138465,32.7143467471242,41.23497886062922,439.2485789857839,19.921987003594484,102.65121307434029,938.616201859694,59.087419301584724,1.076313106127835,0.006012857780118944,1.1218347973883518,32.612021671871446,0.12799154258577103,476.7414950252727,500.4880180039538,1.3674869856398917,104.4898269288329,3367.6377113017584,1608.4175595486668,19.475071318201756,363.0835970152984,615.9564087532814,121.72936119793071,14.97536762760015,767.5050837990991,21.443430778987306,0.005977775094750316,0.128271810653524,93.57657867863404,4950.166182232979,455.58793009409044
16241.57714856708,497.62301651120754,519.6073839100845,60.86366387372188,32.60200192216057,41.54580169613631,439.6449624710354,19.714561293728018,102.81979658470269,938.5968941515921,59.07741231630764,1.051106313265419,0.006060373188136655,1.0722393466297866,32.58137312947922,0.12798621737462945,475.92657492191597,502.3488497709114,1.3606527133762711,104.3402350220063,3370.7356319479923,1608.624348925219,19.509302858501815,363.3746362767084,615.8302325987453,121.90982129211874,14.910305132257392,773.7832363785142,21.418417214325636,0.006025171565763289,0.12826661894522925,93.45858686722002,4949.619446257278,457.35831848886414
15995.30756751443,498.49124159042725,488.7473398990806,41.99147213352379,35.31237345608654,41.28628647776949,440.55008425387626,17.8389386834363,89.59685285244277,923.2046783846862,44.20181483398093,1.3746996520606882,0.008773672555604302,0.684540000255242,36.099514295352826,0.11190482340841602,465.57353811429687,504.0980873173805,1.1352125917896632,101.96956776603297,3368.8433189236293,1569.1570069597142,24.55118756934358,306.4575199386477,522.8749830670303,121.47274506520647,15.89527892031868,778.5836308604045,13.155112912338469,0.00873086875454319,0.11216532561853709,91.41690534689508,4991.101946868008,459.40011409007786
16006.981780747083,498.1261106153772,488.4130362619538,42.010161605922356,35.19564912283052,41.59730226464022,440.9470544198616,17.642685710528458,89.75435698937696,923.1855298440427,44.19315971728028,1.3461928573698962,0.008831049518896943,0.6459211552150995,36.06726823226591,0.11189984408558121,464.76822367871665,505.96561199164756,1.1289864901131934,101.82179157380173,3371.9417939175096,1569.3612570206392,24.589620394747353,306.72490744007,522.7587313620354,121.6530149166982,15.828245723854856,784.9068401224089,13.13552263104848,0.008788129496328987,0.11216047079246041,91.30028349427549,4990.552954847658,461.17788685130193
16201.939910518991,499.0198913599387,516.1978342911148,56.224782348651125,31.185420538323367,42.51815223522421,442.5022456735809,19.942199019462574,101.67578642968992,937.3252572783567,26.885796412407068,0.8793338317027991,0.006209886721691898,1.1496987145447546,32.49449463910857,0.13061771740656966,477.07975547520107,508.6120103158293,1.4095948452490157,104.52159014398768,3382.529836002836,1593.9783636649436,21.218677520894282,353.300353480231,604.1427570233266,121.20501584479383,14.075612098763287,798.0553200461924,3.981812289971968,0.00617431325794259,0.13090265441689766,93.73739384719299,4953.614289067035,462.2027315086336
16213.75514560885,498.654590400768,515.8541674446774,56.2464213340653,31.075781957935753,42.83378220689061,442.9001329569598,19.734623758091825,101.84349331663329,937.305788431961,26.879033981452494,0.8565954105763469,0.006258235839923725,1.0994742556016712,32.46394205289,0.13061191569798278,476.2642805657881,510.50323792153057,1.4026459227055177,104.37202087944375,3385.6342860610885,1594.1845437718962,21.254231187992218,353.587578563751,604.0175629209704,121.38507784992275,14.012557518752615,804.4569426147108,3.9710451151394976,0.0062225440140008,0.1308969877527425,93.61930864168887,4953.067332695315,464.00067618634347
16183.439377964283,494.9947629872352,505.7763381655226,50.861400913894755,33.9503886071715,42.82537716058419,439.8369066087913,17.672560817378876,95.96262367780025,932.8175778299503,58.59315236614097,1.0933331789343859,0.007526578426300762,0.6390802151083478,34.22326039577338,0.11809083146142699,465.81612013416714,511.4038058899085,1.1964576937704483,102.31262788481851,3382.383757341997,1596.9270402587874,21.623047943535838,344.5232880621029,562.9476840163983,123.21632420184376,15.384901957111854,804.6943959596755,21.58193436209979,0.0074872213247098845,0.11835962046293319,91.82374049407686,4961.463045190231,466.6429793977975
16195.3058701692,494.63093855243744,505.4361587258853,50.88198204832425,33.83598864592639,43.14214330441676,440.23359404781576,17.477186236087366,96.12555269337231,932.7981558539122,58.58316907735048,1.0679612726478431,0.007579797623009935,0.601777298164602,34.19190542584051,0.11808531497305917,465.0103333618737,513.3002121020106,1.1900563204374754,102.16464812967605,3385.4881403801755,1597.1334109762008,21.65893864887449,344.80692366036277,562.8268338386123,123.39787350620774,15.318976741035867,811.1225380667164,21.556857439637636,0.0075403235143630285,0.11835423212547291,91.7068672433904,4960.915655665438,468.4495312381355
16290.687941214896,497.2002954590606,517.197288776723,59.57494327086288,30.671558479943346,43.83405528991147,444.38021690276327,19.071559486842382,104.36372984750354,938.5645124155261,34.50611112954924,0.7941967404846119,0.006226812223248381,0.9375670008130851,32.07768985619296,0.13182296906522145,473.96662578275186,516.0722767797738,1.3832315776610837,103.94014215026088,3395.221970263893,1600.7025921141628,20.619445579228337,359.6380582369562,617.2151883704294,122.10753447685882,13.837734377971957,822.3378837856962,7.2781604680807845,0.006191307900586615,0.1321096846485311,93.32423400794158,4950.150888074184,469.4418997390312
16302.655138358223,496.8356612358051,516.8532893345155,59.59721754855934,30.562827742589622,44.15452333076725,444.7789474157989,18.868577952275462,104.53363815114929,938.5450307032529,34.4984500035841,0.7725944969678924,0.006275227058510451,0.8922664569447483,32.0473338966445,0.13181714065068442,473.15381701218416,517.9773112325532,1.376348024390615,103.79098963794914,3398.3322378874295,1600.9092066367648,20.65449383097012,359.9278475528337,617.0886469730817,122.28826538052873,13.77521547983306,828.8359751314329,7.26360089237695,0.006239604858972611,0.13210399191838548,93.20640940993374,4949.604122947952,471.25385609466707
16247.265675118455,503.4792726899907,485.9907400199899,61.393344972148874,29.373759480119038,44.27059523727805,457.8978294782147,18.287882186969114,108.95981662661528,920.3744714301897,32.53554149254867,0.96770617759515,0.007671748784856629,0.7707845867804064,32.87240811771518,0.13491305448992336,472.9740069808979,520.7931405848011,1.3192483856032262,102.98581124425453,3406.572530020041,1558.529009063051,23.55664489932742,292.8821123513049,637.7777909605556,119.01045819043807,13.052915331500518,828.2478336000249,5.92426062998304,0.007632357744773779,0.13520306732168696,92.43095315719653,5001.478013616865,472.27137337811547
16259.27364082404,503.1123428471719,485.6572818729661,61.415956601274,29.267356019591315,44.592652184124596,458.30257770760545,18.089126069694167,109.1334244230252,920.3551794272178,32.52810234975544,0.9438452051035044,0.007725477868460871,0.7297627427150042,32.84167833894976,0.13490715815789903,472.16205014638086,522.7068605158408,1.3125261220387392,102.83734528241192,3409.687991081271,1558.732883677839,23.594105324904636,293.143632663875,637.6491588541727,119.18888324103443,12.992197253480825,834.7691874089124,5.911125589454636,0.007685971240144959,0.13519730832809645,92.31369399029751,5000.928421073509,474.0887768938286
16180.464734965559,501.26227918709657,480.51867923594517,52.372332306247436,30.662970912259397,44.71189719735562,455.3521388483071,17.25033460656613,102.03614833841907,918.6317939095088,29.019584323234394,0.9981179377148754,0.008611989118354282,0.5733298463803841,34.11236585377045,0.12657551976007791,466.8527161465257,524.2706880969138,1.2198199257013973,101.87179404781783,3409.104792805478,1553.8698048200056,25.055284584465426,287.83282714100596,589.8829676554456,120.09300827166548,13.563558355958971,842.4212142720461,4.662351269077655,0.00857010257835702,0.12685589591658672,91.50922297689449,5004.238683455363,476.24341513101365
16192.529327304526,500.896134578848,480.1872022339736,52.39320422600273,30.554208515438734,45.03553499315515,455.75572133548883,17.057355549519514,102.20422623878007,918.6126928519543,29.012571490308822,0.9738495842874447,0.008668835810293965,0.5380345046141487,34.081020068492094,0.12657022408866836,466.0462956778703,526.1751786042219,1.2133656643067767,101.7240887460157,3412.2217236994543,1554.0730575453395,25.094109812364565,288.0919639693142,589.7594910333429,120.27225179090362,13.501642084668406,848.9980294309648,4.650691609361575,0.008626834549857378,0.126850732942157,91.39254223488635,5003.688969407837,478.05345319541954
16280.016228901855,493.14602601164887,500.3296172837085,51.944235023119916,32.683371440340935,45.40194474195525,444.9613357147316,16.205336355547008,98.40941906046159,931.1631857747684,56.78398475358462,0.9104986361173281,0.008038678688084158,0.38245831389133733,33.938286846782894,0.11937663964074964,460.1101220382681,526.785258693672,1.1525607350967337,101.17642727649563,3408.4412722889188,1593.991591900548,22.169385095859504,339.39953882914017,568.6990269613786,124.13816625254039,14.67660873628085,856.2685021466268,20.14902348766662,0.007998201841452177,0.1196480923612699,90.92212995470736,4964.440418498344,480.98143443712195
16292.167787809198,492.7828582831571,499.99137502235254,51.96502147165183,32.5710798601054,45.728065873100796,445.36028792569545,16.018310489733757,98.57448413145687,931.1439548755905,56.77417476926594,0.8873266437316618,0.00809360378461719,0.3537335318016616,33.907021162635125,0.119371496768814,459.3095487028999,528.6943068762553,1.1462871754739505,101.02922713194658,3411.55789991036,1594.1974518667375,22.205906862292576,339.68092767166866,568.5777878805691,124.32040243244039,14.612199219589113,862.8990454847409,20.124776854254307,0.008053011388646154,0.1196430782103226,90.80582422714502,4963.892894787887,482.8004454945058
16365.449565174284,497.23257804437344,491.9498132260667,61.97122394506694,30.19902846510059,46.198198206316825,454.890026224668,16.442733014094397,108.08525145297385,925.247224823975,56.26365028806576,0.8636038070131147,0.007861261141959494,0.4168848761331706,32.830523534575775,0.1297446605886954,464.0327822614232,531.4613254639253,1.2182353907635834,101.56647597433104,3421.1648798747747,1580.2437043596392,22.175107635647368,316.83241873883907,626.5282518961484,122.09103051276462,13.483567359582779,866.0152392796089,18.896764228086987,0.007821472427512972,0.13002884215644706,91.23396035218546,4981.776997382942,483.86262831888325
16377.660246459043,496.86790841319373,491.614415942794,61.99392797676658,30.091092746392036,46.527161548267806,455.2934039180529,16.254338269858213,108.25823776187265,925.2280551123075,56.2538853555467,0.8410403309126881,0.007915577782550642,0.3868704444675616,32.79977246625856,0.1297392990311311,463.2288020497186,533.3788202183187,1.2117853283061704,101.41899226139026,3424.2873178876475,1580.448674679694,22.211634113482656,317.10429369536814,626.4009974936001,122.27175839082246,13.42183414282026,872.6833403588743,18.873283373189132,0.007875674092041362,0.1300236150114435,91.11745528803758,4981.228518461413,485.6870742637519
16451.07242800758,500.7268755343359,488.0192419661786,71.62008868792091,27.76977632781764,47.038977095823554,463.2295518111396,16.90116196252498,117.20960001499932,922.0064739464524,49.03666898197685,0.7666975776193025,0.007456506853847581,0.49266447373151423,31.598116909972802,0.14064693966227532,468.62081440430194,536.1416754528532,1.307630367805827,102.19254368125976,3433.571083695128,1570.3774158004983,22.042332461258404,303.39975210955487,681.7137911985113,120.35874826424897,12.321340974642817,877.9747131734637,13.919221251627185,0.007417994192557903,0.14094436983652509,91.78103786546986,4991.863152496031,486.7748137098845
16463.352907554985,500.36092655556564,487.6851874743042,71.6444961486397,27.666276829371434,47.37091512004038,463.6366094690048,16.710151504090923,117.38973713297459,921.9873378361152,49.027552769613855,0.7454463269854892,0.0075094091500293465,0.4599871049447108,31.56794867238929,0.14064135738317174,467.8128676525135,538.0675873876041,1.3009475308876512,102.04460594829042,3436.699176758532,1570.5817452709487,22.078749467416547,303.6658025905834,681.5810503962426,120.53818991367474,12.262331394909896,884.6886108765068,13.8990698455419,0.007470781769833021,0.14093892770869607,91.66418390510188,4991.314118612041,488.6047365841382
16429.90520154891,494.3088249888887,496.01589269157347,61.780081247703215,30.0823072758899,47.55100545144007,454.0028363031322,15.684959357773582,107.89860939625,928.4329313227312,59.190706825307124,0.7471493023148091,0.007848856431365694,0.3010111863720608,32.5950911495506,0.12872895859313088,460.3168203905899,538.9587204825966,1.1937532371601283,101.0231759075609,3432.4603295691986,1589.575288148085,21.73685777641481,330.44473313980643,621.5892319796865,123.54971618105235,13.4181424266838,893.8215982210432,20.772702805878513,0.0078091865070872915,0.1290125309892133,90.81861556847271,4969.959396054076,491.40131362915616
16442.351131192183,493.9497994948852,495.67638148456876,61.80147239884479,29.973548097756556,47.88422555501937,454.4078042055165,15.502177881941053,108.07087202471556,928.4084810888127,59.180721491527805,0.7261840025296916,0.00790240123654706,0.27573188224157114,32.56453540619444,0.12872313912084102,459.52644826341503,540.8895888339977,1.184951280513763,100.85278190760725,3435.6313603549793,1589.795511660179,21.772296580948044,330.7250725607875,621.4667185667792,123.72922769172406,13.356035767351155,900.5862679202835,20.747730696305123,0.007862618807169375,0.1290068465829318,90.75112861023045,4969.400576853355,493.24000362342366
16529.65882433842,491.8509839633798,510.2511616793297,66.08034857494401,29.34362686899606,48.435820450631525,451.7381267619588,15.875750943075406,110.55334997881882,936.5957797687153,59.177426626945014,0.584822388967466,0.0069435562607694755,0.32592452282012085,31.465216228447154,0.13248395641164187,461.3495960771393,542.7210965664723,1.2523447326498498,101.4899186531771,3439.098145256382,1608.7382624974134,20.090259694437357,361.46186926976975,639.2799050841277,124.78686339296728,13.138058059714275,910.4149520742503,20.70247432113854,0.006906397669194063,0.13277265097024088,91.34783339989683,4946.062756250421,495.16704369012234
16542.12831027525,491.4882934904182,509.90958164203306,66.10379317637322,29.237232174439406,48.772642342415146,452.14010484920595,15.690642268034171,110.72829940317297,936.5764928523585,59.16741202247098,0.5662810224496986,0.0069946097745249465,0.29945068435629635,31.435111516207865,0.1324785385499124,460.547944680059,544.6587791053074,1.2458048769754215,101.34249055498996,3442.228754399414,1608.9450724881785,20.125027457251722,361.7522579647329,639.151362142484,124.96957492528927,13.07712182962012,917.2515263561054,20.677896842267348,0.006957335715181274,0.1327673689621913,91.23125562770052,4945.516246935561,497.0126587923758
16657.436515360703,477.3789980434409,561.8463537345932,63.49298473053063,29.10153542359024,49.56099310759373,435.6381262216878,17.13087879356164,106.19032101649506,965.2548240056101,35.35847515904945,0.23937692308064304,0.00467277079196051,0.5334706080901812,29.46637703975518,0.1342129356420118,464.7804885559473,545.8895425110902,1.4271004591972272,103.35472913032153,3442.970010605678,1668.519926205459,16.68301354688913,478.478661898571,619.6399482360995,126.24687633993123,13.169689763968913,939.909260898875,7.882222206534958,0.0046424241301242135,0.13450575112062207,93.21001468553877,4864.260767660536,499.54351396729953
16670.093763442477,477.021707307263,561.4878106654892,63.515979730346764,28.995626611096604,49.90171638164727,436.03291611496894,16.938530116140225,106.36170915002869,965.2350672293305,35.35071998318101,0.22758432756764335,0.004714723751920555,0.4994374086963833,29.437283180336404,0.13420705462928817,463.9755984078092,547.848788100054,1.4201084676702418,103.20599739146947,3446.1020672043196,1668.7308720288624,16.71454077010696,478.81291019366387,619.5131585076523,126.43064390255911,13.10870037575267,946.8554786031389,7.867070179403431,0.0046842583422848135,0.134500006997528,93.09226223501715,4863.718766886049,501.4126059391359
16553.627365170807,484.2187513031886,526.6675795962958,56.5735885070649,31.009643064299777,49.7623930777376,441.55107896868003,14.859449657007263,101.77975988627166,948.3126078111792,56.542442083209025,0.4467858795652549,0.006885628556346295,0.1950639810187831,31.879326613160664,0.1230390625489661,453.775328569795,549.5337443791535,1.1854483810842351,100.63956337861494,3444.763698222194,1635.8571978619102,19.453690271028353,408.9008774544708,582.1984288179394,128.68763469162786,13.922057257093703,944.3887975883421,20.004448912139427,0.0068485677804477245,0.12331735651672146,90.73634310511277,4912.0481289903355,503.47341624588347
16566.320447114846,483.85890961170065,526.3204444685944,56.59529450399999,30.900314183419518,50.10380676034082,441.9485384851366,14.68034356201463,101.94755246434806,948.2930251894823,56.53263506118351,0.4306205122169352,0.006936535394851807,0.17470612327755017,31.849064679584274,0.12303343166955885,452.98002883208056,551.4995129230552,1.1790765668101686,100.492798967721,3447.896570384536,1636.0660688221117,19.487733779442618,409.2098736496951,582.0755295832674,128.87316951660736,13.859347947523448,951.3515177589327,19.9803061215877,0.00689935880251698,0.12331185648482003,90.62016415606958,4911.503472292889,505.34983902486744
16490.77759690031,496.5121153797902,475.25351002475975,63.729354260189574,28.09465477919944,50.17258723836283,466.2760058899833,14.285935260573847,112.91662775409192,917.4582095113618,50.57630474656368,0.6757585707565475,0.0090874866757966,0.13504654214212278,32.673725141729804,0.13259629468666648,455.8078121488065,555.345866958792,1.1390660815191218,99.68976692853607,3462.0454044964054,1562.8612072223862,23.965623467067182,290.7407304155335,639.563811218533,122.43871179993262,12.296503099468664,945.1190158550385,14.97277536847338,0.009045010433033006,0.13288545000997407,89.7807505775929,5000.389968359914,505.5771335609987
16503.481934227606,496.14773363721616,474.9237567138869,63.75239201887528,27.990595942673735,50.5154027786196,466.6844393685339,14.110330141193318,113.09335842940827,917.4389480967363,50.56702956675586,0.6558436436130868,0.009145955264895572,0.11820182713723179,32.64308839185126,0.13259044920104893,455.01073252613963,557.3219943426499,1.1328203336359761,99.54369696495245,3465.186123547243,1563.0653649834755,24.003407549214014,291.00129314645545,639.4349991195933,122.61968753424442,12.237572653312885,952.0844224128047,14.951889387063936,0.009103366689924685,0.13287974058988586,89.66518521533011,4999.8404356019355,507.45746884130716
16662.705166926313,480.86791905502673,538.8518307456532,58.88336503513537,30.361916973241346,51.305621667070014,439.66779895015605,14.537935000858814,103.28833533217143,955.7494612433677,56.15569924023683,0.3097529882576083,0.006320376642967633,0.15814593403943256,30.98883432601473,0.12497572633414383,452.2025195187649,557.200496316736,1.2128180349939863,100.63435540299517,3456.9202159095635,1653.8614752982855,18.257991569319554,440.8924710034519,589.7419721513727,130.4277838572576,13.646269271834962,975.4901391885209,19.76847633018973,0.006285018960448733,0.12525726028839732,90.81031751800694,4889.140268968038,511.10814171352604
16675.57242028505,480.50932482336987,538.5007025002476,58.90550966160547,30.253736956509098,51.65227990106239,440.0644101402205,14.360783072333318,103.45736633344906,955.7298019858495,56.1459258165848,0.2963179575836214,0.006369153162292573,0.13987136137608697,30.958998143642248,0.124970051311573,451.40859985764257,559.1799177534035,1.206372985630562,100.48759479097629,3460.0586098769654,1654.0714924955596,18.290972729648956,441.21332497565953,589.6182792348249,130.6145684458581,13.58418489138815,982.5663726461464,19.744476399410793,0.006333679347878773,0.12525171716435804,90.69409120497212,4888.59688382232,512.9987249198232
16802.963499332425,488.08581035689457,524.7950374622592,78.38916793557583,26.54902578101434,52.25233936104066,455.95160934206854,15.116424728574152,120.60226639837019,945.655991399234,59.395226285927926,0.28785459499270305,0.005972624556712932,0.2193118914289224,29.20928013138998,0.14326734653406017,459.7329710921187,562.5594844088733,1.3332240718348247,101.46155081171871,3474.131043036548,1631.2789738639988,18.039752475153637,398.01138925140884,694.6632658638125,126.69471399377174,11.84232513097567,982.3941320846233,20.17097087750985,0.005938585311476469,0.14357057910980142,91.45757934418423,4918.826331910158,513.557696311453
16815.840842576396,487.7245110252095,524.4486227287277,78.41470268296268,26.44782889869863,52.602157117474846,456.35545734096246,14.93581024026732,120.7849909861847,945.6366114203835,59.38519326846691,0.27489098707674736,0.006019981043751582,0.19769614984120895,29.18027494850489,0.14326171249243141,458.9327260807279,564.5322324246309,1.3264760682773744,101.3141433265606,3477.277553373875,1631.4872276195665,18.072699002099295,398.31610304217037,694.5292701942902,126.87881644574325,11.784475367673096,989.4953264848905,20.14671103835514,0.005985826470655058,0.14356508651404537,91.34093154197144,4918.281329442307,515.437240721975
16754.32709546397,490.185661796666,505.7108875780054,75.45460740609292,26.51214146696306,52.732313779306565,461.97046080505714,14.256784120371982,120.18330134332511,935.2647102467024,59.56749047036445,0.35586095989349015,0.00708564684396732,0.12681865415081023,30.116551497892406,0.14093678319923653,456.20900867819586,566.8202018708855,1.24964943045044,100.4123747182104,3481.3081281704904,1607.9633298235437,19.916830060509543,358.3045037384894,685.3036739461979,125.62203030440962,11.710853178057908,992.3943584092196,20.094477020465046,0.007048522184703808,0.14123715827103092,90.52285153315665,4946.653164550336,517.1077617960611
16767.386188369477,489.818721434203,505.3664601229911,75.47996924550644,26.409597584530026,53.0883947473927,462.38232236892605,14.07912494027406,120.36827133399832,935.2454611546278,59.55733863471209,0.3412084942346955,0.007137799452886644,0.11031093544754907,30.086643419715656,0.1409318281134706,455.40163276387466,568.8006543188785,1.2430449708435072,100.26370535069931,3484.5004019056432,1608.1723267527407,19.952185545427582,358.5972615415139,685.1692114733941,125.80781223692526,11.652528965354358,999.6268898710982,20.069913529246772,0.00710055959803685,0.14123234502469192,90.40524205901008,4946.099383970583,518.9937661654955
16844.82113964615,486.5932151043813,522.3383768283205,77.5497172022523,26.27793350870225,53.63564865416481,457.4632213169388,14.324596904836602,120.67401114969157,945.0655690618726,59.37950495784783,0.24447518843906463,0.006259842071913729,0.13228654601356366,29.229644195470954,0.14239857430564812,456.05475190052744,570.4774558477942,1.293087951030936,100.74504300628178,3486.501728514272,1631.0026426833124,18.322350911386813,397.3204496227842,689.6870020217704,127.45663447387649,11.666038310567165,1010.920752881203,20.129896789808573,0.00622505622742621,0.14270136693471275,90.94896717402814,4917.932474293575,521.1560778054607
16857.85744611198,486.23246873539324,521.9927739949737,77.57511487006374,26.177255107622717,53.990058963173134,457.8677380505493,14.148790918050507,120.8567900591219,945.0461951339641,59.36947326835089,0.23253995970173777,0.00630832163039712,0.11562383610480362,29.200628900950655,0.14239295737255722,455.25771600457574,572.4640263667759,1.286442426319957,100.59815711870382,3489.6538346536277,1631.2108788000808,18.355554377157944,397.62489886083125,689.5534871812426,127.64128947582957,11.608621271435034,1018.124126909357,20.105661670794753,0.006273421167805662,0.1426958909911319,90.8326442774292,4917.38752134874,523.0494629798968
16770.080101118394,489.3447854267895,506.62230618255893,72.42548798405117,25.659107625059917,54.196451433807894,463.1018711939682,14.005656739230675,119.44830112887321,936.6276060518854,39.99283785564371,0.25489900991332515,0.007130191522058,0.10757915942024188,29.894914637138584,0.14218726177356916,454.9836451158369,575.0727143281549,1.2647927858329753,100.23334257679134,3494.845588937115,1605.1913469560218,20.63117243355719,361.5434183274561,675.9475295514961,126.04124721976102,11.2243422441806,1025.4357873353304,9.117244615187305,0.0070930402694731505,0.1424903392703874,90.54009325880934,4941.533173502551,524.4939566691345
16783.19459769132,488.98302033882624,506.2819431579105,72.45003228574419,25.559622881831856,54.5527067009647,463.50887276134773,13.831825024610623,119.63014976031621,936.6083188078368,39.9846051441199,0.24270884220594438,0.007181925369403678,0.09260792207267315,29.865570922930882,0.14218164900969382,454.1875461533938,577.0672628817115,1.2582204656669942,100.08683032896438,3498.001463765049,1605.3979288429457,20.666404932533577,361.8338397711506,675.815351361426,126.22487444813734,11.168024000102331,1032.6905994426716,9.100936918366529,0.007144660761066059,0.14248486737727303,90.4240322134957,4940.986914497355,526.3933900151147
16885.27112182357,484.22930032723895,522.637931236302,75.44295337246105,26.261018377301145,55.03406972772498,457.28618657013357,13.530177561082537,119.48227031123481,946.2175757170883,59.195420732304434,0.19754267244860135,0.006493887892071655,0.06557604382856788,29.28998665746424,0.14031090370488442,451.86855921726146,578.3116986966172,1.2523161142117811,100.03993455067722,3497.8823568983444,1634.7233672221057,18.457773416729843,403.7678086632594,677.3435283463791,128.67232742193318,11.617546966610893,1040.7261534239437,20.119509888852555,0.006458505675628073,0.14061188923934467,90.3916374219866,4911.997643798671,528.9350752828597
16898.596266553413,483.86459658674454,522.2877859521107,75.4683132533837,26.158961769983,55.397826191527244,457.6959551894122,13.357119220930128,119.6667002542483,946.1982142396547,59.185300652805545,0.18666499534951578,0.00654381934068205,0.05386717520724345,29.260491958911903,0.1403059596338596,451.0650349422384,580.3121084643896,1.2457046022514557,99.891541256772,3501.0822189507217,1634.9340960027778,18.49180983175589,404.0785814984175,677.2098491174731,128.86035053418814,11.559455858222819,1048.1323954027948,20.094931097628603,0.006508321620084727,0.1406070866592413,90.27411324473532,4911.445806535276,530.8425065862468
16960.719515502256,477.48749382097026,550.4160801047296,71.52925531215645,26.92224786345345,55.96376012255324,446.2709010080023,13.588760313019407,114.57367157099652,962.929298708532,52.82241606465941,0.09176803307678648,0.005492030157163501,0.07036460821962837,28.591782515367722,0.1371436476620707,450.04691094429774,581.5396031711289,1.291256123612372,100.40738339731786,3499.619124489228,1671.9254605502676,16.582673357030306,474.0635748698859,649.8023703162111,132.19451326634817,12.00767703271442,1064.5030331214255,16.93863645037287,0.0054595348088543475,0.13744202119944787,90.83737101476142,4863.954944069285,533.4616460488047
16974.04192366299,477.13013938260974,550.0613085917299,71.5536472916984,26.8203414817984,56.325767973199724,446.6704397341458,13.417543444363714,114.75177239983039,962.9097425328494,52.8129544812869,0.0845134901616334,0.005537445234373371,0.05836387152116535,28.563085638221178,0.13713813534491748,449.25514463580384,583.5453253817773,1.2846153137605985,100.2607439594125,3502.777153366819,1672.136292783487,16.614261940164347,474.3961239091405,649.672773739198,132.382567764367,11.949424304671343,1071.8945097560465,16.916405818018834,0.005504834351068435,0.13743664711376977,90.72111952814106,4863.412990066603,535.3772340201185
16927.584786713363,476.17610944727016,545.5310002416348,65.57685423303877,27.547997345192407,56.54486078563174,445.6562698693841,12.897745980775941,110.51497187176832,961.46664171313,49.84195132824487,0.09479006227125714,0.006071474640445018,0.029389400014183595,29.3183823255045,0.1321043398665027,445.80251642904244,585.3780858662653,1.2235875034210482,99.59351777766157,3503.9031741599056,1667.712383703716,17.482006700498406,467.248405457935,620.8220861787853,132.8858658743359,12.232547820048605,1079.7557953112882,15.429726727220423,0.006037243113473351,0.1323969594256861,90.16111890718415,4868.992025365261,537.4883683098884
16941.021006977466,475.8192692258102,545.1777021944484,65.60022350586667,27.444956798498954,56.9087598307036,446.0555723279044,12.730917837120122,110.68981371691382,961.4469237433024,49.832743734226604,0.08742449187931114,0.006119282946473883,0.02183050670446895,29.28936163799439,0.13209850523495503,445.01423742075326,587.4068958396191,1.217113864193481,99.44751837127015,3507.0628182661744,1667.923278475002,17.51427970306098,467.57870862129965,620.6951755582006,133.07440172038338,12.173771009396622,1087.199936983119,15.408524322958854,0.006084936549177136,0.13239126050936706,90.04530892074737,4868.449761057051,539.4270833076208
16915.37676866462,478.88041618930356,526.6411803933663,67.02140953953999,27.028161982644892,57.11424390934747,453.28735109816785,12.22290028829755,113.23793813610092,950.8605283158673,55.00338612326407,0.13228208893127932,0.006972971078819942,0.005467249778417681,29.812705452919296,0.132832999292483,443.640677354866,589.8373127316885,1.1655759106512587,98.760379905774,3512.5038108214594,1645.4355018269848,18.847087220280343,424.05590952434454,631.7060795471813,131.45697568671685,11.903007039609392,1088.8023977382816,18.108901727282994,0.006936301831362073,0.13312622547339947,89.39269032596148,4897.238041925427,540.9945801129073
16928.993864951542,478.5177558434238,526.2895936279217,67.04532654117271,26.92466803505289,57.484819726719934,453.6953637630822,12.058407806716039,113.4174078273115,950.8409437189393,54.99361329513013,0.12342047034948724,0.007024774886107458,0.002495096760908655,29.782987618561325,0.13282776306635433,442.84424933227507,591.8740883446862,1.1591886064633043,98.6129831425197,3515.710035142736,1645.6472460323998,18.881313958023764,424.37453838407674,631.5767433975901,131.64701218151677,11.84422491999672,1096.37746408783,18.085599621011504,0.006987990818575558,0.1331211269237659,89.27582535732532,4896.687004556759,542.9395828594949
16991.431369794525,484.05785055279944,516.6263303492194,78.27529858612714,24.30697787450452,58.03363524050085,464.75774312050964,12.664762644622108,124.27922459283633,943.9473082496987,45.40665911054871,0.10595011346814145,0.006775834837493213,0.01888667181076156,28.664761661522082,0.145731079005929,449.0037438246665,595.0610088434146,1.25774392790314,99.38200999611279,3526.787365635033,1626.0132340185587,19.235790863896035,393.157764525093,696.5072625034729,128.75090183319764,10.586321011172666,1100.9153533233573,11.743281390406317,0.006739930154118006,0.1460399147495494,89.92399839468398,4917.8350722980285,543.819841878614
17004.9834303401,483.6980686631778,516.2825208696238,78.30083024298413,24.210194147283634,58.40228609275885,465.16551124302146,12.499453076047093,124.46463081564677,943.9277707518637,45.39787075818571,0.09815449141498032,0.00682633493192526,0.012938362342880521,28.636066369855104,0.14572495083015932,448.21263838445947,597.1065151334546,1.2511804358262808,99.23616575923037,3529.9573085361053,1626.2214755977127,19.269643259519064,393.4607551320091,696.3728379960829,128.9364822437084,10.531647005764773,1108.431956419285,11.7247853446879,0.006790317468422271,0.14603392940324164,89.80834084553099,4917.290094852812,545.7699319770729
17318.38887012993,470.16555506489334,589.5370027633396,86.1378200413603,24.805938654596016,59.53395528000771,442.00717277955385,13.532262865778133,123.5533089682339,985.0677824177831,58.55684905618549,0.00021233005388579423,0.003708986357654339,0.06241311052012704,25.69050246433624,0.14805142347743977,450.51333396813527,597.3689697835769,1.4399448232202272,101.26899534772899,3525.9760828873227,1726.391339810853,12.79683233589041,575.8808344959003,705.3281900969363,136.10211787829013,11.168235047621772,1131.7945711856062,20.13644072892987,0.0036826332653126207,0.14836456909509693,91.7462007305279,4802.381482478242,549.1407151223093
17332.0942486482,469.8109745348091,589.16972914791,86.16460320754483,24.708165625184595,59.90733352014057,442.40483747190103,13.361367157512186,123.73817312075117,985.0478239052184,58.546868860743146,5.60709832936355e-06,0.003746373457863505,0.05114124207081471,25.663337030035844,0.1480452467071213,449.7208991749473,599.4184356119391,1.4329213985384444,101.12177252927896,3529.1456612512125,1726.6059125892127,12.824446301160398,576.2475231878013,705.192917016028,136.2929208572015,11.112076550543318,1139.415682579669,20.11221839677058,0.0037199031450239005,0.1483585362991952,91.62937685228167,4801.842940287319,551.1003135737719
17014.423884105752,481.2623045689241,523.9480317390511,72.66644190019473,24.005137774315408,59.57400389486778,462.1132462135353,12.384810080584044,120.86864570216251,949.3338262595413,28.592615264307927,0.046172772302117256,0.006659560273301605,0.010694936834162339,28.504066662612164,0.14440314662853024,446.7026163554832,603.1979382669876,1.268710386461746,99.20985872247302,3538.295363367736,1632.5851529914548,19.539600797217417,413.1568341198616,671.7974406936597,130.1957599693006,10.381901301754521,1137.8049271846667,3.994382554133089,0.006624021516035501,0.14471184278990065,89.9017128062806,4901.101950514304,551.6773377335365
17028.263281502066,480.89872007216286,523.597447800122,72.69133078901208,23.907567387339803,59.952442561796296,462.52517140720676,12.219262721694907,121.05414213560579,949.3144329258366,28.585581972088654,0.040993381364216284,0.0067101234253903385,0.006309309242471124,28.47497046151393,0.14439813097679718,445.9037004393102,605.2408993154957,1.262055681947561,99.06208258248364,3541.5136530262303,1632.7957439151076,19.57462001027735,413.47119878154064,671.6643098993611,130.38489246312497,10.326990294169073,1145.5482967917255,3.983435141836362,0.006674470534869975,0.14470697069560054,89.78450765727423,4900.550725644987,553.625307236576
17266.61723116764,476.07993915577885,563.1594237640886,86.13499327382756,22.63611665384492,60.94414631623491,455.17506090603007,13.303893585062943,128.28898485306303,970.644768181593,31.745661637360637,6.051991952426499e-06,0.004485563473288397,0.051476516384455995,25.862384138879033,0.15500245452784311,451.67796208293925,606.9397949459974,1.4524756324103631,100.89381445288534,3545.484351159701,1683.3490711605293,15.386873011682566,504.342480407412,724.6057297150628,132.92417437683602,9.941014062906126,1160.848959908936,5.218122294634212,0.004456669771035108,0.15532451362302085,91.46196916805148,4841.9360975156505,555.8082170364702
17280.43874225378,475.7231119158937,562.8005682217407,86.16175978225637,22.542681697124273,61.32189358210254,455.5785649301174,13.13448658542442,128.47744040656778,970.625133814914,31.73832678727031,9.526288369328032e-05,0.004526615758067588,0.04129318420743833,25.835091678231223,0.1549965942811895,450.8847616891009,608.988814187953,1.445431925813233,100.74682011167081,3548.663002233882,1683.5606224119056,15.417301889550792,504.68548335965545,724.468876528128,133.1127469694755,9.888017242299888,1168.567119632225,5.205786833422462,0.004497606867303582,0.1553188006118618,91.34531856552108,4841.395371636053,557.7634795708697
17317.24998661929,470.9538877627415,577.594918657219,82.158248371399,23.562182730690473,61.734745416690785,448.0129858964189,12.811141828650808,123.78580186453384,979.6655304835648,36.5048781733493,0.003436779208399592,0.004239504727506677,0.024434188688857723,25.826718116399533,0.14958577265316034,447.5987672899364,610.2950129592188,1.4170513719754678,100.5077008609188,3547.451512355589,1707.1262421666822,14.405669101901465,548.3057305155172,696.836097125525,135.66498318414986,10.41806106700136,1180.031727196281,7.683108276603721,0.004211407964576982,0.14990208880878647,91.25515187210006,4814.901746045695,560.4045761864822
17331.16908495096,470.5989870993745,577.2314922067719,82.18438973895988,23.4668537168101,62.11493118151063,448.41330351814895,12.644911837384527,123.97092152536327,979.6458050906708,36.497012675893615,0.005018929023432356,0.004279417756801016,0.01759264463461977,25.799444486312332,0.1495800157134849,446.8091583736033,612.3496832118564,1.41009419468461,100.36098816048518,3550.631044924463,1707.3392822045585,14.435112277862439,548.6633683482067,696.701892047568,135.85548929291525,10.363805867526136,1187.8132908364348,7.668138616610441,0.004251205296901623,0.14989647640586531,91.1386332737117,4814.36253185933,562.3678996951131
17215.27444148985,478.61952911612934,536.1318723753546,82.49696933370048,22.35845368597192,62.15157904110831,464.1560910934978,12.06257303653979,128.38351757937338,956.3755614643333,31.216329507217687,0.00414092375128988,0.0058448910518599465,0.002727728136776459,26.91898839464031,0.15235749952698016,446.3193769022727,615.6553070945207,1.3309492297265988,99.3326842700103,3559.7846089375707,1651.2741858902962,17.786292210640617,444.3210631715073,714.2711715171237,131.57805152008302,9.658749143908414,1185.7006672918378,4.843123083723922,0.005811881760207879,0.15267655633444643,90.15492403832252,4878.751395536862,563.3168675430172
17229.361582105466,478.2569444657366,535.7772349599295,82.52348821940208,22.264292739941208,62.53810510562303,464.56892557087576,11.899200831200648,128.5746914022175,956.356096337595,31.20898058269652,0.0026977352314783358,0.005892266675055113,0.000797638214424783,26.890712977101327,0.15235234758382227,445.52080391989244,617.7192384210907,1.3241330382216552,99.18481664801924,3563.0126544567993,1651.4859787158982,17.819704067160064,444.6470662880477,714.1338964827081,131.76818501179972,9.605787648117813,1193.6050614741891,4.831067818622781,0.005859143087374879,0.152671551958557,90.03755389543663,4878.201429017887,565.2852613265068
17366.36522637951,473.4307717436141,564.1682676155546,87.01736694823545,22.073343397945695,63.271306546193934,456.73941250164046,12.358599627627258,129.64238554774633,972.246851698509,32.53060526376613,0.006916435199988421,0.004594809416979134,0.0084850552854454,25.550177820666164,0.15530598924022682,447.1479719832168,619.2677971540364,1.4177840447055654,100.09365901967705,3564.462735536241,1688.9934377256234,15.262671160510505,514.3140247415578,725.8593988889977,134.33063274728565,9.639527118489552,1208.1853710971209,5.5092727228480545,0.004565680299852771,0.1556293661241805,90.90696339805041,4833.916019028706,567.6933739653768
17380.428122603873,473.0749388653522,563.8090907389026,87.04427019582889,21.981078437888375,63.6561873742989,457.1436091614743,12.195341667920719,129.83183219710384,972.22720113482,32.52318028139069,0.009098385675944192,0.004636357477058477,0.00468365532968268,25.523050638801053,0.15530012325838938,446.3587609665758,621.3375039118024,1.4108250668637343,99.94724893333198,3567.649880746349,1689.2053433408278,15.292977040350305,514.6604013436747,725.722427360068,134.52019999674658,9.587341200105664,1216.0590636783545,5.496597596903682,0.00460711389634651,0.15562364750930788,90.79066737437118,4833.3757411705565,569.66941290006
17373.68064207752,464.41101124298837,582.6634328934915,74.14622551165824,24.843028890064176,63.89437374135407,442.6322094112787,11.234143865236534,117.11698022871859,984.6991545780551,45.00858043395785,0.013934557376541463,0.0046664423408166395,0.0057069615759831015,26.422419116809216,0.1396925790126271,437.5440880563034,621.8052498170932,1.2893855583071594,98.90766965560249,3560.5864039830176,1724.262329201144,14.29397904256332,578.2737168544647,648.782400095829,139.22345136206062,10.98644585948735,1229.0230564162025,12.54943989441028,0.00463694384703952,0.13999802994371738,89.94562316584827,4795.713024463847,573.1141832236324
17390.410370790447,464.077396732568,582.4314076429312,74.17113486701939,24.74633132776453,64.28539381488864,443.15631019145957,11.074820239761213,117.29148637592512,985.0100129532103,44.99897152692344,0.01670118194187894,0.00472250162827526,0.009970592455085171,26.412273460599224,0.13967053127630014,436.73714637030827,623.8811397798135,1.2819561644094397,98.75415289139079,3563.8190386092797,1724.716151957416,14.335212745431317,578.5124127321342,648.6606550027531,139.40611667423477,10.930572169647052,1236.929712896917,12.53045940061476,0.00469284230063214,0.139976111049798,89.82258767244195,4797.02243374098,575.0993490889714
17258.341502299667,476.78947597159305,522.2010698430175,80.27894218534891,22.634537236718586,64.23465912829379,468.3904465619637,10.429470278421316,127.69201588162129,950.1284005581176,43.508311480670045,0.005988719670694413,0.0069773886798402285,0.0391573729317378,27.65684847522694,0.147217451068625,437.7191164268974,627.9106707231882,1.19539036864488,97.50515216128187,3577.4672976349634,1643.1408554275595,18.776018547703536,422.5288459000513,699.4891531118298,132.54286569986849,9.705850982949794,1227.5476733509258,10.591609968429891,0.0069413427448568234,0.14753074837550548,88.56899303959771,4893.948042757947,575.4059755733634
17272.680788182897,476.4276083856717,521.8509685763029,80.30511783277083,22.53983638856573,64.62762018039847,468.80519930814205,10.277566505716049,127.88259134612845,950.1088235023926,43.49961968990372,0.004224124852915237,0.00702920886385705,0.04922724186992337,27.62822557300078,0.14721193861098036,436.92802387739556,630.0120985192301,1.1889217778100505,97.3586954382552,3580.703028822207,1643.3524519419955,18.810180722636588,422.8469006445361,699.3530544058077,132.73368518833414,9.652777698555681,1235.5901030346165,10.573790813165646,0.006993050476126529,0.14752538106991148,88.45266791200584,4893.397190520989,577.4118286306214
17273.29209842508,464.3599074091441,556.9405875170268,63.54586289208527,25.924307907012338,64.98666252463029,446.7103994151624,9.675486521301318,110.87085444736205,972.5349771872891,46.2785484102353,0.0013335999488441348,0.0064217079049638075,0.10028932674534172,28.29809671366458,0.12974454054049323,428.28946708301805,630.0542607047314,1.1116486686927083,96.7743928831194,3570.8058826083497,1697.4380709352865,16.92081566388098,523.8588573447921,600.0994185305832,139.24764864879194,11.31448776396672,1256.2404299923217,13.460489294290158,0.00638694460057916,0.13003793589252147,88.08662474691404,4827.845662419353,581.2440361364415
17287.633706930363,464.0075232899506,556.5836134410857,63.568867464377895,25.824352987158594,65.3767389015201,447.11017373254805,9.531065547185102,111.04597746971577,972.5151460457215,46.26967607894439,0.0023738436131953253,0.006470873125135408,0.11584953618223785,28.269585586517426,0.12973875825679093,427.51683362398626,632.1590011863593,1.1054786504424026,96.63047542557094,3573.995542071462,1697.6508368643329,16.952566683185648,524.2085944415663,599.974644095771,139.44064314169322,11.257962291468006,1264.268919724492,13.440686527692618,0.006435997211944788,0.13003228797604433,87.9721552654945,4827.305694291253,583.260050804503
17359.531800338,472.8995429448614,541.0394007347462,79.54313191038922,21.90326595017398,66.06328244395766,463.9447974346944,10.523174682910726,127.1158799106303,961.6019397696376,28.93529790038415,0.007770062003709629,0.006103986097780527,0.03226102610845814,26.659196248588035,0.14970448010981954,437.61868383585255,636.1914789060816,1.26563639568856,97.94369607393911,3589.688402813503,1664.4962093891138,17.713088725556574,469.0938513492244,695.1004582051277,134.60636813221595,9.373613113675566,1268.4699096964787,3.9960034982545123,0.006070420695483592,0.15002229370452685,89.09331628033189,4860.782363771271,583.5178779519931
17373.93129630023,472.5439327814463,540.6875603597612,79.56886948938077,21.8113971281335,66.45657188907595,464.3522088490967,10.37253673354579,127.30338934629633,961.5822204124901,28.928282437115694,0.010070438288033518,0.006151921983917264,0.041329024687095935,26.631523265004724,0.14969826895173952,436.83767698551384,638.3064369237138,1.2590523156408266,97.79891144338433,3592.8864827805423,1664.7069007139808,17.745574226619365,469.42480603791915,694.966169528117,134.79612012921697,9.322170075243948,1276.5373213011574,3.985217140365348,0.006118244743480491,0.15001622729873107,88.97819434207533,4860.240556827602,585.5378287118366
17400.17015512735,476.257332087159,525.4706746353414,86.78682194139238,20.7782789046063,66.81571104276988,473.286699283261,10.18688197926429,134.18223626122926,952.2689101168476,34.327893445974105,0.0032087534064620593,0.006580901347840985,0.05548899472227344,26.501075808016914,0.15520456206112296,437.81310011143603,641.028546544799,1.2535459208080875,97.56181848487167,3600.332694935258,1645.6025752556884,18.402741903106747,430.7665213758325,733.088299067827,132.81724944572753,8.813819989668302,1277.8656788567064,5.879720671193577,0.006546156483738721,0.15552845097452284,88.709546804931,4886.014477721671,586.9747447129669
17414.758855400574,475.89566653584086,525.1194788685666,86.81403780696745,20.687548479592834,67.2164773262736,473.7036136946256,10.036761751091618,134.37759312006818,952.2493110211984,34.32017297141065,0.004766440171163901,0.006631230432222761,0.06736668574594573,26.47305751655672,0.15519890204112527,437.0219225994319,643.151793426241,1.2469216396624088,97.41531919446906,3603.5787479134374,1645.8143302104736,18.436562947824704,431.08766099153695,732.9489698697056,133.00826627365507,8.763247790236331,1286.0710190579819,5.86644605683011,0.006596373498910895,0.15552294010566325,88.59312938305808,4885.464072170866,589.000644210977
17624.62018050254,457.7502877324133,596.3271209196918,78.7429956090844,24.091596435610374,68.02233385762126,441.873434088176,9.838641189709243,120.16182012382022,994.0836941114857,57.71536941611041,0.08463133697885415,0.004394344180969676,0.08974586543656284,25.42325081506533,0.14046574054767672,429.99308354958856,642.244429242237,1.255399855182828,97.83374851577743,3590.947277318862,1752.8012547670714,12.854077911562353,629.2704884876499,658.7165672107599,142.91797437654583,10.649538064715415,1311.3831685009113,19.972599660390486,0.004365942135065586,0.14077359082684235,89.12816729733862,4766.555782936789,593.6017016882702
17639.194677739324,457.4003983539793,595.9578473598614,78.76858791540054,23.995201327753843,68.42138194125783,442.27099989392,9.693033977355906,120.3442108725959,994.0638240944486,57.705479302685866,0.09189083196861027,0.004434977853673225,0.10449267421589004,25.39619111559495,0.14046016186566251,429.21916643177826,644.3521506329683,1.248852016871468,97.68900129433725,3594.1462384807674,1753.0171259003398,12.881891139769124,629.6536183760288,658.5860846938118,143.11350488670442,10.594682650956525,1319.5857046047802,19.948459443534627,0.004406461353184069,0.14076815199709355,89.01301505523158,4766.019282754941,595.622289962399
17516.49332452231,471.45475331825406,532.1329263701413,88.80319373461845,21.378110259517115,68.41156072446023,470.3859987068265,9.203484601329832,134.06894902141386,956.9565496381512,56.7373638280041,0.008645159122656777,0.00657779446713823,0.16255625764404089,26.36377646420498,0.15130665454185518,431.6637922502452,648.7348064375129,1.183439580314143,96.61255789616878,3609.806851761964,1666.0772566120345,17.104710120893102,457.164723199537,728.9305463382506,135.38584719639348,9.141504166111758,1308.2638832583875,17.64513055709096,0.006543121402827198,0.1516261223407312,87.89196106143828,4868.803216044516,595.699176265011
17531.0623983494,471.0996639487547,531.78409779239,88.83037162189004,21.28731147000982,68.81174719800907,470.7961879484421,9.062673615363346,134.26160162595448,956.9370542075382,56.72755787179489,0.011066976495024125,0.006627487628004129,0.1822092750187684,26.33622064546086,0.15130086458173483,430.8883724125745,650.8531424331383,1.1770824231696604,96.46871723643268,3613.014200491519,1666.2877198003644,17.136791834324654,457.49129234798136,728.7932853348241,135.5761572861626,9.090686062463286,1316.456673402815,17.6224409009268,0.006592704177708656,0.15162047775547338,87.77761044664732,4868.260991998302,597.7233282064932
17685.366655822418,465.48292054233235,564.3216457541715,93.44897252707847,21.186269591273447,69.61950561746166,461.3444815025119,9.511395477129811,134.91520808305214,975.2464182456933,58.856137709174256,0.06569781632690917,0.005082798361358568,0.12639322101779654,24.888807068481334,0.1540220409283185,432.5228469880628,652.3200283234469,1.271273681265278,97.4425648601316,3613.9364416111903,1709.7362399776255,14.311971411037785,539.3169699029235,738.8675744489491,138.62785355587854,9.180252140233593,1332.9084749605165,19.18615900954279,0.0050524701267269205,0.1543456741414707,88.78285513585696,4817.3199361976385,600.3028574788547
17700.191846374073,465.1253473683772,563.9578028480431,93.47719671344244,21.094612795083766,70.02855999108745,461.75606399360987,9.366386964608106,135.11118290739373,975.2267620166416,58.846046674593076,0.0722137358882289,0.00512698404475186,0.1440228383325973,24.861619076245994,0.1540168609182801,431.73671912109484,654.4444778906579,1.2646122487466884,97.29611134664627,3617.188941607449,1709.9517492532161,14.341944466400571,539.6761299263432,738.7279557282247,138.82301234259393,9.128620996795878,1341.2884016520845,19.16215727368676,0.005096542168608764,0.1543406424848522,88.66638183802893,4816.7734432343,602.3347884948388
17603.929854316826,468.4733073246173,548.321409699664,87.8473518585478,20.46006010733432,70.2864377048905,467.30050657022025,9.348874048729495,133.87740203947718,966.8181825772122,36.30339988166108,0.06527746432453774,0.005814936287408345,0.13997019025075846,25.424250446830882,0.15467404297869988,432.13018430122673,657.3315566077437,1.2565923502261838,97.06336706426242,3622.9566517807143,1682.2633145082398,16.428972597041433,497.2667232756578,726.2915528308195,136.98804819810613,8.703704177507046,1350.4525528963625,6.926597106556302,0.005782484137059363,0.154999107904404,88.49662529093351,4840.583066186863,603.8026446595003
17618.694484944852,468.11934272750864,547.9673140005427,87.87438309539306,20.371234415077456,70.69206289624117,467.7093485760031,9.206950939789207,134.06991702093876,966.7985869513585,36.29555612109695,0.07167126707335653,0.005861664686184187,0.15824724669868848,25.397190215236016,0.15466818894359777,431.35434548640757,659.4638706404462,1.2500413987166632,96.91919107883267,3626.169835766903,1682.4747975256937,16.460414515744283,497.607312030729,726.1545405317559,137.17948067785062,8.65411959634457,1358.7761902048414,6.912383897006917,0.0058291015109963795,0.154993400880831,88.38188187754231,4840.042415864915,605.8405060221464
17659.195439925224,463.6638814947744,559.499526232786,84.88197905208327,21.415939499228788,71.09776689326301,461.06400575163957,8.802889856277528,129.9859141450131,974.0437200810397,46.83521973771782,0.08692115423370961,0.005671612146853516,0.22005212980142122,25.48399136998804,0.14899700982221775,427.5437503236529,660.8010252133307,1.2085675874883737,96.52408288090461,3624.9656886913913,1703.9787702096673,15.442916862160738,533.9609134225805,702.2210533117645,139.62009594186273,9.188623798515831,1369.0044298519363,12.55327320344278,0.005639549228393951,0.1493157070402442,88.06127009113011,4818.125801468067,608.6037457912478
17676.616600835652,463.3305354948382,559.2721603255803,84.90863065466937,21.32616578472548,71.51020736004854,461.5989041712224,8.661921492319584,130.16975445041612,974.3528921145073,46.82541777443184,0.09364350592680365,0.00573339776205125,0.24344904941594467,25.4740275283299,0.14897423963199147,426.7460877928428,662.9409654805942,1.201375138064955,96.3724279291106,3628.2274105735905,1704.4299159472127,15.485774533897247,534.1902824366243,702.0943932633666,139.80302118848593,9.137531876947486,1377.3485149577798,12.53428980991333,0.0057011781757899255,0.1492930704526289,87.93953065426015,4819.438266733781,610.6494009267277
17902.879781579562,463.2666100603961,581.4789224892178,104.05387452091296,19.174823608484736,72.51081779415019,463.1519789865268,9.594742424157847,143.03159697176045,985.0480468280622,48.51592086709019,0.20263120254113176,0.004132450481567899,0.11755165005923135,23.118499342013234,0.16480338469906222,434.29050529012693,665.5131194975476,1.388015829003896,98.07276164916581,3636.747807734763,1729.543801693031,12.860452502296868,582.5122411737506,785.500856452273,139.83907855645987,8.27158361732666,1388.4794009540988,12.868553981994104,0.00410537272170327,0.16514101663116593,89.45264584871403,4791.689554560471,612.2452032686331
17917.966980217516,462.9098893250075,581.109589086937,104.08365705024194,19.087631126730376,72.9282675046216,463.56436677759115,9.449097518498423,143.2333784443291,985.0282920688585,48.50675908271719,0.2139580899630406,0.004172301224857511,0.13457395421806584,23.09229637580129,0.1647980264567525,433.50277193581815,667.6589275129412,1.3810548579405295,97.92583513685167,3640.010554258416,1729.7605556889273,12.888865816011533,582.8855048635621,785.3568989508241,140.0350877644818,8.22257798350759,1397.031958776199,12.84889851058159,0.004145109322094024,0.16513581198321026,89.33573388676935,4791.144517375621,614.2972292445586
17663.001269882505,469.9081896596218,530.2754953407631,90.31102553092238,19.420271150570397,72.62530950653063,476.887370744776,8.381620456960013,138.28785694013288,957.5524337806607,37.01091672890914,0.0713427759241038,0.006734280502421889,0.29080877569127905,25.58758387043534,0.15693344366187398,427.9290214690849,670.7553540577788,1.1950180147750997,95.89056433077621,3645.2712363126425,1662.0160196381128,17.788379834947243,457.6565599410012,741.928385632363,136.20578765531002,8.122135080551093,1395.5071541690613,6.9374562374335005,0.006699479729394072,0.15726162384227357,87.487419113396,4865.727404124063,615.6455201815739
17678.01623501408,469.5537062086056,529.9271730289544,90.33844976932573,19.33377175808997,73.03764090845817,477.3004245680876,8.247239931876122,138.48342982639596,957.5327559886916,37.002982397326875,0.07801089380121556,0.0067846257949971235,0.31691129856723155,25.56047291880293,0.156927084307286,427.15671334691285,672.9269573624058,1.188620499104852,95.74730581586853,3648.493975257995,1662.226553938674,17.820934272508282,457.98345583437344,741.7896470430644,136.3966632628141,8.07425401378857,1403.9682786619708,6.923241699095991,0.006749715895641054,0.15725541279210153,87.37333976009963,4865.1853216433965,617.7202862662357
17880.56549785172,457.3649034314841,586.8304439791991,89.38970216662648,20.688019538171776,73.96157805959066,455.57393718140975,8.552931578877825,132.03710624368054,990.3159947814262,45.95425374159747,0.24520789111698357,0.004603011906800697,0.2649636878907157,24.037431145501458,0.1522758228758722,425.5903572881879,673.2202211415662,1.2711489927550517,96.75461145135903,3642.865527318175,1742.4645535771467,13.287907745509482,611.218822982445,713.3434602090845,143.1193050813895,8.919571696416602,1427.6040995524877,12.181920425598644,0.004574334994087419,0.1525999800495134,88.40077898382282,4773.438040844051,621.3546439853251
17895.72378196109,457.0151840032056,586.4640145399733,89.41698617054669,20.598738351047167,74.37768017029664,455.97765725599123,8.417179183999558,132.22820955432562,990.2959831720611,45.94541255266387,0.2574429095813405,0.004644651237797837,0.28990482124102845,24.01115446528018,0.15226955860253322,424.82016337247086,675.395807629887,1.2645505708236757,96.61070870895405,3646.0872028942945,1742.6801228783647,13.316046279766894,611.5965930441216,713.2074206486872,143.31496327646272,8.869391762977875,1436.1618284603846,12.163081976542971,0.004615861978272587,0.1525938617485959,88.28610549443522,4772.901124019514,623.4389998596216
18169.85154309438,455.4639112948709,614.1855410361449,110.91962562136757,18.806288072273663,75.42599003154392,455.5397741303711,9.20844096302851,145.34992141676364,1003.7840779688064,58.7163131056534,0.4248479705821498,0.0030938532669349053,0.1704260602958678,21.616299479122347,0.16716615512769892,431.35814744336164,677.6356818688566,1.4432963891633832,98.22823242505606,3653.3220288715747,1778.413824577071,10.288178239760835,679.6034683743794,799.3864331429762,144.19331068554135,8.209324006072745,1446.5923233638985,18.862572763934164,0.003070601725886434,0.16750790925118655,89.71318925469264,4737.342404319429,625.3068316984156
18185.243716265704,455.1102305385201,613.8058500638425,110.95039335633577,18.719975231415983,75.8517591961391,455.9487990360019,9.065739590737888,145.5532424752605,1003.763955723504,58.70621579874477,0.44115789332892064,0.003128391908788727,0.1908089368040929,21.590995532995613,0.16716028104514866,430.57282664889595,679.8186636468253,1.4361877652093469,98.08123345335099,3656.5918767752864,1778.6339585050139,10.31347018629446,680.0068203705164,799.2409397557676,144.3923370741599,8.160519394857198,1455.3217411918836,18.83879054307125,0.003105024909131753,0.16750219008189418,89.59611490750538,4736.800437588635,627.3977791968549
18046.23353760295,463.9179324685369,568.5883408308822,112.18034555339747,17.502680818651505,75.89106804255377,473.45660232912525,8.624316451997263,151.40851673729782,978.5061696677938,49.74257783383115,0.2752144907559491,0.004535530490447093,0.2579988848802961,22.59426201916421,0.17143065745497718,430.7399417217153,683.4658074479022,1.3636081574874785,97.11185428607313,3666.8734570391935,1716.5867434633165,13.38138105693953,554.6001060133647,824.0740609670215,139.47384704094245,7.419084341641707,1452.4244334271516,12.932688221792482,0.004507369781438663,0.17177669557472394,88.65762699212242,4805.6057752282895,628.2248458158281
18061.50980293577,463.5657161196333,568.2276526300694,112.21091018658791,17.420567834082465,76.31255522651252,473.8681680205377,8.487996461582364,151.6131541212905,978.4862777392307,49.733379423739045,0.2881676723613352,0.004576864162205603,0.2826174555821811,22.56878657200087,0.17142401085220477,429.9651000929465,685.6578730014039,1.3567736670210662,96.96768602676623,3670.105728899818,1716.8007060875689,13.409618335265076,554.9599568296318,823.9278431009761,139.66699816923568,7.3733255930646875,1461.0561234597512,12.913277726380976,0.0045485923705603035,0.1717702042106629,88.54278697792897,4805.067052275482,630.3206835577212
18038.43561611241,455.52171485234027,594.8744442271097,94.94709706231663,19.233156500743547,76.73844687232187,457.97480791683455,8.287645807830101,137.07863827068286,995.2202345879466,38.25619793081059,0.4087545479052287,0.004190765078153215,0.31464427997667094,22.973766948031543,0.1586589483574894,424.89518497725436,686.5503170348878,1.3244484816040132,96.77935292243934,3664.54711802208,1752.157617176985,12.682467271801146,635.2457038235851,738.6555894571768,144.15017455618104,8.229025187662494,1483.014160882881,8.011189334012549,0.004163599172171685,0.15899192651008676,88.52381416253992,4757.92063988857,633.5932578887788
18053.811332443314,455.1726784003011,594.5056207938042,94.97519931620076,19.14703817132739,77.16225454278938,458.3795507252308,8.154052129877646,137.2734405131969,995.2003532153564,38.24814596007393,0.42452978165160976,0.004230448552304466,0.341767380416876,22.948044190406076,0.15865301939174484,424.1258713017952,688.7294691448677,1.317722751394754,96.63538810444796,3667.778688502362,1752.3734486733401,12.71009431410682,635.6306481362025,738.517415809206,144.34654587544512,8.180813632164423,1491.7361515177079,7.995903246606088,0.004203170498550261,0.15898614644600173,88.40905311844156,4757.384625905409,635.6807445042926
18084.741092802582,457.66822212749975,577.2675112572807,102.72016329652894,18.790030088206713,77.45905902708066,466.1448160443603,7.647013599054519,143.40513231993177,985.2108873165201,58.792920483386865,0.32765709542292876,0.004772973834061602,0.466085187759592,23.106600568637123,0.16093285878469457,422.61142156206427,691.1924216680003,1.260589444310425,95.92633796538247,3673.4569054047915,1736.8755763624495,13.032474544207929,591.6396255807281,771.3410570558594,142.94624104242527,8.008927389805518,1490.1092473641027,18.6731981625279,0.0047440365428403,0.1612676808088073,87.6926018705229,4783.120419199484,637.5162322242797
18100.3065044609,457.31366377217995,576.8995179628197,102.74975435510746,18.70371791591158,77.8904972654998,466.55853379614473,7.517049018547606,143.60717700993476,985.191130924524,58.78283486987114,0.34201873479178746,0.004815794624839345,0.4994100306404091,23.080404348357998,0.16092756383782267,421.8343572254693,693.3792036278024,1.2539561002251618,95.78102877307677,3676.7360738766733,1737.092789283143,13.061077151119212,592.0158017719823,771.1984030369092,143.1444151471713,7.960707261403536,1498.9688086161937,18.64951955652967,0.0047867451568152425,0.16126253756026573,87.57684616312451,4782.5758696005105,639.6101446240549
18222.710838567866,452.68291213614776,616.6971702462766,101.87492146152935,17.89464224485323,78.8779306789625,456.06343553000346,8.572593382894004,141.85334157657257,1007.1662264742631,28.877740780725183,0.6689339993242454,0.0032499348294575715,0.2610991761199993,21.477975080347196,0.16667572486442717,427.07005812703824,695.4244557802461,1.4407597979497528,97.5785793743235,3679.277512868807,1776.5927369748867,11.22612811054311,693.5519425627679,767.7110845627943,145.75428428237896,7.652601673906384,1525.9141968404701,3.8407049619089526,0.0032261941985404895,0.16701940399269194,89.40913086098146,4725.086385690376,641.8711820725799
18238.274428807927,452.3349651869051,616.3216416358631,101.90403083373533,17.81157803669069,79.30759757934246,456.46733303855785,8.436713238849327,142.05150624710726,1007.1462261353242,28.87074510868875,0.6890729907654306,0.0032848922230926344,0.28585679117475205,21.45310404166999,0.16666964795266542,426.2987771650723,697.6176350759702,1.4337445911349675,97.43402111027379,3682.5155703838313,1776.8100681784313,11.25212146754819,693.9541626075351,767.5702194254242,145.9517448224512,7.606111849007322,1534.7612576026331,3.8301231221388408,0.0032610384456759423,0.16701347980678796,89.2937972027377,4724.552224468755,643.97224981188
18061.920609223125,460.7326039506012,559.3109117999262,101.12947714534918,17.59446915330958,79.07064666939898,474.9401422070766,7.30666204697276,145.8226776233103,975.7103154901885,39.794935925080935,0.35204685668608343,0.005475428735520825,0.5471839247444216,23.312504726461498,0.16436714663780821,421.7207327997735,700.9050775979299,1.2458292159223336,95.3685569053742,3690.4499459045346,1708.6929474746923,14.874660072323316,544.1344927937112,776.9441307110728,141.2255130061971,7.328887099503328,1524.3786474220587,8.094848095229306,0.005444504250748722,0.16470673411795486,87.31857160322346,4808.078317331585,645.1948798571461
18080.05391030368,460.4003135158069,559.0835842238198,101.1585676733169,17.51310715393227,79.5055657189487,475.48302776871844,7.178282040278434,146.01739134094012,976.0197518873595,39.785900704349295,0.3654488951208722,0.005536139271573618,0.583737614624372,23.302974886053498,0.16434323076773721,420.9285233981649,703.1089462585202,1.2385265679450599,95.21781280379544,3693.7409904944293,1709.1447168031605,14.916722382917374,544.3660363527539,776.810901766517,141.4094865835964,7.283265181603448,1533.1828129494957,8.079605482891504,0.005505061016976042,0.16468295943810216,87.19734679939815,4809.389413500875,647.3010821638512
18352.163519811344,455.8750593897901,597.0959061698667,118.40837885504877,16.50631632580138,80.60967544856032,468.96548399290384,7.882017763052622,154.8167441461109,996.0126066225777,49.96639148319604,0.6126201502995915,0.003634088524831106,0.41275361309972824,21.018376066178142,0.17534225406744522,425.9067889250733,704.895556316352,1.4077677545948635,96.82692681734221,3697.800150927557,1759.50543263334,11.266776440543408,641.3858594737869,838.3865133130566,143.94848869229307,7.00226806979398,1548.4776871195616,13.106013604876551,0.0036091377668839558,0.17569505380026443,88.66171997196822,4755.355905511997,649.6890536785631
18367.98917949285,455.5211964379098,596.7216451875513,118.44014918486945,16.425425377030777,81.04978846077151,469.38045129410386,7.750062797866643,155.02667115463814,995.9927422220701,49.9570937470029,0.6322012357746276,0.0036714650992361055,0.444147876275006,20.99339193733064,0.17533672715371024,425.12669945034463,707.1038917196888,1.4007573679937575,96.68093685473815,3701.0901642273006,1759.7240559706636,11.293372052392588,641.7775288698346,838.2377883915151,144.1473560783903,6.957184842249883,1557.5088440512832,13.08617754513865,0.003646401445130007,0.17568968541403032,88.5453261853242,4754.812938728088,651.8028459656001
18225.961100069828,461.1471858002414,567.0846679737358,112.07839924473265,15.754246846326646,81.17556672539581,479.64711677672705,7.536940374942764,154.8584854891569,979.8816350391411,30.701182545465333,0.5260488345140699,0.004768189965559493,0.4858669597730367,21.921240445400695,0.17599847316114298,424.92564899769576,710.4208152551619,1.3545888114491147,96.0424824494426,3708.350691291527,1714.522461227768,14.07060006888183,559.6857895445477,828.9569419674729,140.98925142840048,6.495351965651953,1562.9402378181885,3.8873657076815036,0.004739570112941035,0.17635232931944447,87.9797594405907,4799.1147151322375,653.0639573450176
18241.69799969543,460.7960003347017,566.7245637851937,112.10893148770992,15.676314452261225,81.61143815400357,480.06132343276613,7.409566001343941,155.0655317748957,979.861907470743,30.69396937527174,0.5439248220401799,0.004810512906692358,0.5194354447965345,21.896113997509435,0.175992228608798,424.1563077312136,712.6374971238718,1.3477868865322256,95.89906695151039,3711.601514182355,1714.7359622563554,14.099698988885843,560.0471190932617,828.8105654689849,141.18345853660065,6.452526886489061,1571.8938372281564,3.876719738349616,0.004781783596977856,0.1763462418622962,87.86535170704101,4798.576385680308,655.183249935302
18133.49544828767,458.9874270455354,553.1587087493391,99.61275891889021,17.253539972589074,81.59975618715,478.2161640669629,6.454403313757198,146.07871494585956,973.7417490634077,40.017816537990804,0.41558994952606415,0.0060204280577118505,0.8179732688406685,23.44251092732562,0.1628813881332277,416.269199764345,714.2176135394178,1.18374153288608,94.2749335010107,3709.7762755732897,1705.310929744033,15.461187684305512,536.3764526928504,769.3745694547165,142.19299257318366,7.108060478240006,1576.8703377124052,8.147890145460432,0.005988083954428086,0.16322013521317477,86.41894389843637,4812.455480097096,657.9216169134584
18149.33421680644,458.63708772481704,552.8029489403436,99.64156074978582,17.17201418832239,82.03678699746601,478.629792829638,6.336546303329488,146.27971952159137,973.7219056218365,40.009566175867626,0.43147331189001575,0.006068035357675151,0.8613707463660242,23.4165615443645,0.16287490938503182,415.5074906659319,716.4584122829281,1.1773743136228754,94.13288742537586,3713.027397259152,1705.5241884998666,15.491539022363838,536.7303429091809,769.2332878693092,142.38801677675605,7.063272650135021,1585.863680489502,8.132484765334116,0.006035583200519504,0.16321380759004028,86.30556353304293,4811.916373333924,660.0663780188651
18224.61025922704,455.6102710617286,560.0784446453639,102.03075364683062,17.7224835020187,82.50167557767178,475.35324745304706,5.999371314200347,146.20226378149033,978.0644697846313,58.820356083912955,0.4416644999488284,0.005885872374322135,1.0060161156106224,23.280825290882134,0.16027161806113369,412.6907588838172,718.044890401991,1.1437510599480714,93.7715084984511,3713.7022989950883,1722.8962252219505,14.358377307946846,561.7077822556422,769.1799161479058,144.09402812902968,7.372883518756334,1593.0655034919146,18.31834957720987,0.005853928475765866,0.16060726377287493,85.97409352986823,4798.127459734293,662.7179710332064
18240.67888433958,455.2565334726343,559.7158664040443,102.06026289603358,17.638697568322854,82.94694029615471,475.7710708756156,5.884295871647675,146.40617990518948,978.0446070060872,58.81024983456559,0.4582910731797854,0.005933474816411867,1.0547155604283154,23.25456488729545,0.16026586638931214,411.92262655928334,720.2919666386971,1.1374239204858918,93.62788425162633,3716.99905134632,1723.1128960008984,14.388253467349262,562.0744883067392,769.0371982462557,144.2929860108771,7.326635822160616,1602.2255623699482,18.294913058827174,0.0059014214200042514,0.16060166364677786,85.85948568409954,4797.582026986904,664.8705075916419
18497.532107671457,450.908746545891,601.1206545744078,116.86583627512,16.38215759613229,84.13650304793674,468.41590288838484,6.760717455462848,154.06778946633185,999.9909176745031,55.80643158317089,0.7945517897043423,0.0038128083733261985,0.7304349299248302,20.852452480287294,0.17222361440960707,418.25711652825413,722.2634519970483,1.336071051615171,95.56931573796065,3721.553743711245,1773.1672616103328,10.987978437801816,667.0743019534997,823.9648707984343,146.76647100176461,6.912362975222837,1622.0163306847835,16.44678368288515,0.003787354792482564,0.17257422857730448,87.65912934362102,4739.234750650129,667.1366731934477
18513.56480783632,450.56150468142175,600.749789722267,116.89703263976233,16.30271966437583,84.58026600197252,468.8252723082974,6.64008348718906,154.27421550451604,999.9708085502137,55.796688601788574,0.8164567512532789,0.003850713829265771,0.7714754040969953,20.827978968494833,0.1722169524524054,417.4935899721828,724.5168271131229,1.3293060090961357,95.42629748351217,3724.8100208645483,1773.3847217552857,11.013567534962347,667.4689531394341,823.818662620105,146.96460568492083,6.868196975424125,1631.1373234700284,16.424893410094835,0.0038251495470566933,0.17256772216134625,87.54493805779327,4738.699760932866,669.2963899893024
18324.66404268382,451.53916669736105,579.4393061698843,99.60140638888714,17.226724028549988,84.54215027051791,470.2460395463553,6.030172249654424,144.4180242483949,989.7804414453267,40.922068219036184,0.6846027572861587,0.0051500040411292195,0.9849951835835173,22.488683768001135,0.16166471911866132,412.07762941770795,726.8360202171589,1.2031617511494,94.11762201167004,3725.5989020810875,1744.703011752078,13.537083990557232,615.6023376274769,757.4318143469961,146.39849532531147,7.146514359807418,1640.0523392430132,8.853096475914628,0.005120241899060531,0.1620036760773955,86.42170125334115,4764.9621485959415,671.484444620634
18340.844695766813,451.19605008756497,579.0722407535561,99.62858413533685,17.144480865969854,84.98629223745459,470.658226564744,5.917018899833666,144.6172190274468,989.7550171007423,40.91375043120519,0.7049352105579241,0.005193451581374595,1.0322906638953642,22.463338392180212,0.161657727886244,411.3295883558959,729.0964045621142,1.1943157960294957,93.95320038746789,3728.9022079406723,1744.9340664981496,13.564912661355093,615.9851264104296,757.2963123310868,146.5938863264462,7.101223584824264,1649.2110663228816,8.836807591061493,0.005163582527920437,0.16199683673921392,86.35587619956169,4764.414946535136,673.651298294476
18564.414721810183,450.42752768748596,595.4727177875546,119.08774255603355,15.912849241982817,85.89758426006237,472.1185752048371,6.2489797309439155,156.61304088782893,997.4267141694162,58.940795873281814,0.8511670986037818,0.004060519081780018,0.9171335197722036,20.760887273949624,0.1733308770050204,415.4132871942717,731.3933136977881,1.3017818557087641,94.90581814766902,3735.5505496668006,1769.2881922445915,11.201837345394525,656.6419564484121,832.9894617763796,147.0397161185041,6.663150848192062,1656.4014168804188,18.038578730014994,0.004034324886420456,0.17368318220877513,87.16839788731718,4743.74985237737,675.6365863964119
18580.72087814096,450.07578576458434,595.0989659401948,119.1196038899423,15.83342758083799,86.35188412913331,472.53493487820464,6.1315478804011825,156.8241818357965,997.4068356724126,58.93069758356864,0.8742202492874384,0.004100022307812578,0.9636486007001932,20.736056698260562,0.1733253818829918,414.64287201611654,733.6427408481035,1.2950408617889135,94.76128425741963,3738.857310274313,1769.5074224878642,11.228356246245925,657.038255914962,832.8412163518703,147.24070672210573,6.619174634808687,1665.7415441380729,18.015306096324707,0.004073716975760345,0.1736778446477778,87.05298879196603,4743.207548607037,677.7921422228204
18540.909762706346,459.11045139209085,555.6115721583448,130.61226223671113,14.175526225775267,86.58667710793439,491.903096469156,5.939909227297693,169.21803851442908,974.2828352661804,59.98895428462048,0.6672261106229167,0.005194293287694817,1.0443570549478123,20.996773652691086,0.18353756560587908,417.0068600842705,737.5373178055492,1.2730785298527105,94.24562100644073,3751.1952662713998,1715.6418343466214,13.375644142397277,544.4695119289304,898.0631050016249,142.12274900598396,5.761559148542845,1660.5723826155165,17.415147321351924,0.005164764678341918,0.1839004432344265,86.48492825030526,4806.694233691085,678.5350467888643
18557.08179420893,458.7600424675909,555.2551299276431,130.64522226284905,14.101606627439859,87.03682250408716,492.32256053066726,5.826893111011457,169.43446827400302,974.2631641380102,59.97887124359623,0.6873395674641765,0.005238462748949347,1.0933107602597967,20.972182883943592,0.18353118870856175,416.24472440196524,739.7958758357563,1.2664846889761698,94.10355392864363,3754.464810384457,1715.8554050566754,13.404015731876596,544.8258966641473,897.9107490067354,142.31773495727234,5.721229682304427,1669.8010048779468,17.39260606419605,0.00520882691193908,0.1838942268654764,86.37149692766606,4806.155479287587,680.6952397089227
18606.178337055215,451.52496066254986,582.7299394751452,121.6020012364044,15.223800108946039,87.62709861123571,478.77619183893853,5.7446069026528495,160.27151085387317,990.8205256093115,59.16916984481723,0.8701335257934717,0.004537888933174537,1.1285913291556184,20.80197206593083,0.17551888070227278,412.95630891836527,740.87016186945,1.2653641450907278,94.18070170436513,3750.923436551574,1754.8743495712633,11.927472732567589,625.4361356576649,847.0565925493294,146.40772361321385,6.288830013447058,1689.5653870172052,17.801490808030835,0.0045102724211523474,0.17587399499306658,86.54253221359774,4759.485689893124,683.9452166951241
18625.02208781105,451.1960079637004,582.4979009816888,121.63390047623822,15.14812426072174,88.08491377806104,479.32126478586895,5.630838405800863,160.47564022381363,991.1323486351264,59.15815249763479,0.8911318587785989,0.004593172975232837,1.180830414577135,20.792970028569716,0.17549416681235633,412.1723786856936,743.1359423820782,1.2580043822703293,94.03089970718929,3754.24132991138,1755.3321828548546,11.965141343451279,625.6843734808751,846.9174817990447,146.59504110888585,6.2465742912105595,1698.833640851696,17.77888344658752,0.004565404377682782,0.17584942752955365,86.42184748918606,4760.790144423278,686.1136951710937
18725.464928101064,449.3669225272781,606.5762056186002,124.5313161338126,14.180462489405828,88.99236238917027,474.92792813046776,6.330468620274524,162.30175257437898,1004.1520046244708,35.95601991945201,1.2260284913397757,0.0034986261389039043,0.8778038955631646,19.546113905243782,0.18304522962989994,416.98891914078024,745.6220388743335,1.4083895145701508,95.4048865822665,3758.9779017186142,1776.9570326833746,10.84142942571687,684.8731942131888,862.2225999091395,147.63727811815102,5.839550115336714,1720.210748998741,5.962026987638924,0.0034745159453518225,0.18341043158439066,87.74971801873666,4727.3095871881305,688.1208084895894
18741.878136080704,449.020252555082,606.2037717330601,124.56349980048185,14.106530005067256,89.44871021134966,475.34009252640277,6.21377858736109,162.51371465771422,1004.1320342363629,35.94821377881278,1.2532400802990675,0.003534892872218388,0.9227312587465061,19.522388076125495,0.18303886129135394,416.22679986088247,747.8929326357721,1.401453659269613,95.26194810040595,3762.2508350108997,1777.1743861673056,10.866973787967424,685.2728901151677,862.0733151601637,147.8360096272506,5.798948130307244,1729.6034018337098,5.9488410262641445,0.003510672790819728,0.18340422350294291,87.6354600032099,4726.775300313577,690.296194491232
18739.32287584332,442.7706557044386,621.5672673711497,112.41113949266332,15.68097311067169,89.80625595545251,464.32080795476713,5.7509949791741795,151.74899032436528,1014.0649845537906,41.467814450767264,1.3253704446361434,0.0035158115917213466,1.1161912193585728,20.046615098972246,0.1709049693003933,410.226846908636,748.9386525903936,1.322225613578343,94.59058169732062,3758.015000182731,1803.5368219498419,10.298437335591156,741.0240055599533,798.4019936016925,151.4717984756632,6.541222538423463,1744.9135141237819,9.064062580957229,0.0034915621583841536,0.1712571393757543,87.107284332728,4697.825101286558,693.6180969228416
18755.83963920442,442.4265400194485,621.1902586645284,112.44171702128806,15.603222386373512,90.26468316588334,464.72834468977925,5.6397992803708235,151.9539480645536,1014.0449158335309,41.459431290651175,1.353657073318679,0.0035521670587016297,1.1667815641684598,20.022587334399084,0.17089881577285077,409.4709351511799,751.2145875124462,1.315505536939394,94.448254759916,3761.2875143413244,1803.7557949411237,10.323334168570954,741.4397613466759,798.258340234372,151.67309336373185,6.498246258998266,1754.3732758007184,9.04780253744038,0.0035278073600424568,0.17125114050363138,86.99344547522035,4697.292483253406,695.8021482033649
18778.181516079363,439.65749924006735,622.5665160029441,109.84898681360899,16.496991462407752,90.59502035235329,461.6025630326588,5.153572735404659,148.8011268826779,1015.478251490312,57.98121854007865,1.3017289193120023,0.0037589333839413383,1.4169665752047322,20.402137358964367,0.16469824020862736,405.0021551413064,752.8226618509885,1.238442692521761,93.68674365349504,3760.9743241140436,1813.834402095366,10.011374868942235,754.7141154731098,778.1159329985999,153.31185405098836,6.928745324957781,1761.436417266962,18.28365917948127,0.003733831006699887,0.16504315045657278,86.30886123272307,4691.267280980054,698.6047315947735
18794.77126135347,439.3145956772842,622.1892043272906,109.87921388532982,16.417240886163082,91.05545377771848,462.0089053699753,5.048339921801573,149.00408478869556,1015.4581687903155,57.971305673878405,1.3297634668890683,0.003796521669610077,1.473895974445452,20.377897403633018,0.16469219945379818,404.2510747211605,755.1044861901814,1.2319392846382422,93.54509859063177,3764.2481262420406,1814.053999308468,10.035922468737486,755.1336936055496,777.9741164521018,153.51436749290914,6.884512268124537,1770.9408011212222,18.26056250272341,0.003771309400665677,0.16503726142417757,86.19554546921175,4690.735034835178,700.7966135652232
18914.35402107519,454.0399143652587,583.4570081407022,147.7874012010504,12.082325272280821,91.85873802821618,492.6902641589111,5.780778608336594,181.07995805733444,990.5311372623269,50.81858031884432,1.2401130776170146,0.0038383641544055182,1.1199625737837973,18.69050776307637,0.19817713276498863,417.2703182967765,760.555230271073,1.416044767083558,94.81972251084615,3787.484439979997,1751.9752042704104,11.085959326225904,620.8733499095721,963.441123360771,144.96715688462152,4.859405506479826,1763.212271040501,12.02529133432208,0.0038133590566577728,0.19855861348228265,87.17236228052518,4761.513342857075,700.10172218171
18930.990781749017,453.69146870890324,583.0916336068019,147.82248250271766,12.014117972555123,92.32239256933003,493.11010453868994,5.669270317831399,181.30374382544878,990.5111234793449,50.809282949122505,1.2674419934030539,0.003876396117360447,1.1706476290382983,18.667338026311388,0.19816998644359843,416.507693382213,762.8675209535636,1.4090799448777052,94.67726644926682,3790.7694281743034,1752.1913610587662,11.11166219422871,621.2540913623733,963.2830235475001,145.1640736965037,4.822385860814008,1772.7214257777323,12.006574431801493,0.003851283018547543,0.19855163439713053,87.05848858897434,4760.977097116431,702.314111790189
18819.026024194285,456.5617668527916,560.3784906503673,140.4034102791982,12.071235244358936,92.44301689755244,499.36387829273986,5.25413034484662,178.970072306166,978.4251785294637,44.73758098908127,1.1004311298161698,0.004904092514498419,1.3641682179073564,19.615277802330166,0.19448143674752214,413.78169622540617,765.624363298247,1.320890437559666,93.71421745966023,3795.1207038327148,1722.1277884446208,13.050233386413565,562.9128477941622,941.9035945142582,143.53782710718798,4.758039521117552,1777.636512061497,8.946830959491189,0.004875761340555267,0.19485895141302753,86.25901334813912,4793.076093771688,704.167614253488
18835.72540255725,456.21235467328836,560.0204163218452,140.43760401015768,12.003059298917508,92.9081418142582,499.7865519270329,5.147848045513735,179.19255091794133,978.4052874241512,44.72885762941137,1.1261835996829788,0.004947069062717277,1.4200487561574027,19.591541613167777,0.19447435737422356,413.0222674567224,767.9443411032343,1.3141639863961903,93.57259459495778,3798.4090012117276,1722.3420961095244,13.078119268735428,563.275384994482,941.7472719063543,143.73377107621246,4.721408762619047,1787.18443096361,8.930687602854587,0.00491863166934411,0.1948520376534009,86.14573797902771,4792.538073604569,706.3864138089392
18865.05295591561,443.27856382594285,608.4665937845122,117.59290225548227,14.254380930857886,93.5305310830374,473.79145968238123,5.030430138269343,158.39953451482907,1007.7768640926515,37.04573030365441,1.5190352553287525,0.0039343347294613406,1.4728955924737017,19.687839300657995,0.17645441011729643,406.63820710183126,767.9875658540475,1.2950953461692536,93.62577437140102,3788.197892931866,1788.8967121705994,11.012338144259049,710.0718637907088,825.3605734859137,151.1652375435745,5.80657084401647,1818.3489555740919,6.606818719966296,0.003908854854482584,0.17681405784484064,86.39165449817911,4710.8090139110445,710.6308092103156
18881.912158041705,442.9342730417783,608.093469405108,117.62419550530643,14.180287699282026,93.9983804789212,474.2031708586239,4.926446674146995,158.6088413932431,1007.7566768347676,37.037792241114516,1.5492658946924505,0.003972838048693714,1.5309384261966237,19.664059235888608,0.17644766682790483,405.88536525067224,770.3111186559654,1.28843498203231,93.48421837625922,3791.483190443115,1789.1151346815325,11.037955573997342,710.479033521226,825.2142415244828,151.3663184792372,5.766097296036094,1828.005445870335,6.592947223296901,0.003947249566819632,0.17680747198780192,86.27829204171798,4710.275631075442,712.8597601308585
18943.061055755617,447.01675841759624,592.6575926493084,131.32159560543838,13.065106642614591,94.50458648675327,484.6472238574182,4.864416919427558,169.5254920313089,998.2167780945312,47.05214545723029,1.452856381475718,0.00416674265274608,1.5789428146395477,19.26240133627618,0.18541370873151364,407.90266835941526,773.406930164103,1.3032085513703862,93.42897412669302,3800.3470088000818,1770.6994055712357,11.227292750305967,663.1746107751413,886.6255043653679,148.98779628251495,5.257892509429596,1828.0744940856723,10.768152023973432,0.004140648659503411,0.18578286838386995,86.15271516450679,4735.832840582956,714.3261609804028
18959.96490195352,446.6710186874196,592.2893481228293,131.35466502988908,12.994175714358208,94.97486270466439,485.0636239763664,4.762172705440329,169.74202262783342,998.1966868166093,47.04319927432543,1.482424448314094,0.004206364155470028,1.639019011858647,19.238879686587357,0.1854067963681251,407.1486563757821,775.7386605394337,1.2965273308227787,93.28756704061497,3803.637569086384,1770.9167143399627,11.253158846083718,663.5681068830663,886.473838404377,149.18742422519307,5.2193820570297325,1837.7567399269278,10.750440857529611,0.004180162632909048,0.185776117559112,86.03950963525462,4735.298042918324,716.5608952395227
19172.690228534975,447.52143128116904,605.5995088624485,153.4086855772914,11.505258136559586,95.97157809548347,488.8822504455083,5.236061273554986,183.87720750882806,1003.9511976879443,53.74015736665073,1.7231731835794188,0.003206391088699545,1.390998769768337,17.591029045799477,0.20083587099476613,412.9918994519256,778.0856962558362,1.4404160814636568,94.48816711479668,3812.3448503072104,1786.5123935962706,9.528649069085057,692.5066258580633,974.4491201933859,148.69662540498578,4.629922822837901,1846.883479798311,13.59486125115472,0.003183722132712559,0.20122211574439375,87.08922809748267,4720.836083340252,717.8052245573662
19185.201700291636,447.1727686400281,605.2407156060605,153.44178731987063,11.43520158802273,96.442370911486,489.29549502989937,5.1327050489966055,184.11486483802435,1003.953071512986,53.73272848304155,1.7607746670980988,0.003235629348453168,1.4460288606182938,17.56490165156628,0.20089254353271224,412.2633465055947,778.1080159236618,1.434636947925158,94.34069613352412,3815.6808999011632,1786.689211793871,9.566940944356407,692.8860460619671,974.3263551902353,148.8972946846421,4.592327968092808,1856.6169101813662,13.573283353647213,0.003212860615627357,0.20127892461166538,86.9744702154002,4720.305706770869,717.8035235995167
18911.016781596347,450.22727982674235,560.1827715103205,132.3077217054589,12.768416945180238,95.98267091376563,496.62223239379875,4.011786551010454,173.19371667526974,980.7591869316077,59.655366813265246,1.2397350545030117,0.005584246118813116,2.1440264581779234,20.120102573410588,0.1840553448555073,402.5511951330506,778.1880497758608,1.1756232981264205,91.73943797142411,3816.1167623800184,1735.2243397326981,13.130297786677472,582.0183137744322,895.4754954342612,147.13490019277296,5.0313633261157635,1854.0641222147547,17.027434880011228,0.005554004736621898,0.1844222590816995,84.61057945120112,4780.062040856895,717.8721951807408
18926.109640901905,449.896086630036,559.9680987791343,132.33856334130135,12.69546198669657,96.45869897921774,497.1723988434371,3.919182801465046,173.41760846726274,981.0910149177735,59.64653216134781,1.269333043148826,0.005638315773447247,2.214096505928716,20.10737643881003,0.18409067334158966,401.80673040367293,778.2125496312015,1.1696450129245977,91.58644664752194,3819.5033486822676,1735.6390755069444,13.186658821013738,582.2371588459858,895.3669153614666,147.32390195230474,4.992063676869003,1863.77403893332,17.003463623714595,0.0056079314856694925,0.18445770960663568,84.49033243098728,4781.372879082117,717.8701847638271
18947.725754825355,454.53815879537507,542.7946953544773,142.16983050979934,11.625526371360095,96.91465162702605,507.9822881936743,3.906129314451867,182.54649192007594,970.5916573512291,60.29054666436466,1.1935568170108422,0.006026982048180952,2.2280037057082462,19.905411663533997,0.19233049816067788,403.95883702271936,779.1866124739981,1.1826439921970147,91.50054686379244,3828.56205477917,1711.1905783922707,14.019047813204454,532.41105458414,944.8362174355563,144.67477488656368,4.483953242793372,1866.018440867816,16.631347111310063,0.0059956560788385314,0.19270610579386344,84.43269478764412,4810.541747799622,717.0111952423915
18960.301788268098,454.1867728986972,542.4550187063442,142.20169672712584,11.555104055075388,97.38774910967884,508.4035262301408,3.8169290986249633,182.78328800531787,970.5934997813189,60.28267802688898,1.2248849263566306,0.006067043476938779,2.2975077221607343,19.877618004281135,0.1923859577651761,403.2382992093101,779.208947926217,1.1774079813712657,91.35542696855471,3831.9051908474216,1711.3636290947961,14.065485841628586,532.7437450637782,944.7153322590847,144.87271269813394,4.446956986480918,1875.8020976901812,16.60747988304963,0.006035618267705362,0.19276169963501444,84.31970130501912,4810.006355676322,717.009495225594
19067.335339617104,447.78982004160343,577.8686770664642,139.72719804509362,11.737799060114956,98.30146144047582,495.6188390398432,4.1440739943177105,178.32163902308255,991.0482654710747,49.27267088311756,1.6385998902441365,0.004649589167496621,2.0481617808380554,18.886383483489688,0.19205512209897235,404.1884084865661,778.408137906653,1.2713165221753122,92.31062703991596,3831.338506647067,1755.548590517589,11.958181673323832,628.2854761809765,925.0322494977028,148.53188872336966,4.59862252899697,1900.5324019692914,11.32361996912988,0.004622140452529906,0.19243190245227224,85.29658886957641,4754.197367759398,717.7160073514434
19080.0269922769,447.4410528453144,577.5181959964378,139.75878934363791,11.667036996359027,98.77792771120266,496.0349204506255,4.0521816331308536,178.55567975833466,991.0501272158407,49.26555749551452,1.6752720674399162,0.004684784364901847,2.1148236364566317,18.859310849621778,0.19211054198897753,403.46766586857245,778.4304621986433,1.2658875518114143,92.16486591218944,3834.6828544429854,1755.7238697505984,12.001073722728314,628.6468776905423,924.9126379605334,148.73244685186975,4.56115522801123,1910.406005971494,11.303927604336838,0.004657236052688371,0.19248745672969175,85.1830186046032,4753.665120399625,717.7143064993041
19240.286987974116,444.7889725460516,596.4506397267597,150.67637875122983,11.298166752812548,99.61965973117832,492.8118106149171,4.213261613214599,183.83727133135443,1001.0587643513691,59.743346574521084,1.913713210005021,0.0037931607207852846,2.0158564283274103,17.814224357621978,0.1976421190243553,405.1063940375719,778.1287486365421,1.3379019741077463,92.79043758517135,3838.1460334857115,1782.8381488228654,10.213706532875262,680.6974323890926,960.1287833688327,150.2763262079755,4.474521145791374,1922.6933395375772,16.771703728815837,0.00376848441970976,0.19802520641088112,85.7578271575352,4726.35718393565,717.9232044680651
19252.983579572046,444.4370410287123,596.0975616606572,150.71117988240204,11.229376454230016,100.10005289012308,493.2246456537916,4.1199781186156645,184.0756524010986,1001.0660844790648,59.735483191164896,1.9533468100572005,0.003825463343204582,2.082381537880378,17.78786896824615,0.19769893272555505,404.3750947093298,778.1511793623013,1.3348954565427857,92.66663490868258,3841.447412361251,1782.9992715160251,10.253847238260864,681.0697484627107,960.0016560011078,150.48058630030388,4.437865695009136,1932.6380857707948,16.74805308730173,0.0038006856161989333,0.1980821541958925,85.5965894852865,4725.837215780408,717.9213831248097
19304.509899051107,437.5631028012023,625.7765741516205,140.6102236458356,12.075089206632839,100.77027765901573,479.7009734875214,4.147695049124832,174.598699097824,1018.4915790374688,52.941191629200105,2.3080812336196437,0.003155640641481888,2.0564308950247336,17.53970729538849,0.19054192675027348,401.9952916647846,777.0606895346622,1.3547016528023323,92.91692458707561,3838.41965884776,1822.0318162216847,9.036523939121382,772.6120748787148,908.0988628750562,154.53601450987694,4.8624862867273295,1955.5953188568074,13.832011190959024,0.0031331077709620477,0.19091848993723068,85.93947312833313,4678.335937115532,718.9147394066298
19317.383856113243,437.21834199647145,625.4118519412986,140.6419146043508,12.003316129983755,101.25268280470982,480.11032010824806,4.055762324328369,174.83028463955296,1018.4934663831745,52.933818177655,2.351567019144219,0.0031846471153414843,2.1232261067942404,17.513618056447008,0.19059712789865657,401.2765079463814,777.082994496405,1.3490972804444405,92.77068537336291,3841.76709508656,1822.2103834737811,9.073814882537702,773.0128364446197,907.9803512180492,154.7405847223014,4.823956894540843,1965.6107484765896,13.810245829354455,0.0031620142358597604,0.1909738253413276,85.82547553237247,4677.807953414495,718.9130371346981
19274.41307559248,442.13259935338493,598.828162283041,146.3842050085143,11.316812615605407,101.52940161819892,491.62035647476074,3.8202282731491293,181.45222603345826,1003.5391000610663,56.935442518072335,2.108040382207883,0.0039045084967460116,2.305154287341837,17.8417528634378,0.19494404843308852,401.26438142183395,777.9816093967287,1.3080261681613619,92.16514673655156,3849.8635633615772,1788.4893731981997,10.35232630718394,694.7292011322677,940.3241898314834,151.82705804793352,4.457621672176781,1965.3027287984987,15.372121870962621,0.0038794575008192903,0.19532472892637287,85.22247391196696,4717.401219744386,718.140499476972
19287.318904962027,441.7860426918827,598.471380837999,146.41654005929007,11.247333046301684,102.01361821969321,492.0347564384993,3.732020022038015,181.68831155105678,1003.5409735014879,56.92779596222578,2.149608006367366,0.00393676624184894,2.3758422810997404,17.815439862990182,0.19499988355514059,400.5462517416479,778.0039275716305,1.3025192907600545,92.01950055829553,3853.2159848406204,1788.6662892010738,10.39223727538485,695.1092296329041,940.2035936508448,152.02982791032585,4.420734429562984,1975.342953813364,15.34917629721809,0.003911615703607459,0.19538069918950754,85.10895301525711,4716.8710361655885,718.1387981219242
19229.90345929616,431.29514296707737,625.5617899536204,119.44060507236192,13.849016425280869,102.27231448379735,471.4174254184124,3.23578496581025,159.46301367413744,1021.2244723550378,57.9862464180589,2.3291083926503493,0.003920971511779244,2.7977525519696744,18.85389419547321,0.17235544154476298,390.99367562708113,775.8880137213929,1.1785177362365933,90.99541122436631,3842.9833800648867,1831.750505034005,9.785018388364714,793.4456725554694,811.1926475813515,158.30779762255858,5.605462360485448,1999.1821221659536,17.570420803861474,0.003895649910105869,0.17271194643156318,84.403761623772,4666.442941777097,720.098660126191
19242.919912520098,430.9528608549993,625.1971303492768,119.46981328641908,13.772144328475296,102.75829731244913,471.8232230757872,3.1546450084351925,159.68433720969432,1021.22636223118,57.97852961981675,2.372790889683277,0.003953297051577193,2.875573683079953,18.82684486582242,0.1724079424695938,390.2848002366886,775.9103018464984,1.1732908777790219,90.85069261532007,3846.3328052601787,1831.9295478785243,9.823821455054441,793.8518007804764,811.0806378682695,158.51484845193815,5.564088318026861,2009.3084081659963,17.545888768723103,0.003927875016967797,0.1727645774648717,84.2907875094362,4665.915629626893,720.0969564531699
19351.994727481437,437.25859546635337,613.986296668535,141.5760365023827,11.489859496919438,103.59106473410706,485.7878181122943,3.548828440381737,177.46766117165893,1013.1401161266333,53.239269660710114,2.4636818358582677,0.003608216392733133,2.5257646346985534,17.57474520281629,0.1916771065318683,397.6975505352716,777.4834483481205,1.3012563163046553,91.81296990576996,3860.011449224282,1810.611711053411,9.773432475824952,746.2620855483037,914.0488067172282,154.71028346528274,4.5401043165240385,2012.7969179456338,13.720896014573837,0.0035841357568400785,0.19205510036376713,85.09625402466519,4689.430110434896,718.6567885429519
19365.05537182513,436.91395466849156,613.6250271712138,141.60783610674878,11.419849917537562,104.080167077986,486.19975305945064,3.4638298253052064,177.70114101073187,1013.1419985074677,53.23187547998162,2.508602797061353,0.003639228627281757,2.599732925544106,17.548629908813925,0.19173247185840486,396.9826211320938,777.5057593764866,1.2957637232046042,91.66760237190753,3863.3682851719323,1810.7897178289572,9.812212586137504,746.6559547232946,913.9299074320459,154.9149689531183,4.5028766566238945,2022.9575828897432,13.699218286380734,0.0036150482967032523,0.19211060022788135,84.98281725295213,4688.901501058467,718.6550865764394
19614.751283499838,447.30818308177265,601.4459090926176,186.96273969431445,7.959820400451228,105.2944625685661,508.93076460979904,4.349193148092858,211.51610531683224,1002.7794774818263,46.93375748061688,2.7275937087811615,0.0028113483504937547,1.9340460139677569,15.231953847858648,0.2288680985013831,411.17738811756686,780.0987093210978,1.5638270768635416,93.70226493890563,3884.516070060996,1782.8957933171916,9.200653791392806,685.7340129903721,1114.5086631899392,148.79720522522192,3.0019290843947863,2023.2461886795913,8.857646039556162,0.0027904343854083906,0.22928514056012309,86.70016741405738,4720.660598347742,716.2524044376523
19627.845742970694,446.9596035372435,601.0883485559406,186.99928244276668,7.901567434146465,105.78756507279898,509.35239563759137,4.255041460481194,211.7709933814656,1002.7813502130705,46.92681498365863,2.774848868600325,0.0028387305019701046,1.9988392660658194,15.207642097057786,0.22892859673760388,410.4504381167096,780.1210578420681,1.5578052163743832,93.55540877068995,3887.8835419883576,1783.0724324539337,9.23828152037769,686.1115735535412,1114.377371388249,148.99794233783814,2.97167196606123,2033.433160455747,8.840230389212454,0.002817718048106705,0.22934578127222707,86.58566623703278,4720.1302316364245,716.2507053206313
19372.144088416233,437.189168682934,603.7826384718786,141.42953762251807,11.190275324607839,105.44404748565309,490.2452704750716,3.1208560251561983,178.94946205046628,1008.3350617471284,54.87007796704547,2.5267634749466845,0.0040440694792449735,2.918864301184754,17.725984645513414,0.19152551721273908,394.2983448312055,777.7510391450221,1.25308593481564,90.95174098505012,3874.234065620839,1800.6196878086876,10.425692313028655,722.8636186896377,914.7782059794063,154.74708691476278,4.362308092167988,2050.462458651241,14.419909338765477,0.00401857152582449,0.19190336577962555,84.37071821738826,4699.9853254730315,718.5013006230831
19387.861827966484,436.86280710942407,603.5597673245198,141.46142465032722,11.121984202662443,105.9429578331907,490.79189424033035,3.0392434333445317,179.17704254180148,1008.6715219849341,54.861605072815436,2.5689440071070937,0.0040901018954800335,3.0005272218827397,17.714039756763377,0.19156155546507536,393.5615544434599,777.7755321202027,1.2469135876269775,90.79940816201314,3877.646336681179,1801.0421659118101,10.475920900068596,723.1075078156998,914.6684618443971,154.94091458139616,4.325719892905831,2060.6730570832005,14.397850421549036,0.004064461855213656,0.19193952814973475,84.25064182200286,4701.285138347051,718.4992893254503
19548.144333750777,439.73915995943537,604.9738450442585,162.99182600715207,9.652176192949659,106.83405283504283,498.6053019697716,3.3353982230112336,194.18544361629958,1007.8889398725678,59.8755068065973,2.7407657206312592,0.0034830394763845445,2.7338125040611208,16.462147756530314,0.20715643853668372,399.005541753808,778.6147651609649,1.360703758301966,91.67664084008884,3887.723466984551,1800.5093143539232,9.582322255319756,718.0348268033463,1003.9932026725015,153.2295921026198,3.7158199686612714,2066.794777366172,16.29166716897194,0.0034595610282118737,0.2075510540561194,84.99714662961073,4704.483077959958,717.6914413705701
19561.378790305112,439.393542779428,604.6152372035074,163.02594593437058,9.588017972916287,107.33074307434588,499.02263483128837,3.2530109214202043,194.42966957615315,1007.8908173688111,59.867665300612195,2.7881343552390008,0.0035135101826079184,2.8107453650089744,16.436872924294594,0.20721399588357706,398.2894371182792,778.6370924157122,1.3550869715202045,91.53138131403699,3891.0923285639315,1800.6868238482914,9.620721716833227,718.4211761431718,1003.8685904664852,153.4332960646493,3.682148198083844,2077.090661338465,16.26804501912315,0.0034899327631250764,0.20760874933474885,84.8837759562741,4703.953620827157,717.6897405475397
19695.924430412175,435.85194320181876,637.6804896124654,165.5774102157092,8.996613975548623,108.40998361713682,491.10907659799517,3.8169461677213983,194.89664762471583,1025.796244609935,37.83586090499503,3.468036912983827,0.0023698446980958154,2.3116076512574577,15.196864400757985,0.21419514671343812,402.72100588665234,778.5520240098429,1.5215905636252784,93.00250188824559,3894.4911598586887,1834.3482698843904,8.17534703981718,808.2742326400028,1013.2051382094367,155.5385219758526,3.4678168967620566,2103.504038564112,5.730275508133367,0.002350578267285942,0.21459901066095682,86.32486094222395,4657.9183469036,717.7680595674063
19709.2757558354,435.50785731119333,637.3123142535609,165.6117996908934,8.934676527063473,108.91031960204141,491.5232610653312,3.728776037644083,195.1413202740857,1025.7981387116072,37.82962753338485,3.521295566040128,0.0023949904146329847,2.38239377605437,15.17258068045958,0.2142536736593832,402.00157336757326,778.574350365008,1.515650659234003,92.85619531972118,3897.8629517612085,1834.5274396389489,8.210818472288,808.6841378421987,1013.079955614084,155.74375444140907,3.435290798596862,2113.890841895961,5.716269437964875,0.0023756248637681753,0.2146576772936321,86.21060794149005,4657.391516630529,717.7663586535912
19439.7128481835,434.5416903425826,600.5991355880642,139.34397368182113,11.073978602882173,108.35115603887844,491.92061988687266,2.5533553633328165,178.4985269981211,1008.2859219866849,58.98670046427962,2.745181192733208,0.004406206557838175,3.5369048988960654,17.808038462847833,0.18907582045230079,388.59410725445986,777.6888723425423,1.1909652091460157,89.80980716234937,3893.2823586576765,1802.5613923757664,10.75114446740995,724.3598569540226,902.7053111430603,156.32853992438666,4.273646392489189,2111.594516466579,16.674209095916783,0.004379580533215992,0.18945128643448825,83.4434268867533,4699.151652636926,718.6705448120387
19453.0897932505,434.1981221368594,600.2418268815655,139.37552163095637,11.005249669539896,108.8513564105289,492.3351463546764,2.4813352546646117,178.73268374609935,1008.2877998526415,58.97891737840626,2.792587804883653,0.004440469988840708,3.6243378181990153,17.78175034431645,0.18913080883606945,387.8874114206364,777.711186318164,1.1857107896286123,89.66603480995664,3896.6536273518527,1802.7390029944768,10.79181621315651,724.747903972946,902.5871519650664,156.53429277095498,4.237529974830567,2122.0012508684035,16.650311121332948,0.0044137446186049475,0.18950640881838404,83.33109752905936,4698.622495605198,718.6688428292373
19485.528942322275,417.0656951539782,635.6855532366274,128.81596613980952,10.513780846052157,109.65212933437985,482.4895466563136,3.0820083488326215,171.84931010919976,1025.0073692366855,22.078264244599662,3.5140491187699476,0.003247797391806876,2.9375740048784276,16.98985836545001,0.19150257343965282,393.08414567113255,777.8148635362544,1.3385427462413395,91.41237242518967,3903.2964782350373,1831.5924470193452,10.152892365250697,815.8659218668964,867.8725057273,150.09606002593245,4.0190470661143936,2152.116952597146,1.0265452291131651,0.0032249710733001603,0.1918828217912103,85.10782318002262,4651.794526894899,718.8668547771276
19499.10197876237,416.7333057067522,635.3148630745245,128.84445390669526,10.446206098987407,110.15453691701478,482.90212602063275,3.0033641001997964,172.0783409388119,1025.0037488272067,22.073521259470034,3.567633376008618,0.0032767539464189947,3.016837205384649,16.964242704088463,0.19155732929790278,392.38296966453845,777.8370689011265,1.3304108212357295,91.24515487096788,3906.7184053448536,1831.7872064749674,10.191921305016317,816.2819683035913,867.7616570841749,150.29514452994175,3.983739343571108,2162.6083277462867,1.0205437593555478,0.0032538296924082915,0.1919377140448576,85.04157247762961,4651.257409485833,718.8652728865233
19792.306599201052,433.9807657401144,636.0680886273256,167.84528273741947,8.523060257245744,111.47554775285035,494.096758038388,3.336773402530472,197.68926375255418,1025.972510829364,38.44147755557184,3.8119238032210183,0.002465939760500294,2.7235962157369555,14.940260502653828,0.21593078868540136,398.93874225665905,778.7399147176652,1.4949294635170178,92.19776123473218,3915.3568649903004,1836.0657924231018,8.282846260088585,811.6449006870193,1020.576856790495,156.65680681591553,3.233897090233432,2166.0219919628603,5.868431966846883,0.0024463179988557866,0.21633692648822858,85.76732275688471,4654.415194197054,717.7018563997683
19805.85463584694,433.6374193959694,635.70037910345,167.8799069114917,8.462777793891519,111.9829004635963,494.5122001840958,3.2543690124261553,197.93568254021952,1025.9744050937657,38.43519449298151,3.867750768500117,0.00249158889723407,2.800386190919144,14.916182756688245,0.21598955226123584,398.22269759387615,778.7622437666976,1.4890418793045186,92.05208927864697,3918.7376754818124,1836.2450460353948,8.318549889698208,812.0556595858428,1020.4512196144993,156.86277550352588,3.2024897884926373,2176.5618288489227,5.854257957019178,0.0024718682440436983,0.21639583017960232,85.65343943368528,4653.888562077545,717.700155564397
19825.252446716902,432.03235157522573,632.7355070497322,168.02887815719595,8.920666369934251,112.34529595741516,493.84739555637645,2.893926928582219,196.95090480590946,1024.7993051542353,56.42265330969925,3.732574845429494,0.0027138586325225252,3.1779531322217176,15.190344975515544,0.21124300856892161,394.4575160434753,778.2907659023164,1.4117269634662886,91.29731503051221,3919.8372073264095,1840.7890640173189,8.145834581704742,811.4504497007047,1012.3304463972696,157.83877009597725,3.414764889178301,2181.9314155023603,14.497007846687769,0.002693245100759342,0.21164364358115237,84.95479769016029,4654.987999531356,718.1113136246497
19838.850087203846,431.6897770002599,632.3687622092891,168.06352126172217,8.858991359740992,112.85462179939826,494.2627328774852,2.8172207426335154,197.1968631259601,1024.8011983352762,56.41504126725829,3.7878198314318343,0.002740762987426109,3.260858516191171,15.16606646669304,0.21130113082022056,393.74550616701407,778.3130885111748,1.4060057297269746,91.1523564517259,3923.2199511781064,1840.9685480404821,8.181242000896338,811.8611593987308,1012.2053178498148,158.0455140774925,3.3824891367541157,2192.509842215669,14.474725220452923,0.0027200505811974403,0.21170190487499163,84.84145527264378,4654.461335006383,718.1096123041742
19918.036066788238,437.5900243384136,618.5006890039377,187.92687418906934,7.3158068571691235,113.60013439217376,507.4481884164373,3.0865231759901084,213.11716746067597,1015.7202021501721,49.99433754274895,3.836450313828818,0.0026419679125074453,2.98400512932693,14.371414310990618,0.22850431327974774,399.64543054551916,779.753167300366,1.5095021272942408,91.8162474080773,3935.6357274555653,1816.7939650742192,8.475957072795252,758.6644501462355,1103.2547032128352,154.49081150292372,2.69644947794179,2196.6374375336245,10.325395217398833,0.002621767363545439,0.22892280642382884,85.39120436447051,4680.175428873119,716.8156813399371
19931.67939844849,437.24525292586776,618.138093609843,187.96351103407926,7.259964574470429,114.11229357995319,507.869204992745,3.007288765186503,213.37301809892563,1015.7220869263391,49.98717224991307,3.8924559390721916,0.0026685144092279335,3.0643574086743888,14.347799576564592,0.22856476341913426,398.92875167052176,779.775510871223,1.5035858881695814,91.67087727857445,3939.025279892718,1816.9722754814843,8.512074066366592,759.061578322616,1103.1240759843668,154.6953518038528,2.667777156470295,2207.251410173357,10.306591243180545,0.002648215634876548,0.2289833992055809,85.27757110690294,4679.647341379449,716.813981554935
19673.056652095554,429.4801391894285,619.7892131811745,143.90554087457903,9.800385487895163,113.87997420286983,491.5039808305712,2.2718624222758512,182.9683661250241,1020.3629810235138,42.83011634844798,3.7198826453212033,0.0036976876948417825,3.88513508533753,16.511529653350486,0.19642985312889738,385.97295122995126,777.9837872626247,1.2625646480031807,89.6021889786792,3928.23547869744,1826.519999145498,9.965599616753359,787.8143639961731,919.4279356828455,159.38341455245484,3.699484002429885,2228.0305572632105,8.24646555453477,0.0036734374510151778,0.19681521472409075,83.5564644497628,4663.474315263593,718.5713584888138
19686.797012283674,429.1385781864801,619.4262402302579,143.93760101363657,9.735735751049774,114.39276311392047,491.9183317536658,2.203957339072967,183.20543558761634,1020.3648701023507,42.82348431189899,3.775033969459886,0.0037290812554677823,3.9767454737578025,16.486216926191975,0.19648590061107105,385.2686439277636,778.0061054687649,1.257154416734157,89.45858297219948,3931.621843602219,1826.6987861879209,10.004758746658595,788.2190486361172,919.3086870415088,159.59116736151267,3.665886498096521,2238.720014261577,8.229661786275145,0.003704731905474743,0.19687139811532495,83.44405900809966,4662.947170873514,718.5696566234652
19979.31627473681,428.8713741269067,648.3480692003324,170.8914248401899,8.105198312950161,115.78490549192824,492.85700836794274,2.812824763189516,199.76963449437213,1034.115201232289,41.24451034549714,4.499449237965344,0.0022472707998652634,3.256963359250406,14.31606256555636,0.21722811612558798,393.84425857557216,778.5365991662471,1.4885328971119625,91.44199941698393,3941.143569576102,1857.8174071342776,7.647893923530109,861.0260931592125,1023.8967608389356,159.7544356614819,3.0507808726957397,2255.22922558538,7.045435375889333,0.002228592492747433,0.21763651883711846,85.2441658426009,4628.841952387313,717.9951974868526
19993.140148151684,428.53005533016704,647.9768266196639,170.92636177402701,8.046414816041578,116.30196066604924,493.27192909810594,2.737208328587563,200.01734607242975,1034.1171029987997,41.238002233174996,4.560084599956994,0.002271759324068773,3.3408864177653506,14.292493369992506,0.21728705595293654,393.1328026402765,778.5589253002454,1.4826579348623856,91.2969259757361,3944.5354924785656,1857.9977193907255,7.682203273928708,861.4491614798643,1023.7709194757009,159.9624300602453,3.0202779328304845,2265.983652572451,7.02990404964839,0.00225298226622459,0.2176955991764714,85.13063049458987,4628.316769066602,717.9934963039316
19995.74948995642,429.71488722750263,641.1475681332528,172.94442064701863,7.7898578476615565,116.78903428301548,496.9196106059149,2.6618405155076283,202.38079192098456,1030.6909828596927,40.55672429590432,4.534777450483322,0.0024235567275489403,3.4264319627608537,14.315750551498384,0.21924709492288463,392.9795703843581,778.8699225396184,1.4755923366795123,91.10477961573068,3949.5374811477895,1849.196886962297,8.016518185434272,840.0266446301673,1034.8054097465053,159.23546639078077,2.8921094120607105,2274.2744513940183,6.607663392104102,0.002404171027181417,0.21965761989309585,84.95726530125569,4639.713068355783,717.7402494180636
20009.631542117168,429.3732328724284,640.7783930992945,172.97956680022156,7.732231310436159,117.30832417027494,497.33623755563013,2.588295522261999,202.63011664283567,1030.6928814749776,40.55027067791892,4.595649596546119,0.0024489850609465424,3.5124969966000434,14.292181612883288,0.2193063079998226,392.26889623500284,778.8922534524365,1.4697429924679173,90.95997402875643,3952.9330134388338,1849.3767804060537,8.051643737069135,840.4445226648301,1034.6788997786027,159.4431227852572,2.862412313495496,2285.074139145271,6.592622597872384,0.0024295007910683838,0.2197169739073614,84.84392123712055,4639.1872686668285,717.7385485372
20098.415317952164,427.9969753012859,646.5057154139953,179.7753061119605,7.682699894810533,117.95121620202856,496.7717186105173,2.5035565939054303,205.85108785895042,1033.6525656360468,52.652477880043094,4.692254262071021,0.0022628962045698822,3.6327596514794105,13.9669863036022,0.22092489797197987,391.6298097002781,778.6614989644635,1.4733215719771209,90.91313510330279,3956.0901503374503,1861.206092618875,7.369629405935253,860.4937810392433,1053.9292364404878,160.28982623129008,2.8708511418480414,2294.045838675639,12.1735283849709,0.0022442007549057456,0.22133700718672594,84.79479578410574,4630.477526221442,717.9142076080408
20112.35750998014,427.65600469806583,646.135000747877,179.81113960252478,7.625471826219234,118.4730805930991,497.18828357086426,2.4322473052835223,206.1025404698532,1033.654466977111,52.64512456217188,4.754170832274833,0.002287469486090992,3.721362239328792,13.943706350669279,0.22098433716786187,390.9203576240686,778.6838268892558,1.4674767346989104,90.7684819608407,3959.4884976164262,1861.3865692424806,7.4033095144421885,860.9167185789861,1053.8015627984234,160.4981687546715,2.8412636700702762,2304.892312865949,12.153110056688087,0.0022686755559694354,0.22139658764854594,84.68156018577861,4629.952250121087,717.9125065210688
20064.540351310854,419.90724357566745,669.0137211634616,155.5964565682973,9.105266916837316,118.8550387579975,481.28254157161047,2.1879295245213175,187.63527246859115,1048.1644315096428,46.21321658746982,5.055861687070204,0.002223334406135727,4.023248353754326,14.565794748938714,0.2034667842183091,384.40078108375985,777.2055849090005,1.3889816914798487,90.17028653957432,3952.8185724010204,1894.0691353349514,7.09921066812278,946.3610272962604,947.0451721784076,165.3179098931862,3.490142640610648,2329.566587412026,9.980551221934334,0.0022046852502355823,0.2038615213822309,84.27622492928946,4590.030088902371,719.3023144497433
20078.589941583214,419.569511396946,668.6366076001459,155.62979349564247,9.0429559346633,119.37889657111508,481.6925622986003,2.1213002120535136,187.8753453428165,1048.1663461510286,46.20632759024346,5.120124772896651,0.0022476925179937806,4.116463453723863,14.542020785019277,0.2035238267223415,383.69791031604484,777.2278919501898,1.3833067811767905,90.02622582332917,3956.2155145211173,1894.2511982728681,7.132267789318112,946.8045627210016,946.9241457697711,165.5294938490026,3.4575117629274983,2340.496613190455,9.962064062820199,0.0022289442071759657,0.20391870158692899,84.16333622950289,4589.507112054744,719.3006117190155
20413.27972962777,421.789048587494,686.1120277170452,194.8756883644888,7.149044713743968,120.76044226050197,489.1512449538333,2.6308435631045937,212.24397903401805,1054.738181821986,59.48449429135213,5.68683369592758,0.0012600854260194992,3.504737464442052,12.42900459373214,0.2293657549333716,392.84629403750955,778.1061734737186,1.6098011324858132,91.81365665459415,3968.730339684642,1913.929402807871,5.203798715967732,985.2727297708469,1095.9324198598201,164.1389222176728,2.7240956475369256,2347.7429432884765,15.762679130070754,0.0012462440327759459,0.22978769124243514,85.71330851348654,4574.360344461826,718.3755893939464
20427.38396008486,421.4505603330414,685.7301248453682,194.9129963734613,7.093843782196459,121.28847784654431,489.56460318702244,2.5577310452102133,212.49930515318374,1054.7401024579926,59.47667843232929,5.754976645417927,0.0012784393723089468,3.5917743160227733,12.407044305339879,0.22942631890395956,392.1357404630612,778.1284934352376,1.603691311797198,91.66828857685245,3972.134110535922,1914.1124177445472,5.232106441453831,985.72529074995,1095.8022268512461,164.34975059499087,2.695276323218003,2358.715476970408,15.739443789022282,0.0012644994749256683,0.22984839837039345,85.59946106836864,4573.838261089086,718.3738877604434
20009.865216251594,427.55047930195144,623.9842100767988,165.5219929620499,7.8097693271208515,120.63559860228071,501.75564730919035,1.844733248507599,199.99184104770163,1023.6057193038248,45.345885741463775,4.6898299606712595,0.0032553571545365523,4.529771923895125,14.898894163732217,0.21279220249284678,383.8565854196099,778.9290530751525,1.3330383382193467,89.07462734348017,3975.200255035141,1836.134124504642,9.200585049874885,806.4344039558067,1004.1028445023401,160.55366688464628,2.829737384348922,2356.7185910961616,8.711190410273142,0.0032328252483109637,0.21319605294463023,83.24451851903035,4653.078127539968,717.8670177858678
20024.06409965016,427.2139369237422,623.6169479893134,165.55428523271704,7.75154401129102,121.16253992593342,502.1763815749242,1.784004401990323,200.2389085523702,1023.6021013705663,45.33908830284959,4.751701509636701,0.0032843473153040077,4.628071618275154,14.87490712738732,0.21284992159203373,383.16369195581655,778.9512743383804,1.3249231761475024,88.90956280112026,3978.6535496068495,1836.3291252703566,9.23774033617359,806.8480389336422,1003.9836125953534,160.75956774434053,2.8001233570107043,2367.6967599400527,8.693690927766728,0.003261718909331039,0.21325391328712526,83.17899720063281,4652.54093602868,717.8654369957349
20250.9658417787,422.21878246219137,657.5599280793714,177.11107709931522,7.592684526538738,122.26147515554428,493.9106370304939,1.9658675487906172,204.14414789241883,1041.5606033689685,55.4246658765698,5.3858477248924395,0.0021968657124838845,4.369258319998074,13.66143080337876,0.2180146835561386,384.9530889506204,778.2565886084836,1.4286410345319507,89.84753816210723,3980.3716299332013,1882.4884955064704,6.991936133967667,910.409956887081,1034.0549753331393,163.86264953382718,2.8207959165601983,2386.450892108652,13.767646068220289,0.002178460179080789,0.2184246790820707,84.06880188419969,4605.1782789903555,718.4067061502801
20265.185732278154,421.88012178502436,657.1860570800333,177.14664408998053,7.535793334402682,122.79277873697558,494.3260009389489,1.9027367644167217,204.3945561155299,1041.5625119693484,55.417121456548244,5.452168309005346,0.002221078795266815,4.46637664841564,13.638407012957268,0.21807372998828045,384.2497131900894,778.2789107272106,1.4228855947533707,89.70373559988738,3983.7803881205436,1882.6700010235397,7.024742836364845,910.8449870629914,1033.9285112470775,164.0733004640429,2.7914681887605095,2397.5134047309066,13.745931426496362,0.0022025748182773874,0.21848386629580502,83.95605223902177,4604.654439855059,718.4050044799247
20208.72897414297,419.75455942227103,662.6691591482031,163.882638773811,7.882003729930989,123.2462173644761,489.48819131367554,1.8539320052774784,196.11448823226442,1045.6080353664174,40.07846548222429,5.662958134532164,0.002281660922685327,4.516783563974362,13.948223617442501,0.21199384234314578,382.2353788196682,778.0393364959214,1.4057864591962945,89.51384104220455,3984.2538094518777,1886.673561677699,7.411215398198253,931.6400642837278,984.254439824515,165.40198862833498,2.913234910918466,2416.824403159025,6.74069306732715,0.002262852780360759,0.21239842327446512,83.87133064368855,4593.720725351901,718.6945719949479
20223.038965931908,419.41688866355935,662.2938382671738,163.91685180834327,7.824036733014395,123.77965400432863,489.90169186089236,1.7926397598987223,196.35992388845114,1045.6099476715435,40.072050030242224,5.730958314546629,0.0023063356043982034,4.615518914668939,13.924959312962887,0.2120520677894397,381.534491456864,778.0616554988179,1.4000772877695065,89.37030587948583,3987.664229212046,1886.855268835464,7.444990291392736,932.0801369224844,984.13105869125,165.6136263646593,2.88342926867126,2427.9570110223262,6.725501536328856,0.002287428803356546,0.21245678835664014,83.75871354100181,4593.197538289471,718.6928699836955
