SPE,SPE_x0,SPE_x1,SPE_x2,SPE_x3,SPE_x4,SPE_x5,SPE_x6,SPE_x7,SPE_x8,SPE_x9,SPE_x10,SPE_x11,SPE_x12,SPE_x13,SPE_x14,SPE_x15,SPE_x16,SPE_x17,SPE_x18,SPE_x19,SPE_x20,SPE_x21,SPE_x22,SPE_x23,SPE_x24,SPE_x25,SPE_x26,SPE_x27,SPE_x28,SPE_x29,SPE_x30,SPE_x31,SPE_x32
1.9058627154856531,7.710472500082607e-05,0.2790660132178654,0.2576548790131996,0.0023078370090340306,0.00011872290508248305,0.011612617076988681,0.0011072571713684359,0.03945811721700637,0.06337300102409535,0.014376936519023853,0.11254067316096796,6.708738801371639e-06,0.002056155053855877,0.0011966829407534952,8.705694826224183e-06,0.0040192590296296155,2.0498663279675246e-05,0.002116285606832871,2.327839955768693e-05,0.005900252796190863,0.012142401993560852,0.053572498162981104,0.5503751642817862,0.10077868936468161,0.002182719556647372,0.0005519839876008092,0.017616367995312635,0.022646562553397823,8.850773323429969e-06,8.21587877514014e-06,8.686670659556345e-06,0.34885225999984515,7.732830372075208e-05
3.9518351179162035,0.0003234546386655256,0.37777786308707934,0.2589051407951745,0.12570430626797519,0.004792789026519737,0.11998752850815579,0.00035569077395138863,0.593800414516416,0.13121249339864147,0.009238885025493528,0.04983443924279393,0.00015066763704836585,8.737683399289914e-05,4.231134137275517e-05,1.687972517209211e-06,0.002844074060090091,9.007437528253852e-06,0.0004551450514265967,0.006243294392490445,0.002213715846746098,0.5677543737772759,0.028134749154827325,0.28476996352796763,0.017845466102119782,0.0008639556918540134,0.09973995334168188,0.035210904324508546,0.006147702946462983,0.00014319061379158585,1.8410378915850183e-06,0.018821395802806316,1.2083498308858134,7.150485512335923e-05
2.6329262727706984,0.00629653753291988,0.15228490951241205,0.16804618839350707,0.03857407209717686,0.005205169453994078,0.05878122080281042,0.026753593290200214,0.10057338807058468,0.01304263222692379,0.03873122910096374,0.008226216198110672,5.895769054716001e-05,0.012298533018924987,0.008688383905914842,1.9987234255421407e-05,0.05308836055593181,0.000116489395837104,0.00046904792927900525,0.003415602089342413,0.003871330400310248,0.028287313215519205,0.06419851279414293,0.9803956973542937,0.2333453873784838,0.0038596190825204925,0.02398497855114368,0.049494754653369354,0.025155711442350077,5.7380900807180696e-05,1.4961012886847859e-05,0.010774784911415394,0.514740773098511,7.45494753087001e-05
3.092482746169707,0.02245662451102844,0.014851242465142099,0.0032532674765025026,0.14704156062080923,0.013900269570907006,0.25963797801648963,0.00449859798410314,0.1722245595863999,0.48161799602865124,0.08298548399454207,0.019394195344102274,0.00010084698307078113,0.006327520854386476,0.0028813312063064186,0.00014009532186461178,0.00012368415288343935,0.0008911628828223457,0.015826870144338544,0.028385378357190395,0.06040886924162094,0.33252912393158424,0.12213523566949853,0.4484683558350075,0.3386183363929733,0.006510048451695515,0.05800774638393137,0.05820269176530898,0.20685979968924945,9.617222969579753e-05,0.00014004206450660665,0.04009568317294775,0.1427748389871099,0.0010971368530363628
4.668723171157904,0.00246289050275974,0.04020713429368592,1.8021135052439277,0.008292878996213964,0.010351695594276374,0.2758040837211799,0.007428116945650372,0.3984513640933688,0.2235760608787367,0.0011240494724603348,0.1576222596115977,0.0004765299487048588,3.58260835592856e-05,0.013267193212119182,7.319914097888606e-05,0.01005535201849801,0.0001262699231388842,0.00022143486448052195,1.5119207326023656e-05,0.0032209287788891633,0.2114821776114671,7.115947384186164e-06,0.2681929723022936,0.6686483301504247,0.027897658690439822,0.0007255113747283621,0.004612314539050179,0.005039509236190372,0.0004996668520406679,7.258426427585536e-05,0.0022702173370853173,0.5242842183016349,6.500201933711481e-05
2.2320804105643526,0.007494956327753649,0.037936384688016814,0.009502996138692,0.2775070255526911,0.007346394532000305,0.1054673256570475,0.0023996535676301394,0.2206836491838589,0.339544237424319,0.008431363255264591,0.01801086562950671,0.0003322873874736766,0.0011248124522250805,0.06847789945870812,5.650286473890839e-06,0.02061992575630535,5.125826752805832e-05,0.021824892720952196,0.00028878912145178284,0.0003621379081130184,0.48311576858048844,0.05377730595746111,0.15279592641069678,0.008145135635530263,0.006094967664426719,0.17908686946631874,0.07455144743366135,0.0017780590659626774,0.0003279446719254499,3.871503566819758e-06,0.00014232129342514277,0.12479682229436986,5.146527050741554e-05
4.099965278127514,0.0006109216897393671,0.29819570212602137,0.695434935789384,0.20203130508225978,0.006737996647208179,0.0001395913875817391,0.09163939315246052,0.24818050801378008,0.07241668129541293,0.013053968889767882,0.06552108303051962,4.036523041198344e-06,0.045635588239896836,0.0007226010984392609,4.4177567690140316e-07,0.14228495572678587,1.0833396896788031e-05,0.06876016630025839,0.00420786779364946,0.0038574127899791955,0.16067742420730588,0.025637431522063006,0.7306049210035019,0.7631269206784422,0.02261223233731596,0.11911281549572117,0.17162209844094348,0.008031341792420123,5.081144303508113e-06,9.286694731794912e-07,0.037355021774933876,0.10138120173114519,0.00035186858118515157
6.138450875819974,0.01466147276453521,0.21817462069535262,0.2771405881362264,0.07708363502732019,0.04658231302160519,0.40198413157972646,0.002148518178352374,1.133513874708361,0.2704572499211405,0.11150092888077745,0.029644487046692838,5.789797363179344e-05,0.0018373011687263805,0.006334781406198678,0.000171082349783884,0.04419726108487787,0.0003998065810755891,0.01626574322121706,5.4670210144021e-06,0.06151761964969975,0.1428041069874969,0.009656570340783965,0.1807967260676301,0.12787052835651622,0.001099815063949215,0.01372127568317173,0.030375459833109006,0.023944592201474907,5.95084016186224e-05,0.00017505630342671432,0.0003735809781173106,2.8937828686077403,0.00011200657862373933
7.024406853247952,0.00557957954070983,0.3068439949168383,1.7175845103702563,0.22504247721238052,0.0013355622564761441,0.02315567345665219,0.044185081439261614,2.029723669446145,0.07654558591256365,0.02104182942181438,0.5050582049239094,0.0010247747474871874,0.09893684680527562,0.2681532849686138,0.0002359424026037976,0.02737885967941908,0.0010987786331734376,0.0006966101308257216,0.0007637271890145349,1.999752689216609e-06,0.2190081766222225,0.04841808631653308,0.002488011707509132,0.41282309392537675,0.0037772107487723974,0.21715346946742944,0.0004048229467627915,0.002894683109389274,0.0010377323601796508,0.0002505240536317315,0.00020604495856140967,0.7602298954397233,0.0013281083857521567
3.004152026990581,0.037844368180816074,0.21865472487479698,1.2405425393643267e-06,0.0009723695539993054,0.004797657559006538,0.08392569559923235,0.008052680450472673,0.08843576564865378,1.4185437082449306,0.024324318856316283,0.034712814559500274,0.00037461322693444133,0.004535702484732731,0.07201787004578865,4.823039898937046e-05,0.04955290337711279,0.0022699941521329902,0.02383946325205326,5.419128101569668e-05,0.028839813500036015,0.12754713584800878,0.6275088756529805,0.03690962363562713,0.001993276330413819,0.01625813562771496,0.003412600420742315,0.0007841832889957728,0.055047483082319215,0.00035402837919070183,5.40943435672936e-05,0.013134242282419861,0.018319664031375096,0.0010305582781652421
5.264137350187475,0.0004291373325455078,0.38902665570144107,0.8065801227400843,0.00032923208729737164,0.01819863299947867,0.07589624130633386,0.0003928324400538029,0.07998630855104429,0.02362151861908266,0.0015444263016832634,0.13209529883243357,0.00044852854200309227,0.0005371730550428607,0.047464734285346276,0.00012888684907075572,0.009703482365953526,0.00027262813043791765,0.0011852246331753727,0.035053704932518644,0.05854712682034598,1.2188353123331956,0.007256888864520766,0.8406395956537547,0.584040107903031,0.0007558688449021151,0.0010291860498303988,0.02962429824677923,0.00012611126256704516,0.0004409902070501673,0.00012441513062095061,0.0007681631923940203,0.8972660734855041,0.001788442487952977
6.967493831064136,0.0087010286257352,0.45467370548400865,1.0571477820877824,0.2078074995218602,0.001228235857134766,0.001210728469710481,0.00023494370927338115,1.40657123434761,0.48701241860170363,0.00018322388391797925,0.12826098954195914,0.0006334746240950655,0.0001845298688317235,0.1445882752463834,2.317818850610956e-05,3.6313965548591403e-07,5.364670041685438e-05,0.020525589552454874,0.0004049638689917946,0.18333287326069053,0.022721400864505536,0.04573606104857503,0.2887964578862081,2.193980318131746,0.01220137347411095,0.19346016090691223,0.020554538209477075,0.0032529456463928014,0.0006294375064373051,2.8245225776426148e-05,0.016107437402254145,0.06696618562144716,0.00028058455957165237
5.300556985480351,0.0002498585661952866,0.8092948314499561,0.15237657390279283,0.41086212341102957,0.0025424673192143295,0.0807118329219378,0.13214489734059515,0.25289490194162295,0.31826807565787024,0.06752503297340874,0.3820549587466563,0.0019307273686968347,0.08100481836051354,0.274963073320053,0.00018136062241252163,0.10755301700655755,1.6453262633411017e-06,0.03887434837535744,6.024043662017047e-05,0.12513951139358184,0.42266247835381865,0.2491486308579505,0.051338017152225184,0.09052701179452274,0.0014505205458850297,0.1520548257941697,0.07403605095865444,0.01896334712555652,0.0019166760078779324,0.00017382133527356236,0.004460684827890224,0.9930091470879064,0.002181477197285192
2.9404609293585424,0.01300728628425712,0.3290025065017818,0.5509655312775746,0.022406424610869148,0.00043763078595110535,0.08932728468745252,0.00034552606556414675,0.09712229528217635,0.09779079910284691,0.01385067595105355,0.016409319665831278,3.1027097005090605e-05,0.00040005567472499784,7.84029851175721e-06,2.7636453261450743e-05,0.02567905815821087,8.326431766878673e-07,0.04503157179018164,0.005952137272179575,0.002308585691596897,6.568781781608571e-05,0.0410196419174792,0.03680855689441858,1.2800027343563716,0.017611396411715503,0.0058263608833678746,0.03740594710063541,0.05173657942831321,3.3045799084113135e-05,2.5453530065610987e-05,0.00029203627999867986,0.15863710179335735,0.0008923618517121265
7.132219230407358,0.019857396264716342,2.422894669966362,0.014637840519077521,0.7116585916973822,0.00018065158782548215,0.21364833515670562,0.028218358573045627,0.3275909716603093,0.07293183220101454,0.0007841030366153637,0.29891314402396346,0.0012863543258309314,0.05621068845479649,0.07167820523642172,1.296774665594193e-05,0.06299970730793085,3.597847182010908e-05,0.04356920349072858,0.004592082031620364,0.014574504301487682,0.10137615875705092,0.16006413777256212,0.10321588931536133,0.009302026581033154,2.1930116677027542e-05,0.3960831559652052,0.0692590551926908,0.0027991917569889684,0.0012503161589694106,1.4833831101380745e-05,0.0030703566988151184,1.9192238320003725,0.00026276020622080287
3.015977998172302,0.01066426782890295,0.012153744311311743,0.09520991918329459,0.0005693198187375455,5.5668172283658114e-05,0.11627107353263129,0.00017003290059173525,0.00632176974511365,0.33137361017611355,0.03332842193085538,0.05430352926908785,0.0002872872858513665,0.009065308134979756,0.06451300810697397,4.5314881368363526e-05,0.007474450461495427,0.000377322348830451,0.03655452215631972,0.009520481143867995,0.017902835190858793,0.03915902480977181,0.2461728000102768,1.2346135467642705,0.1311634751608885,0.02066260647134449,0.0016328217338135657,0.002299078362357998,0.01076451607299187,0.0003000004463737129,4.440203236353674e-05,0.004451713287483098,0.517866505838863,0.0006856206020332276
3.918047025260115,0.007249715097138015,0.12379311356804869,0.036169529798946554,0.03175544796114957,0.023744931349104843,0.18729485562677556,0.025601547371878825,1.6786007997100936,0.09882401312171497,0.009079740709317951,3.9900768025244994e-07,6.104858585027799e-05,0.025473963275251726,0.09461761065248707,0.00020304736173945218,0.017007783610848273,0.0013624185716183154,0.023413671383908773,0.007735644195145996,0.0486934961270779,0.0030028888257373127,0.05087521670266134,0.053053563451978106,0.7988450115495342,0.022188880472776125,0.00014898693757567512,0.009309491832779649,0.01634295868229039,5.9466793666639255e-05,0.00019743234024838493,0.05129296214073012,0.47200178348853017,4.5604955830371306e-05
2.1438011885408237,0.0019126795499474448,0.2914210063633159,0.3001044211594632,0.04346527686173895,9.837128180831893e-07,0.020509083315486554,0.00479141439839512,0.24330438822777828,0.10890505789637608,0.004516521105568466,0.015623450738780343,0.0003326242054373976,0.010865072613365808,0.06128222744486661,1.1471183491646176e-06,0.04372510087573188,9.357437840269401e-05,0.0031213573529098194,0.00045500583417406,0.058259207473691434,0.034617148664243,0.07132697192112297,0.0347083554551671,0.6399422782443586,0.00010924542960846092,0.04115950357378921,0.0005885306338340821,0.0016938154330563197,0.0003314919671038209,1.9232295635839706e-06,0.018908607688696955,0.08757894459712189,0.0001447710765605046
5.594542787856418,0.03564669719479045,0.15441632390207982,0.020739519096257215,0.17797552584428394,0.007470959503102049,0.0316139828436382,0.03990598374950419,0.014068179370640185,0.08662583757560498,0.0069188278607821155,0.177045370596856,0.0001816029714830598,0.027200638589950272,0.0021869148743699136,0.0005606568973163444,0.04917458222196461,0.006132519728923232,0.00012732153563529093,0.003477741553972927,0.06623546398110802,0.18503841875014546,0.48650744736350365,2.487450226678401,0.2781855055282818,0.03543657008569239,0.10718269002096863,0.009649196448620787,0.024499539161136234,0.00017605679704223292,0.0005458432962091147,0.012103218925879712,1.0563204115468767,0.0037430133613975676
2.2760700687598256,0.004683418823992653,0.6631992588780036,0.022079839698738984,0.04706958266659897,0.0032042890881621156,0.033582463093401065,0.017360988938690487,0.0006921164277758863,0.6084624334131823,5.749515088612689e-05,0.02203484028900466,9.347309486213368e-05,0.00012628427834186884,0.002880603879068182,2.098505027302719e-05,0.1398644219397794,0.00032422221833249297,0.03204031253806528,0.047118934933869275,0.0755888232967339,0.05133070765420194,0.059500946939086974,0.020163309771874662,0.01395511318214362,0.08344950091616396,0.024656741119878634,0.05297433495949413,0.007122303898169349,9.560443157488049e-05,2.4158586223406313e-05,0.12578964793850378,0.11602197520068891,0.0005009364640589264
5.21859767479695,0.043042271471268406,0.255269965333905,0.12277423372164631,0.1899261079320996,0.02840659986871438,0.0002725996400792938,0.001390791202725064,2.2674407498710765,0.49811031121049576,0.001175876949005092,0.00038734083265748486,0.0003323207257480137,0.00035518789129908654,0.23236493611293732,5.4928279333896264e-06,0.0006699197424098519,0.001767121919654345,0.000441643621748042,2.748515365925984e-05,0.02718532055195439,0.05251089751467152,0.8622604403511523,0.2394518027875193,0.0784019975419165,0.015539404910031236,0.21122748501634156,0.0314216681023662,0.0003883427136251792,0.0003517090021885512,4.760903400721472e-06,0.00012720546051002744,0.055152795763991014,0.00041288814821873235
4.353431002438003,0.0015054350362396231,0.7742011110308716,0.00039201108979379333,0.18611724327684873,0.004559033561791825,0.000839411718570968,0.011003785415908154,0.8766174041731882,0.07762493430279821,0.005570357479912817,0.06427781174526292,0.00020756062869428494,0.021350479900241325,0.04450497017714157,0.00015394324020163728,0.0029535447149433352,0.0006263799519004041,7.745016858438757e-07,0.000678023022099154,0.0007345083292830183,0.14522910700741892,0.022537797292318966,1.6019458388441838,0.20448727927131088,0.0007963359662582733,0.14843593797200907,0.02415459129619873,0.03221582834389217,0.00020338373386054244,0.0001619611440447303,0.00043969909626929944,0.09741925923749852,0.0014852599353622764
10.18351571562094,0.008157008318187008,0.21108984608135145,0.3457927235108698,0.061069663067085,0.0033153655012525107,0.0858576737507513,0.03971478250190763,3.4157542061471524,0.47221177548112697,0.0003303917346916843,0.2288447131815291,0.0022687612587238945,0.06337708103422593,0.7326713308863951,6.414748379723008e-05,0.11399808812330108,3.194164783331683e-06,0.0033430222178846346,0.040510419794651205,1.8649313436148208e-05,0.824610232204305,0.9135663092220454,0.22298158431989915,0.19852834001459227,0.013548047160642042,0.13363060760311676,0.0008005797298503284,0.012832896021239762,0.002224785963743996,7.236116833384389e-05,0.003497062486374037,2.0288240821679917,5.98400570103652e-06
4.79664253373717,0.010932494143659545,0.00747402649354985,0.3370584045534419,0.15328801329753586,0.0009081743837591326,0.2834860851217687,0.01442071460863315,0.5793518762819052,1.5568621785106083,0.08699081942239506,0.011052802928746924,0.0007194539789437608,0.003434151323406264,0.02395317735662335,1.8458952867198067e-05,0.012084552070937924,0.0005312731704413404,0.03126125621173882,0.009959575511916063,1.882256961652714e-05,1.346358642713012,0.0686598848545396,0.009019785408689515,0.04114934546673338,0.008191448083520307,0.11419764662313764,0.012722826719130824,0.06468580738094823,0.0007211100691314095,2.2376772796242625e-05,0.0053942698233722915,0.0016512751861023664,6.180374356103547e-05
3.1060544808319275,0.027427088621993046,0.5841018313754217,0.30781968995223213,0.02232136839646063,0.004209690659419514,0.00992717448343555,0.00023028842420959292,0.27478557212685156,1.539209401126647e-05,0.04980134262213755,0.00031161677636295566,4.228111509786474e-05,0.007329864951839679,0.023733987053366514,0.00015071359658183693,0.0014242979297307515,0.0004605360965201268,0.007023783486284876,0.07667186754536842,0.07691367523804796,1.2033230222126052,0.02443425067924078,0.22048408856539015,0.008620588400965528,0.002697593045859742,0.004867089990303323,0.13568762093421152,0.010496219075413935,3.6978588348231405e-05,0.00016023340290870913,0.001258475608704439,0.017907542432685792,0.0013787153499165638
2.117483649345676,0.002556305923546783,0.046536264817905376,0.0015155815513806748,0.014255838826092587,0.026674110963694264,0.09511490381556903,0.0034249166540409777,0.03447094169627657,0.008386345460545263,0.003706079535321212,0.04477069096837404,0.00024455828952240266,0.005233614189391022,0.006507294341630093,3.537346291489925e-05,0.006495782603338378,0.0006493520574100426,0.0048458041097007125,0.009353490063668044,0.04795376190808534,1.0201462109105757,0.0521685707922976,0.38618058887587386,0.008514175831412684,0.00025638770835525814,0.00407617613374775,0.05597821181217461,0.0013534728535286287,0.00025960950537237063,2.8447341972952205e-05,0.01630464883252832,0.20912795231425993,0.00035818519516826584
9.39556197508941,0.0023271790926607874,0.45921529669256533,0.21014326798598995,0.5014541636099564,0.0025075540766033824,0.14396080063857877,0.008986309594298962,1.0178171709514159,0.15840488054731988,0.01586351427164402,0.26179407154302503,3.21480833213933e-05,0.0005486835808848401,1.3249728484987633e-06,0.0003852408016080837,0.008333301679229988,0.003333191554222557,0.001061915173820889,0.024543789456751695,0.030746430578223242,0.2530331092783536,0.5106214188704619,2.0206036029393344,0.6891230334543701,0.0004358231258744147,0.3267449146361696,0.08447386908456563,0.08298550585241239,3.0330442630540232e-05,0.0003923938550863016,0.0013240447442591943,2.5707878203087766,0.003545873612147077
1.5712175643279722,0.02060677342067654,0.0724231882668292,0.021010283990947193,0.3143559053158361,0.00032597152864481546,0.0005502146833480387,0.0004459946065638135,0.017721243274011863,0.17233587657893001,0.007993502879433834,0.03702842002261572,7.984172942991703e-08,0.0016218559833155234,0.00504713496518731,1.036756634700721e-06,0.007832556029425742,4.6951271635375913e-05,0.0031040812661954206,0.009009343993412841,1.3139001498515676e-05,0.25463387401285187,0.02836862021214576,0.00011565919990495793,0.009855647879293208,0.001602898575039512,0.16362072147968723,0.0004809172900352898,0.023306551667456845,7.817347399030836e-08,5.5047370878482e-07,0.00013132923481251564,0.39762521073227486,1.951720415575006e-06
3.362077704308977,7.957972662283463e-05,0.01640868570342471,0.31813491670297006,0.1468731291326672,0.017824617931237484,0.039447570850653604,0.021047826910970683,1.8685219734502636,0.18504764927925466,0.0063470027272491,0.10062121685598971,0.00018671410806674006,0.028311516436758617,0.1124227106301025,0.00011840581017456841,0.0032029038778889837,0.00027626537802848746,0.00456674784170109,0.0029247573899937223,0.013953046197469217,0.037438670068925754,0.03943660679756659,0.00639890138283245,0.015473936162551136,0.008701452089075397,0.15447418589542128,0.10034605784902667,0.03549944236655508,0.0001854079867560051,0.00011830940929114268,9.432322566386923e-07,0.07728477337010581,0.0004017807571255242
5.9024405869384395,0.019563173724242305,0.0007617671396837552,0.49319717598465235,0.7964371221663737,0.0019623987431197257,0.06072488210195284,0.0031092877452448854,1.6287006825203578,0.3654892830349127,0.010358529027211346,0.39306070850710517,0.0008682188926016352,0.011446371382261311,0.19527449519111448,0.00013887594809206062,0.004135537864787842,0.0005421035390126925,0.0013621795165252532,0.10848151337662472,0.010748001906018219,0.8683542209580198,0.0027881395210711053,0.001119542475928175,0.17386710008294967,0.00969822545699311,0.5506800931813606,0.012494222308200176,0.020208648370971635,0.0008412846311577108,0.0001309849267550226,0.00047294548459866627,0.15374176609358992,0.0016811051349496736
3.717230922553528,0.011817535099398244,0.06254652225751793,0.00017229195193545113,0.9058527715235045,0.05113992092165282,0.16075321141994253,0.010888761358390404,0.012209644699510105,0.053915079127593815,0.05532147590252373,0.0006638653012928526,3.565216822782884e-05,0.0018998046201955166,0.0035522853169887778,8.091890483865127e-05,0.13539944048736377,4.88332937850834e-05,0.001811969950787265,0.004634862484327759,0.08552906814574604,0.004324333284922382,0.02355021595767993,0.7811079873249985,0.1216402131463238,0.0010242638826287614,0.4850917368235716,0.47160244927922484,0.007938410348560845,3.683598698219308e-05,8.039267604349758e-05,4.8519963256015236e-05,0.26187588824961977,0.0006357606941925491
2.274650027756547,6.437320117919203e-09,0.6278741978049805,0.0011535519838656947,0.005391661684747308,0.0152745561258444,0.023295364726963908,0.039590581654823064,0.000314979078723381,0.013879304721452932,0.0073886236716974585,0.21741779516456072,0.0002261124697032537,0.023997091035387427,0.018719364081012425,8.109496342050236e-05,0.05338368632275397,0.0016578951329054175,0.05369815043172134,0.0708642489830963,0.05408588568096122,0.5603331430043277,0.15937383110041786,0.1678176837809858,0.010670736120934315,0.013527595425275936,0.002920899131929207,0.03902517196154804,0.00027202373461904727,0.00023631822784655468,7.95013197730538e-05,0.004246653262206742,0.08645739284645522,0.001394925684286545
2.87434989989047,0.001931288461963636,0.043753589780430056,0.004924820299110594,0.04220363573770896,0.0031533602958798996,0.06643585552198655,0.029985932246021484,7.29418656575807e-05,0.0006289022426567359,0.001603919452922697,0.43539001858542387,1.8633841553408888e-05,0.013135964920689174,0.009680026884258772,0.0003028153656844057,0.06315729078959499,0.0022905458330401444,0.08866215591902185,0.01218272283347037,0.10267280054555643,0.3403092886601261,0.49756633975453457,0.31816099008002946,0.08008294028482692,0.01358949188891882,0.023661576504684794,0.01760943857941711,0.008878903058535835,2.1207797124719376e-05,0.0002931430174763782,0.012888514954157024,0.6341897379497398,0.0049111059382671305
2.2615419925971305,0.0009902615637362529,0.0006476744694946018,0.17653426727933816,0.014672792214836366,0.02424470114336627,0.21573818522301003,0.0010061186866826156,0.1783892255401761,0.14059182628424313,0.06088594130458422,0.013098879488898705,0.00035997533822654796,0.0016061125599511502,0.012325457775704672,6.311324420634205e-06,0.07352561929012565,0.00022884940289822768,0.04955203382072361,0.009744238282765697,0.02050635562751883,0.6667907510472283,0.0016598614656036434,0.04720738866730234,0.01032866437128522,0.0015752808732942825,0.003482049197110531,0.08195387327298378,0.037398496948558554,0.0003452117843309069,9.997080930994266e-06,0.02563945411597988,0.3903168369150946,0.0001793002367257233
2.6090313902583513,0.006857190116057184,0.9511581708300993,0.1759144320599507,0.1356266979838775,5.421267113927054e-07,0.033776633956123986,0.01038606499311439,0.010038081894598306,0.001522917002346638,0.002705255838172098,0.1373199634609652,2.664139446099044e-08,0.0107857221247952,9.622008914405715e-08,4.114320101352308e-05,0.02247500524022501,0.0009692773851505541,0.02397713447340025,0.04170427762954166,0.007163639350307067,0.0021385679576411795,0.1689855585649378,0.24878594026863404,0.39857942323449524,0.014964597145757654,0.07251256052659351,0.006693557134297847,0.02471982758186242,9.60438179613203e-09,4.233809170881535e-05,0.00030042672714762777,0.09822829951650412,0.0006580113764558031
9.48357137236676,0.00012721151994370556,0.7770328210840828,1.7753107177405458,0.07827862104582888,0.00013313919871783898,4.0012619527937065e-05,0.008805076993347824,0.07720985470679037,1.1003477432908955,0.07929901377741538,0.19530358760199176,0.0009165138322430636,0.024426150849737704,0.046639367658042996,0.00017274238610783451,0.1723717728069946,0.0004296411908383544,0.0015307841709048568,0.00013113585857601174,5.841031940866698e-06,1.154140955976279e-08,0.0010640479547043178,0.9098884135653295,3.2765103363259365,0.004395055046247774,0.02703973159162115,0.033202425072459345,0.017596203509103618,0.0009384598931687051,0.00016768526614276342,0.0008235604332367776,0.8716730564237706,0.0017606363791554682
2.3738746095973036,2.9895536084018015e-05,0.2971708610550726,0.023226804870655846,0.020003188985870796,0.0019722908171463487,0.013900036158390864,9.361376945301435e-06,0.16598593567831432,0.606494506983389,0.021037789509563677,0.022483820284826744,8.570351538973732e-05,0.0006399891820953854,0.04811179788017765,1.662585136817957e-05,7.423392756452653e-07,0.00013137963195997734,0.015686245871633617,0.00536458205589308,0.01666344897267942,0.09064140900536323,0.24323299927048134,0.6873466414083179,0.0006947022395809302,0.015623802015429058,0.020924825770574168,0.002701459026977932,0.0156861334352789,9.184650520330775e-05,1.9575527044229577e-05,0.01872041085462118,0.01806998587086576,0.0011058121108331199
6.354968849039506,0.006736889200767123,0.07880180754181494,0.07635606918049033,0.03128900502639061,0.01507926404209282,0.07144193282858283,0.00792574586365904,2.541176901611581,0.032542456663921755,0.019989932415746144,0.06488577208482796,0.0005265971724694561,0.03997826004879481,0.2855934992936765,0.0002563112964576984,0.009651330008588439,0.00019080354748414796,6.401522829275458e-05,2.6633895780195518e-05,0.02856893587223556,0.5658619034283057,0.05060234336702512,0.1489512505151917,2.117010358511213,0.0057854308277672595,0.0005939798942229805,0.00026556093569337854,0.14489964648131462,0.0005514075611163896,0.0002665914886366687,1.3301642141443775e-05,0.007191971565306208,0.0018929399979172089
6.972769631867947,0.019169309671910793,0.6049562030577182,0.04365178157581733,0.2584051754009251,0.04941850419095794,0.2516402483929898,0.02305469672885031,2.8122402426939583,0.3402878628680216,0.007008077821218359,0.017299094478093618,7.784663495525652e-05,0.01772591653410359,0.2560346887615203,0.00020101373750786518,0.005919123718906729,0.00030449139033794116,0.03204546661899159,0.0038204829955602523,0.10891686754333664,0.1505324740937632,0.10135540893571475,0.044931674183231254,1.342465489143887,0.009250738066211168,0.04018321464585253,0.03865514836430242,0.025660779174896526,8.01442704118912e-05,0.00018913592196551158,0.002955210282998861,0.36368913068139275,0.0006439892876377582
4.542346222619734,0.0014385832482951798,0.026027919888489844,0.2519125860500554,1.3071099250407763,0.08707004823371232,0.13734467491979988,0.002649772459982549,0.3061440610687534,0.030014301631992518,0.0011281325382769326,0.009383319653465389,2.4867965878455654e-05,0.014239327503318156,0.07448986650781958,1.3875731978484592e-05,7.576323021577984e-05,0.00035319977584765604,0.013667555211303492,0.007937811159268284,0.24106723762433158,0.33421813396357575,0.6270081654934607,0.16724801677086848,0.16897227236732704,7.096505434240159e-05,0.5562724268297815,0.16601988713528448,0.009684258640650418,3.049543213980245e-05,1.2073371547634066e-05,0.0002498573643389481,0.00015427671016817853,0.00031256404268723687
4.788129474399646,0.02161479542153079,0.945133402168593,0.06302121415829218,0.02130169126843842,0.0009416376565850367,0.0689702655481672,0.004645021251236222,0.25058596939926153,0.008727011970766257,0.01663691697510368,0.08048661074395427,7.679424017115432e-05,0.005125459979901221,0.0013088331841930175,0.00033363845539349037,0.0007552510354591478,0.000933346709012125,0.00039091223200858816,0.00028554452704634324,0.004491959969138349,0.007733161028258046,0.09293357892961998,2.460406525638232,0.05680106113332262,1.2707009509623788e-05,0.005297522697832348,0.02088588338760765,0.09512726588391085,6.918041688562949e-05,0.000349722287501359,0.0006337775721683714,0.5488537547963301,0.003259056724215334
4.03756807808737,0.003323516543383295,0.265954512512714,0.2852689866168593,0.0001591234982844494,0.005858828311276381,0.05362806520372042,4.893919158363114e-05,0.8287417085625518,1.1089178846866015,1.164143710479007e-05,0.001209851658976593,2.4337868131070666e-05,0.002549839572903133,0.043894653701032654,1.3324969117787247e-05,0.001557848051491578,0.00012787630575249013,0.021229271163196606,0.001382680305920258,0.040539690829330545,0.0283413491366971,0.006655271486165297,0.11368928894048536,1.004033844856594e-05,0.0017158450922676483,0.008959574993398181,0.009071278892386151,0.0037211916893343413,2.7996077232125813e-05,1.016173025058472e-05,0.0007906627545240773,1.200127144448719,5.691517529693789e-06
5.68403365276118,0.08894412784017997,1.4072725995785667,0.3479398813029524,1.253256963509953e-05,0.015981146204960835,0.09958879393518498,0.00043717865457214674,0.00010155713458135213,1.3725179354366623,0.013876919931316239,0.31631001608548764,0.0006360666868429445,0.0064796997305433925,0.04213936436419619,1.3204591256591131e-06,0.024503007355746172,0.00020002522712283944,0.01671504797697244,0.06055212085008037,0.0249400923365472,0.32140700472094086,0.20531038546655608,0.23616471569329298,0.597035460527046,0.047502333864387944,0.00015320687926849788,0.43344161693011307,0.0014771706951019847,0.0006527013309765896,1.39244541152368e-06,0.0005524707588037746,0.001094857767883598,9.090202012086274e-05
5.683741667299265,0.009001808790493315,0.41545837156570065,0.6547308371733093,0.5550658841384263,0.0012109337814366068,0.012520221264394569,0.0033436905137446773,1.2022849226793544,0.13142411994307096,0.009400351081454126,0.026009899629715182,1.4317727007081266e-06,0.0016783122980213068,0.023066961263824428,1.28739488744467e-08,0.03591411612120112,2.250097590258013e-06,0.015952830377407193,0.009609251563338111,0.00037884061891039025,0.050493029152027386,0.023069023677123962,0.5219023592704473,1.3892522554902687,0.006012617333751187,0.4004562994101311,0.14280010399418894,0.007981914510451183,1.8787163594493597e-06,1.5633469919802987e-07,0.016916688371749516,0.01770335613402682,9.693735599704735e-05
4.247120564814822,6.608971030326328e-05,0.21681602402116512,0.9667734372709128,0.07602393179811391,0.00025871000184072565,0.014284364004005925,0.00014431630309782583,0.2761569615278338,0.052605396344929056,0.012397597347162012,0.03773770272083571,0.0003564776254838196,0.0004500020173086112,0.05049781517846698,2.2418502961863687e-05,0.0013212886599889245,9.398910305094767e-05,0.006908451846644679,0.00742790809233135,0.00024464778748599375,0.4450759298712359,0.004191310806973056,0.6365222823580186,1.325910789642673,0.0021860925744046585,0.06031099970074742,1.6696922165525622e-06,0.00433457751495353,0.00035847304358052964,2.6748533895543066e-05,0.033648016237673405,0.01366822816016354,0.00029791681436265133
14.560001324898037,0.07755496623439465,0.012351635212740011,0.03563752876387805,0.6642509612353715,0.001264134615142279,0.47895964784216283,0.03844519098616631,1.9457049179431758,4.732352580801493,0.0010143869896120667,0.20316928747462842,0.0033734059511864385,0.018307338410872395,0.6839810285965167,1.2444392159548304e-05,0.17063306455533117,0.0009970999868798476,0.01566387394130996,0.0025902017970044124,0.05573018505541712,0.6935214368551421,1.2941400105474774,2.08076515530992,0.39825258031017896,0.04868487857730661,0.541380578417378,0.10143233493744917,0.0009729296311613598,0.003329611648187306,9.667538765191796e-06,0.0010571646619237359,0.253934501782522,0.0005265938951821136
1.7470733582946567,0.0004526155608105232,0.3042877614664409,0.07633173698663562,0.0007071905529534541,0.006839698438326749,0.015346588928062394,0.0018528344127417286,0.27508864754985846,0.19128528037224166,0.0031588669555255716,0.002566469838369349,2.9955550129070584e-05,0.0014540938667333915,0.027121170758449883,1.1856046938398497e-05,0.0005416646151780676,1.4507603744847934e-05,0.0023766483420313944,0.003226350546822857,0.0030962268948632418,0.10570517929244146,0.01329509560004854,0.019682689701215113,0.4319631886069417,0.0006005591964249187,0.0008381599262703278,0.005165460972572384,0.01789648624847611,3.052171522122628e-05,1.1888199707591102e-05,0.008464585528087614,0.22754893325455583,8.044476583637978e-05
6.140910955587352,0.0015971621157767541,0.07761054960042497,1.1132475240905595,0.4842220096094271,0.14217764637783686,0.4804719214870348,0.01277381179983778,0.32421171266077164,0.3746317888187044,0.01816344521333631,0.3163961669170562,0.000848442753645603,0.0061340027686341645,0.002669404638795869,1.7480012017393296e-06,0.06792175017271238,0.00017892920815554638,0.007485257536401867,0.09073087239993965,0.0021726142756632633,1.1285114026634449,0.26717420293137745,0.11311353027815098,0.13397701575417115,0.005719126333318816,0.20042440687135918,0.622674013370417,0.002215461652186873,0.0008594805474014414,2.991562195217922e-06,0.00045958295028716536,0.14034574264375943,0.0017872375833668048
11.73863576489929,0.043477191808602045,1.132373585464379,0.9204775745336218,1.34881914228715,0.19329417242006489,0.9817629489826638,0.018938517894567006,3.989134308638252,0.2776742525999238,0.05824659480061776,0.05052648321049695,3.3001302306287163e-06,0.02304161102607578,0.2538162454220999,0.0006118564563197341,0.021567610608612064,0.0013316937478870612,0.013700471236456414,0.0039675683132343485,0.09237508839303701,0.03160394019976139,0.08584215070026933,0.049624075846294205,1.0497668241607412,0.043108963766477874,0.4148108097195344,0.544124598812341,0.027955954618895645,2.3800120980363967e-06,0.0006468337378291965,0.017148044733096196,0.04658719673614787,0.002273773881511222
1.6870824021319315,0.004814139738096305,0.3158691539608109,0.048494842033015635,0.01609169234941745,0.000334104862326442,0.1085664037402661,0.000568234331775106,0.0030696537385047525,0.17296182892914216,0.06043577158611751,0.11287999958589454,0.0003910701843021234,0.006389811415394793,0.027372743326611076,9.570549913599365e-07,0.01023044367994747,5.590465564645589e-06,0.009619365029003344,0.005920033509501811,0.014516966798392034,0.3323926172542592,0.0007189773950817773,0.0505183118973369,0.0017597803067138796,0.01268751840019213,0.007771855669337016,0.06504077915906468,0.053607449031152506,0.0004130765880494854,2.8063436601251004e-07,0.019473987933265432,0.22413403048847905,3.0931055557843786e-05
4.093056975388261,0.0026922039160572468,0.6877952999288769,0.19052165217165368,0.034982187864542165,0.024042726278686487,0.021349153874848682,0.005973810853667745,0.12967134274124864,0.4292842106692027,0.022300963028732985,0.029504674175876735,9.235575081034436e-05,0.008336191689243402,0.007491862838863004,3.006745118936895e-05,0.11821428163491496,5.358658684454735e-05,0.01350389926641619,0.006715251953741322,0.13230410801302167,0.039842464703840764,0.004436524508540714,0.771345611310421,0.43292239179044634,0.010189173729795113,0.011127717104418169,0.16710789772644105,0.008437963584184404,9.334593577814557e-05,3.466280620560803e-05,0.010479961818392147,0.7719376613989971,0.00024176828236238503
2.506737051826756,0.010586967822550818,0.18408483211166543,0.2083575537236944,0.003990098131148281,2.305138084032675e-07,0.040939236691761464,0.06957382801230139,0.13154550338233972,0.07190356697331654,0.020558152741922166,0.06969345622176441,7.179772901347776e-05,0.030578002368706916,0.00842840335977111,0.00014110841279561407,0.07853704316311595,0.0014836462978638399,0.020788862059811997,0.004613797974260611,0.16622958038911934,0.0002638460674879414,0.08096132545770658,0.0018947361258221742,0.85915966148937,0.017341092275432034,0.00016529090243462137,0.0046163531414529875,0.0001322757823709484,6.390351558869744e-05,0.000145601794660916,0.00011127076528164575,0.41848290588314563,0.0012931205452702513
4.0852375541749355,0.0039038820909543504,0.09160584082534816,0.24308238645303168,0.23846053733427386,0.018373712752186716,0.03443646383195253,0.07661503738504571,0.061452605893860375,0.025354927875308853,0.0012770497922101678,0.15668275546346266,5.512444387764218e-11,0.01694329438131428,0.009101734955632516,9.193022807975806e-06,0.0962154907330334,1.2908851624977115e-08,0.11840418608519966,0.0008193794579717891,0.011535762695684322,0.9327698135782466,0.015300466431746746,0.7617813100173185,0.7585191263196861,0.008570780265961092,0.11042311355546507,0.056242186051022894,0.022684797569615413,4.12944227551142e-07,8.222514317084188e-06,8.34626350562272e-05,0.21444219553588992,0.00013741276312749984
5.864104313188428,0.00023852734535201797,1.1180545822560455,1.3804954638790572,0.1052661663864349,0.07520133152389466,0.3363131273551247,0.004267310431155792,1.070782639615862,0.015614297996815353,0.006905103327872624,0.010582116764498247,0.00021994041350824822,0.00023207737690357814,0.018282138430424033,2.9724623229703205e-05,0.049752328307934524,7.268215332285463e-06,0.02423854510243399,0.003082696642641502,0.0593328614175579,0.22181391680220985,0.06982757418176976,0.6365326522787231,0.14670881518643897,0.0030837822592946523,0.020877327160644363,0.20840059410237946,0.0011305141903588212,0.00022208350295937156,3.0481860360081154e-05,0.010547897701154487,0.2660024699127692,2.795663728825687e-05
2.6978186305409366,0.0008657716685120144,0.18584456684770684,0.010696276935173657,0.19915901984330198,9.382844107432399e-06,0.01105102830984454,0.021463987093911476,0.03395261197862406,1.1483600012113655,0.005279232204964295,0.11246534142824065,0.0004893482381820979,0.007627062722398181,0.014164656164418586,7.662394254787601e-05,0.01816173545936392,0.0006996278744911571,0.01695292064828415,0.013612370559411991,0.0006136803792013007,0.03732887395261155,0.0031354571400400797,0.12327183813472188,0.08833482964920791,0.0017346546835605586,0.11003226669152405,1.9734355996840992e-05,0.028480077384786955,0.0004934944500513391,8.644555969702442e-05,0.0008630173958264672,0.5023731406454403,0.00011955414341982823
4.251388534667929,0.0042195925804864075,0.6425833831687261,0.21445952425588438,0.015286244751861312,0.0010265384327986862,0.006848908696936122,0.02874812847061186,1.1402470046289515,0.20681679921446403,0.004445654283144737,0.06433592051988012,0.00029993269694270606,0.017093798238663027,0.13496506456601134,0.00013274620394673436,0.050326431940117655,0.00033510846603500673,0.0011187815453854283,0.019382887765694995,0.034336752133396736,0.06096814575430089,0.08093701508675767,0.4636997183343449,0.10068452766538404,0.0002740893996521507,0.00024724892574425885,0.0005427016881973409,0.039989507947558296,0.000310839541285865,0.00013003520880072763,0.0001523235111791046,0.9160785986816596,0.0003645803631248327
4.139168041627725,0.0006485578394797498,0.10610332229567608,0.14113406851357282,0.24787592319524476,0.026167010055174685,0.012053049143302803,0.002085779264292393,0.34412625270982844,0.27396349173448514,0.010522332316472632,0.19311894501725899,0.00029749320005004247,0.003185070551408497,0.17282067058479758,3.0334924122634384e-05,0.042843001980584,0.0032748903060706514,0.004948906264450366,0.007255714901811835,0.02036050122278607,0.055714159807286875,1.446709825056804,0.301739075333077,0.07015460278690501,0.010657723790270402,0.07680689218040583,0.02152182937275758,0.01673639486887335,0.0003051303014832873,3.073757680973448e-05,0.009728328024644007,0.5151148094277637,0.0011332170797741948
4.064248475389976,0.006846706494706459,0.22248981351437108,0.5280369250433099,0.7103335874281883,0.017756282685189778,0.003932767204363884,0.01007586477762702,0.16097201307326936,0.0036744284360470964,0.03754387392749507,0.09484151004305222,5.7453510329420826e-05,0.00681962872783054,0.08035835024210007,6.1671148234673605e-06,0.0007205896738314712,0.0012492964214964833,0.00042199333306840956,0.008819328944953232,0.17561040248131038,0.005194315778147793,0.9402284839583831,0.045262509082111914,0.00541941629415381,0.006002340702328805,0.29630643249592337,0.0017045020974294305,0.024290944441486675,6.017013314698094e-05,4.107375509953199e-06,0.019858374986061262,0.6482785846939016,0.0010713102740283085
2.550008655571657,0.0018593997791623562,0.06762514414691354,0.03792802255704169,0.6262341855702274,0.0003559748352158823,0.011318979125637809,0.0007269249148042243,0.6076101371836137,0.2943626578704536,0.0003548263515428231,0.07077796771516776,0.00010270115755028524,0.00458149987011813,0.0018854654444787292,1.3698491839667968e-05,0.03338569133490564,0.00013423713142165676,2.809918124519125e-05,0.004270236208499915,0.10786139119209581,0.026606235551481394,0.002332445324102627,0.022782303614476813,0.11426318074446136,6.613385363687612e-05,0.40027747601930797,0.027920363460991495,0.0025136244546073434,0.00010217728572165685,1.6794712874321198e-05,0.0065178704892312105,0.0751514347010487,4.137529777940937e-05
3.680719604428837,0.0047738455640092,0.6033280071522175,0.021643587801020096,0.2649848977144557,0.0005460208208442652,0.0005622336719116259,0.005238210546894411,0.33260941382438053,0.0442937362659294,0.005830998588430967,0.34968400657265303,1.4019608154634447e-05,0.0022816724127229003,0.027766902766555236,2.676690790383847e-07,0.008340507686827578,0.0003543929606453289,0.00021109415022654582,0.003046606896024431,0.017878603467399935,0.0021622172754088235,0.0593840395555443,1.3008203311258117,0.026350672333824845,0.013380413227881235,0.17633091316417707,0.03975884913280527,0.01281393707475979,1.4451896190281612e-05,2.066260194983336e-09,0.0030187077843948926,0.3532024314773475,9.361217404886889e-05
2.640132102680822,8.935730042918583e-05,0.4757926311109672,0.019196386301100765,0.000702971854692346,0.017673445372109967,0.06626364412704933,0.0065104054141457935,1.0193868618038668,0.025053740253623183,0.05391039390637864,0.0015245104847616219,2.886226824042943e-05,0.00032443743400741704,0.048629107393364804,5.056464869321984e-05,0.0007352676563726208,5.047959641541865e-05,0.005099676933514029,0.008747801304607526,0.029094457504393142,0.09787053758414044,0.08243902020087115,0.3464468548851536,0.2620350476927857,0.00019958498508344574,0.005458486427729181,0.03656335637701105,0.020166603737295664,3.443991834079966e-05,4.82303917565433e-05,0.007697818378201886,0.0023036742028667797,3.4452308523145725e-06
3.5308597121416296,3.631312836189243e-05,0.38067774417852046,0.8985861840514535,0.36129580055348165,0.0001904449726581648,0.011071643040438518,0.0989796201225122,0.07640536904568664,0.3206123452972659,0.00492074731515385,0.4851609543387094,0.0009958845687932161,0.07162246268323806,0.10665069915880324,0.00026382138757582725,0.20463681714383786,0.0009690100240014082,0.017089967266306034,0.016875542313596704,0.0057528354429823205,0.007385758795382911,0.03984044721435998,2.3678458362389974e-05,0.12451010419148814,0.002670868468627157,0.154211552312382,4.870530863076238e-05,0.005864856666147138,0.00100034195240758,0.00026536491008978823,0.000525124968998985,0.1299395572326569,0.0017791456287193322
5.492483399965599,0.0013301042932447732,0.3882307461017901,0.14173185132870728,0.48905282207016265,0.02236338414069946,0.1513356094520716,0.12892518932371008,0.9374646241931199,1.2469141149735454,0.013332559025937515,0.464000945008199,0.001252269129151747,0.10158546731908652,0.008773280492043128,9.558444736126638e-05,0.5653043667198014,0.0005675904026672806,0.028253588891928617,0.0022965575744075865,0.1716057989067595,0.001203429663208279,0.004634265771767482,0.017283214711277452,0.13076660910447738,0.005073960967442121,0.3211345324515371,0.04988854754486787,0.04438017546575644,0.001265466471088351,0.0001057999473215326,0.02931722894877788,0.020874452568425947,0.0021392625552563195
2.061906995558883,0.00875469600061822,0.11008469277702937,0.013713874553533498,0.15261741285443964,0.04218571521008856,0.01990922814716466,0.013993526227234829,0.08853194573821162,0.13895005612964154,0.01796834981983273,0.05178631460971348,2.7431055537452115e-05,0.0017749433134481418,0.012183771169270828,4.6320691388806636e-05,0.24658730860697267,0.0011387713659411632,0.002467714407432042,0.0002095116031428038,0.2527899302549276,0.021526089880745974,0.21189568513569013,3.0343257251133272e-05,0.09106090561519005,0.003893456237720024,0.059094872730900846,0.19770506332626353,0.013074250378530751,2.6196567202064194e-05,5.026650896473667e-05,0.0032720059403359065,0.28347061824745007,0.0010857271970676704
4.826313829168653,0.002464534402036572,0.21835035247041631,0.026656364488497734,0.07121465802947426,0.0003252860940095112,0.03637583873152836,0.047121463738640866,1.7295931854759234,0.007548095880237617,0.005997806698858786,0.6416713139933145,0.0005631504366712838,0.110967665494085,0.1666003728701026,0.00039383530480410685,0.19183999505269392,0.0027765258570302625,0.01391353974019034,0.0019153761387659277,0.0692013087407101,0.06866972667688179,0.11535739905572377,0.022380856394857644,1.0608511736943649,0.012537553041343612,0.09674936300876426,0.0030294831369902546,0.08849215894863208,0.0005447483708268072,0.00040386783294791027,0.0013828717704804472,0.005611104622483037,0.004812852976364069
3.5799745050136176,0.0062984510042064,0.16351571679409663,0.15182043500469963,0.3669400231483348,0.023377089269731307,0.003934325324013415,0.08815309135178864,0.5132004903724866,0.4617650753619775,0.0009999867319808848,0.09247026900472492,2.065030348418666e-05,0.07039291884796882,0.007545676000419668,0.0001123944893386977,0.3067882296431036,0.0010718954939714753,0.010723753332812202,0.029127181220773714,0.2317608260281427,0.09064941460866588,0.06783931083133685,0.10853163491524938,0.0005001383386172299,0.015922914331167184,0.24459496003035044,0.15230955840401128,0.012643527595537841,1.8036984725970993e-05,0.00011116189428156157,0.03548622124194577,0.319590769022061,0.0017583780876116418
2.990270385053433,0.0015327140995055088,0.48632677467904956,0.5174544818005815,0.017897666075396324,0.0252275331857073,0.044165378729724404,0.05684951459926543,0.12799686899338442,0.07740865230705947,0.02970170319482899,0.0032378788705598772,0.0002446590699463526,0.05011263894529631,0.001056827055050545,5.773314189495184e-06,0.23872291064691276,6.853659746603435e-06,0.0015775952708274826,0.034694139827668495,0.15042065000245114,0.00021014744266094752,0.004969387562186086,0.1946538058256707,0.5918939268024168,0.014453332230597934,0.013253883591389529,0.2638696516643477,0.01907453454944934,0.00023948491686980364,5.744642852386007e-06,0.015655042895886127,0.00694134065504612,0.00040888794690709834
5.8597893979314595,0.02358962711483093,1.1005800993056662,0.008182131918136258,0.5314896017695668,0.00716950881400038,0.20713573463937984,0.0007013667860286257,0.15971869544137116,0.4418755878380322,0.00045133046158101717,0.4786931648019988,0.001247345550589667,0.004464872951980162,0.0981259602047284,1.396209612232767e-06,0.08834219420508571,3.197367253195479e-05,0.010150727311539164,0.10611089690755963,0.3678358521046059,0.2998970045681529,0.11748689631150967,0.003179817348496033,0.0551355362432836,0.05370283494950164,0.290311603827749,0.315812669479644,0.002449846261136541,0.0012382984009284524,8.09052878649113e-07,0.004225575383796529,1.0804503663360152,7.175954196645262e-08
6.1744423294196045,0.0002006737206970953,0.017945130178277896,0.7994331047384444,0.8851841825283201,0.053880172006136096,0.05671533446684382,0.08837744538853391,0.10552671425779718,0.24967008895384,0.0003310316683468228,0.008032455258509152,1.4495627915716763e-05,0.052852834600785444,0.006866012308764152,4.163755471721457e-05,0.3008669160070238,2.412646304517605e-09,0.004288745946659936,0.09692324681126095,0.36435332524552605,0.02605390540596383,0.0026219816606898143,0.41505668071503315,0.6333099699619988,0.003641405072500386,0.5102158807637079,0.5465487483350021,0.0029856732083376534,1.322533793875226e-05,4.797348020565041e-05,0.04677497091528985,0.895656849084099,1.151579779180038e-05
12.332895346679278,0.05776783985677305,0.4096781160306953,0.33592306938619615,0.6332602887126215,0.14230137651917432,0.002791395794083421,0.0160737338679771,1.8022641522481184,1.6705347236788142,0.02901058614027873,0.011656372697196186,0.0017102725883868673,0.0025273105948644507,0.5996160197824033,1.1922773078497504e-06,0.23196726039911797,0.002656078672232793,0.0013066324254186856,0.021067583125957724,0.7548376897561283,0.6719801817940693,1.5312076557747012,1.6228706064694077e-07,2.4039038693835146,0.026438521952638513,0.17532682175240172,0.4937905034027602,0.07336578512243401,0.0017292375452724474,2.1995875196784236e-06,0.1082748626685782,0.11945086656807999,0.00047298428650189976
5.733062892075971,0.0019895345858104312,0.1358096737129016,0.07761606104642914,0.5358681322231421,0.09169649545965257,0.5579585245196224,0.021160642490314217,0.11648381887914497,0.37046898280649415,0.05241834740528379,0.13347699263461624,0.0007444006725944466,0.02280607280088169,0.02356306403956303,1.3797133194449561e-05,0.3311768751201335,7.5092959280723e-05,9.992079154260498e-06,0.026610619264408827,0.3131976539813871,0.4029598651804956,0.01048101802510791,0.3171903199738076,0.617196870059997,0.015282086567108777,0.250878242726956,0.2954354149262653,0.011354542268625383,0.0007424930563807465,1.0449973682045762e-05,0.0006519247665262488,0.9975592674044443,0.0001756233325651384
8.16874034841167,0.02296780234048121,1.741817228375769,0.5029199741427997,0.7113919395475328,0.06086844003711142,0.01833417364704475,0.046039627776966865,0.14152452541167004,0.7854773989102314,0.0015044756180439267,0.010281288828521274,0.000689742622712727,0.024772040840498766,0.14199061171544652,1.4574957604687127e-05,0.19469979607097648,0.0005889379495394758,0.019386908547435303,0.010303775993567308,0.2507546474502639,0.6678492356700458,0.7704727266075999,1.0212431288055672,0.06811689773970993,0.011980554473317858,0.3171297961258711,0.5336663273387237,0.010579833391759304,0.0006754024356849564,1.4461798063691269e-05,0.029398841411599687,0.05067261165105327,0.0006126201784558298
8.836107487717515,0.1370132500335179,0.582248264626618,0.29432696516198364,0.059705874455777054,0.06061022717065041,0.1096595391800286,0.038963821055244596,0.0012683092699894262,1.9424512154420426,0.0007983413152662826,0.026092815183477894,0.00033444030990248456,0.010507341117254532,0.07290662822983476,0.0002473945957647523,0.20713950511728957,0.005416446229803247,0.010093978985819353,0.05077943083134081,0.5413931893964898,0.42439716192139587,1.1949472830025611,1.8143211285155425,0.6011081187609022,0.12559479388393935,0.022604844022059305,0.4164861143214492,0.05064189147773289,0.00032737801899261957,0.0002468910458119807,0.0009041148014259642,0.029231182962031563,0.003339607275574541
5.539010952230022,0.014677469776343731,0.4174451889883478,0.04134666860068695,0.08380929136494383,0.005361332808193087,0.07626903349014534,0.0005376675548095614,0.012735825881213539,0.9753252318072472,0.009167434008692042,0.8680322908980641,0.0008937026863264139,0.0006137547404782701,0.12607966253715874,5.307271009828583e-06,0.06626907154087427,4.88656916594274e-06,4.8479055901517994e-05,0.04045096185463873,0.6142461268770776,0.31624271289481665,3.848293849591778e-07,1.4954705960608492,0.029130465213304684,0.06224084614996224,0.033675674564053175,0.08427248755268602,0.013054834302699127,0.0008765891314124431,6.0648560523642136e-06,0.07167038952785003,0.07862281357544468,0.00042770526018803123
9.965184350806481,0.004530308433656973,5.129053573550253,0.039646954341451116,0.6507335986497761,0.03425070215919962,0.22879124423439742,0.14020341776352183,0.2280678202909231,0.10706044628301749,0.006126032656510323,0.12567953367761361,0.000983315253533895,0.07713150992504508,0.06517078982829105,2.7631467917100705e-06,0.33390241812636556,6.802164382855439e-05,8.049100514033315e-06,0.045040296087263,0.3590899762877065,0.19666268941226045,0.17001783987961738,0.5321070762601485,0.051948593144973715,0.013659795279529614,0.400978464108522,0.12384639197682884,0.0008539825639484795,0.0010046943793879512,1.2382891036308511e-06,0.0542138268766724,0.8442411062473528,0.00010788094847599854
5.381921241067193,0.052767358223134976,0.6937929719682859,0.20325615286882087,0.07045464159143794,0.08492241644476746,0.030878419233949198,0.1202523922788965,0.593220589705315,0.2749374040918693,0.005624986729931699,0.026843571233940898,4.7115427502140715e-06,0.034950381235743885,0.07378733739069888,9.549013741507065e-06,0.38686258894943654,0.0006959522739636566,0.014449461707184152,0.03911937881163245,0.9438367838250292,0.019057408196314293,0.1543950411012548,0.9935745439750846,0.02792401582407167,0.017438219200008515,0.013884296385149616,0.4007196943576604,0.003269900687776729,4.147001837013551e-06,8.727348471601377e-06,0.0681224492136129,0.03244425167933847,0.000411496976082719
4.436388187693733,0.008174776445610626,0.39935014873068675,0.26281647687163245,0.03361456472567483,0.04368809459511714,0.08235723675692745,0.20009112303173263,0.010125438662366752,0.020562233186161922,0.042389843899120656,0.02954420565633175,0.00054484135429911,0.14165496090600516,0.06315548512845093,4.869693041302805e-05,0.5810119057796456,0.00014493546159709595,0.03983046630166907,0.04507449516104597,0.20402773165505694,0.061323433222135064,0.12795925568118238,8.618172637323475e-05,0.00848866293781791,0.017353208173624866,0.010558676748319335,0.47327176670380683,0.01933581200971385,0.000558730926952187,4.524092677526391e-05,0.04176658195111699,1.4670393217475042,0.00039365369886514153
2.8372285817889726,0.020811953829396435,0.04364472959607299,0.0599018182333033,0.267964850868206,0.04201381971426013,0.0003026625434188509,0.01756727894098114,0.03159602216451468,0.5443626515393482,0.019332607471275257,0.01643273994865784,4.161299997897293e-05,0.015973274458331545,0.03817184738711876,3.9365744052042384e-05,0.2519345686410859,0.0008998201730030233,0.07124628978333385,0.004011348094534866,0.2897400187823431,0.057727100333018054,0.32585726228488826,0.1822639696139994,0.17674163350270625,0.006258044267237854,0.118622103736528,0.11576849762947836,0.02520585274086136,4.1697910741958375e-05,4.399565427494595e-05,0.023701332396001952,0.06734656467477419,0.0016612461312451672
4.914508080131268,0.07246538297244216,0.055305499800613736,0.0007064106600669892,0.22616474652294022,0.03690467091497669,0.0007133081053608514,0.18732692340122806,0.0029804422884198507,0.28669669609491166,0.014748021179796953,0.4410175583967677,0.0010275736756688238,0.116381691005288,0.03384973275618592,0.0007103259278165281,0.46520707719065674,0.004502658841691189,0.04276576075740433,0.0021895914103485822,0.13536762673275288,0.48242743886487244,0.23898199170237733,1.0068595000896485,0.4371874008507991,0.024648828253176557,0.11216621637434178,0.25646156401480147,0.02186176243512418,0.0010223679540375503,0.0007439616040834855,0.00126656989477209,0.19548943772300761,0.008359341734887614
5.415575133401708,0.00698237374561539,0.6149784716819752,0.2398799828920981,0.01651333819086812,0.000813743207621795,0.009613544647284698,0.0022980249244104194,0.974686990336651,0.6687853022703398,0.0007808515474979153,0.5997296364138038,0.00021519264339988218,0.007978727589285755,0.1254048580298163,8.579123643211448e-06,0.06211388728584292,0.002786773827844664,0.0005800122412990212,0.026671992207369214,0.11281638901772026,0.044897447254620505,1.5241708232299134,0.10426812550649393,0.04023656704252949,0.00405143548631181,0.03731473808974335,0.17811947266202022,0.00012657847988556688,0.0002288565753124075,1.1879485138820968e-05,0.005951703685113588,0.001157446079997217,0.0014013880002393226
2.0155316530117844,0.010859749681064908,0.015304117424207897,0.42035801077378654,0.21820867105410288,0.004030979985633073,0.05509253878604917,0.0365706827560163,0.6197764431154847,0.016978035427222232,3.993911728346267e-05,0.1008998518158796,0.0001682721989076515,0.04230499696916611,0.0749018394743345,0.00020033761271724308,0.03251567800606016,0.00043045688496914615,0.033135670700298325,0.005438813880098705,0.09086248372053657,5.739441112934987e-05,0.01966712359521995,0.03185999844140316,0.02704849863997077,0.001514013203766978,0.06571760926074532,0.0009482825248699453,0.02606322858411932,0.0001549067796839177,0.0002105206086824257,0.006693241739728013,0.056250442822085085,0.0012688230165613693
5.801540998427518,0.016183996533613555,0.5224761537519793,0.3464443915122257,0.2170396482026244,0.012973521310977962,0.00920917569348685,0.029357606333378278,2.9373668733513676,2.6423040407941187e-06,0.011850710699257897,0.36183514767420516,0.0005275316960679266,0.06320969329216526,0.2468860565499785,0.00013412460318008,0.0034821084936759034,0.00013873702818107937,0.024938374146418744,0.0012254009846375195,0.042904430840809624,0.029302202270223336,0.08341894924055832,0.004144575051784027,0.03518789858113079,0.0073210579759100305,0.24078548028922417,0.08116483937616562,0.0005284387502840844,0.0005202174406455787,0.00013321034428052608,0.009934270314434845,0.4600293193602772,0.000884214430327071
4.703623258905251,0.0034706960226847205,0.417119539340688,1.6398055987246163,0.06604955338206496,0.019234694597228284,0.18963624798464793,0.001963862749575418,0.30558129563191083,0.025103660963277964,0.0014472392370235912,0.09501094380759655,8.040185634658845e-05,0.0049419162690589455,0.00023423543416476952,0.00011545818473914861,0.0014130681868211093,0.0006597500808480278,0.019539729608712916,0.005364020255972633,0.11073538807004693,0.44458798412325895,0.02523394270150569,0.3270681679072015,0.6393734072180439,1.3335668616388114e-05,0.020110204348473805,0.08759604320394573,0.020226492572260044,8.274419625736478e-05,0.00011917229452757976,0.0006220797830846029,0.23037305376794492,0.0007093307321041895
2.456778083956335,4.7518926902193164e-05,0.25001178544846997,0.023934655706304944,0.2716129889177531,0.04583753739662177,0.10602161230589514,0.0010378010230427104,0.3478182318732265,0.019868712477890967,0.01041923338627717,0.0005930313672402849,1.1262300306436233e-06,0.0030013187003322776,0.02039958795057088,2.6297254453040658e-05,0.08370474737893456,3.4142156319554116e-05,0.031840533161138905,0.09407351283643849,0.24633150183480274,0.14203579267389665,0.0857829629836929,0.1767561719610042,0.1562495636230241,0.002022023733892386,0.09887554562666219,0.18157201367020057,0.03873334705458725,4.847315606535109e-07,2.7613377854482557e-05,0.009811312623371158,0.008294821614836387,5.539491062807498e-07
2.6967559282302216,0.005070803058032917,0.004911795380635761,0.0882719162193308,0.0014707236858884814,0.002587728140017843,0.14312204605702825,0.005370965213513454,0.02350767606848627,0.7420214712463443,0.008779222497830688,0.0004734971900249759,0.00037467998166082196,0.00725403555587487,0.04065510201499663,4.118085789814304e-05,0.15075188461174302,0.00040962418960145875,3.5044252841703194e-05,0.00019251185747964754,0.1737287106077376,0.07179184157478656,0.263071040725205,0.7356454561114385,0.06233451459190692,0.0011227698111132842,0.001001720112792642,0.03435042310542009,0.022391912911320932,0.0003822347181195447,4.5922598552311805e-05,0.022135422686077388,0.0829185594712573,0.0005334911252635285
2.135977043722357,0.020584897164428902,0.008930351604961643,0.07987325855632929,0.010571258059761354,0.04232582175634503,0.021213166593380142,0.028539725439867093,0.1329696496209662,0.07196951700789529,0.0004333057877497312,0.1558235196182527,9.611991348631726e-05,0.05757052810463301,0.002979005113576482,0.00010195050770259347,0.15325757794632153,0.0021761996283781756,0.008786502335419711,0.02634171883340274,0.22131373912959612,0.19541058908377887,0.37189621466163364,0.3010790109877672,0.03694750802267787,0.01094886739944622,0.0013155711773869467,0.10005402857847742,0.0033858095477139324,9.197778331029787e-05,0.00010825094510623816,0.0020079456525171112,0.06477710427180898,0.0020963528882785945
1.6670864559601173,0.0035465720464353374,0.0030738756308314793,0.0032594588419286234,0.12529273876646418,0.015035461701537398,0.029089487810002042,0.07581484982889831,0.4051730319602725,0.014866758489607983,0.007839947348244405,0.18109847465164705,0.00013187071353481166,0.04541624486837407,0.0003189604344409511,1.504962499763698e-05,0.16208572473843397,0.0003300250942590807,0.03968595771032037,0.011776985829758934,0.022804335348324385,0.01650022400722549,0.03777575277953272,0.22912446865456004,0.0014180689580582102,0.0019711063462636113,0.08924491975793478,0.06501159065102556,0.004041151575337743,0.0001248272501582398,1.6715590368650882e-05,0.000134713631164582,0.07434600831753213,0.0007210970026421427
6.239209465244635,0.004072371842342253,0.686752832977104,1.3232115228141828,0.17377652355414525,0.01580068547258838,0.3923285427670596,2.2380962411169848e-05,0.6315856640473928,0.8402893560414564,0.009462445238830568,0.16416804530226653,0.001233521731403389,0.0062446990284331485,0.04022064452250245,2.7532670073009164e-05,0.04387537109712394,0.00037926769777485046,0.011454358591080264,0.004218468981266192,0.09011825085663473,0.45469767889996937,0.07777581906662083,7.126610567737816e-05,0.6218255542294672,0.020582897019123494,0.11817042558714336,0.07539553753102045,0.0009293890898793575,0.0012087256212112401,2.3619977216551703e-05,0.00648164383487154,0.4227840349254767,2.0387160885370635e-05
5.932812198933951,8.044063212773027e-08,0.5463109112946256,0.07541031518275226,0.29789409588051474,0.07933022793334099,0.06712007642546754,0.004051977975891135,0.6147751867874471,0.014520534416535742,0.06621685467149113,0.04620744520465174,1.932892519249734e-06,0.011827987551197834,0.11411555250604727,4.542780486831831e-05,0.02543162358435345,0.001947978768641109,0.004075242382762779,0.001159281989264712,0.04387776484717041,0.10544907922603945,0.6711624549215083,1.8169567065743557,0.9582547245630637,0.005306908769705147,0.08698711186216403,0.11189095929190007,0.04906959322496843,2.1044579362558046e-06,4.970836300690258e-05,0.00497426997377264,0.10737383981074139,0.0010142393546136862
5.749402228416057,0.005685612891578572,0.5561029845480436,1.1240933362094416,0.013595239974689869,0.007850158151023112,0.14103231241141517,0.06496572775844296,2.34882246797405,0.0026741522489060043,0.036022067008666704,0.036721548207232176,0.00024539281504387016,0.03534200078656293,0.12809540990506574,0.0004648739742355696,0.09818213654996066,0.0009642137041459062,0.007085672063986352,0.018012324031494855,0.002446363253018426,0.025146861206853027,0.0803592738370905,0.9168739174519487,0.023712291450737603,0.01634796716428331,0.00260713809405769,0.00011275748026559055,0.002145770234259299,0.00023885040585894826,0.00045624813405643243,0.00200665003594595,0.04915285646299174,0.0018376519907044415
3.253519349100577,0.002269900759450977,0.004545667525558788,0.028529641077157844,0.25506863694645676,0.018354560461957315,0.0011166022591630243,0.0022834050800029874,0.08900453283859223,0.0203513284743195,0.00015105619893017092,0.3085258764692491,1.0381933089650466e-07,0.00013972578784663298,0.04590622580882782,9.913007110680269e-05,0.051004016041941894,0.0023100980669642237,0.007866699883863466,0.011864637588889622,0.0014451374666686737,0.053106472099426746,0.9700978300511608,0.5155164661642123,0.09007933778179247,0.001074239716957386,0.09520799763649865,2.7160110601803717e-05,0.0005754684666277735,1.8427222308903036e-09,9.298388940045456e-05,0.030971526006605667,0.6434816622569204,0.0024512204513723232
6.123313445389136,0.003570651242012659,0.1093622338908689,0.09592528190150003,2.2248421671009195,0.009961072326313356,0.011593911282914758,0.08943099310033484,0.2444556780093261,0.7066154399871891,0.026037758237220772,0.02717694974788443,0.0006797752916087473,0.06516847720450938,0.07291335501154128,1.6479582246205777e-05,0.1280320864255652,5.077488041674988e-05,0.002836317295531922,0.018358421156441686,0.008439392012409496,0.0003635214102588094,0.5738905421947947,0.3569901368389062,0.06045635589644158,0.0010790235054127487,1.1637543667958608,0.003199179002380584,0.0021598910946705715,0.0006720262529699401,1.4445238556777319e-05,0.03468489823198671,0.08049434472653627,8.749851360532398e-05
2.232560692600464,0.0002339424641199495,0.03204375294291213,0.19900079487958697,0.6162785556255612,0.001186643247619592,0.004034630800813658,0.014727298136582028,0.19349528853207634,0.17979573738885918,0.004673477380269174,0.08662432149291924,0.00021452589356636977,0.01563994773041638,0.011351897773667737,1.2269862722449304e-05,0.0020776372695622955,9.303167123524002e-05,5.30203310979741e-06,9.022042105988797e-05,0.018444431411498343,0.09479556018849158,0.0005061760254903946,0.05319937607714499,0.34903675574126247,0.0026721670479857434,0.3449641616244845,0.0063990743815039485,7.878551158885166e-05,0.00022227554381669328,1.673577738424108e-05,0.0004423922774640651,7.147644416711578e-05,0.00013204900152148115
7.295851090167553,0.013576466271665373,0.14959535813301417,0.28466648314509374,0.04063508876399301,0.046554425248585024,0.6832093266667199,0.02568288484120019,0.09482945038253986,0.4851698004151849,0.006229098091668739,0.7129376262626066,0.0019317440603392134,0.018236877600272424,0.14663914770353254,1.5955987054179858e-05,0.13800513625099917,0.00012834212606177767,0.01757486978358652,0.008057062756585498,0.05949638329692698,0.7128281764591864,0.03461006499228572,0.8412568029206804,0.015781539293235104,0.05389128695020719,0.020598976262494784,0.14233710930290983,0.0016620363537590832,0.0019234502707313676,1.453169151583024e-05,0.014903772332224095,2.5226417518321957,0.00023006371849796845
7.180083410842806,0.016014405151823282,0.3897493572200677,0.08757018466786332,0.016642438358193765,0.05112634189145211,0.014916953997058733,0.006737934944590752,2.7926636863741603,0.5578997190811089,0.042059464478387876,0.08941590011482378,0.0009314064553182164,0.005945859111153574,0.3368426839764266,0.00013551297443910218,0.001708665061513042,0.00013438591203734647,0.0035883198088705907,0.025768874409135376,0.053946071295673075,0.12073333433864183,0.26780429453315807,0.2104884325348122,1.6975416875969749,0.00043423142878848024,0.061941350545188414,0.30581627589216986,0.0014448402602640245,0.0009382740484964238,0.00013738852545680888,0.014834711924930388,0.0040527585857267545,0.00011766534410040741
6.771083807149511,0.0033356814133887825,3.9801514892020053,0.15809529534434602,0.03062435399692296,0.0015562539025678586,0.039126309635161345,0.011237803306219691,0.00017181772624511415,0.30707996371858076,0.005494590888836894,0.001880774736062369,0.0004262899046044267,0.043013865331528824,0.016496223775440366,2.3303696587150796e-06,0.03321030069134295,2.547038026058661e-08,0.004648897053733523,0.022222887589291876,0.014575354610737319,0.021620746955839997,0.17700904845224058,1.595030397117856,0.21360187157825689,0.010891661963446098,0.014212055793871924,0.05230267407781634,0.008181645744626773,0.00044154909507926977,2.7974642233598846e-06,0.0015131739649744847,0.002503321001559967,0.00042235527266364044
1.8883786782710512,0.004354221342573231,0.29887168032242245,0.012734012956525912,0.01018676986633026,8.926287299097321e-05,0.0028304394631453954,0.00011230970501742158,0.11591687555268701,0.435715463351904,0.00023834438620060853,0.06884055226702275,3.3443904145837182e-06,0.002506026449363485,0.007043607400513321,4.7132103286863025e-08,0.0031924275454884724,4.7475621316774074e-05,0.0030142660438806207,0.010401864151292715,0.00764235248991408,0.027918247387182384,0.06152841721265025,0.07006808739388122,0.12119303266723883,0.001032490141686126,0.010633085651189787,0.06759453491306608,4.18535373819651e-05,4.931762836689158e-06,1.4617708973486228e-07,0.010480645753997007,0.5339686076119786,0.00017325474976524774
3.246071975134954,0.011469838469525954,0.13228060366735309,0.2716591850856978,0.05884453632704747,0.0009967187938113207,0.03860517641877403,0.02658483375309828,0.4071178573462389,0.16505593372261682,0.03711686396988376,0.01054111091067754,7.151414923481871e-05,0.04090187917781728,0.04146748442323172,4.9628143268662226e-05,0.10084328550712221,5.402539712210963e-08,0.007020213113564236,0.039335840115149436,0.001424661394108398,0.029148922173408368,0.016592060920198607,0.13615892208233887,1.3811766637816854,0.0069683436039794594,0.010400457009598341,0.022262227908175808,0.10653383680018642,6.478845488176845e-05,5.050788161552117e-05,0.00266001850983711,0.14192260812936264,0.0007453993660665847
8.306474559834804,0.014320402145201598,0.03713264503609292,0.8423635434849877,1.081365528344678,2.9477643279023466e-05,0.0002526305913619179,0.05220483652451815,7.759818665548721e-05,0.003882209294318854,0.009169530426164241,1.1158725828376745,0.0013047352357585809,0.09338085076046439,0.11879348281913461,0.0004485200241231902,0.08235029358951398,0.00221472337506867,0.026183270222079485,0.04496887046243725,0.124431197681269,0.7009391832366325,0.22560427679926032,0.32916380301872755,2.310517936061561,0.010804270019240881,0.526297086127218,0.029192008299548093,0.02380022070601861,0.0013193992178835087,0.00044049564061866484,0.01543944660640307,0.47438046408729684,0.007829041329612154
4.092567736296145,0.007163641108147091,1.1861989060116325,0.014886990744351968,0.039330935596336235,0.0001361862064278097,0.07654516109357958,2.824557694129212e-05,0.05883980318064391,0.20476189070488984,0.0035237850875322434,0.0388551402467175,4.553583245113284e-05,0.0012190786837767112,0.00896968832385384,4.96778608457221e-05,0.0005864328431350314,2.2569604593529822e-05,0.0055071138447568115,0.0033981351419043967,0.0850410691054754,0.24997912863535107,4.4687934973390553e-05,1.901958793763631,0.0348793986031084,0.00289022667324733,0.015633897397440973,0.018830272058235877,0.018424603362065653,4.378134524955846e-05,4.7637993967020613e-05,0.006265647686008955,0.10797274571910323,0.0004869283257683685
3.9706763903822906,0.0016000876562060438,0.9923322898294311,0.004314164214576137,0.4597117264227277,0.021962059925385226,0.027281504564157604,0.0403971301923019,0.23123518777489763,0.4523726856188968,0.003699671147751762,0.1120868856981379,0.00036067924253171995,0.07190540195339092,0.013867434595701951,3.1673480752803594e-05,0.2645768486554036,0.0004452622460834072,0.01836267471871832,0.00035936060980884424,0.10461957846111365,0.40578527953456345,0.006566170131581628,0.048614348476851595,0.037100739979398716,0.0016585327572174846,0.28247619545592767,0.22069552337667994,0.003933906717468192,0.0003630317204639789,3.928646595475426e-05,0.012907568792333617,0.1288659479811173,0.0001475519847572237
1.4105894402448493,0.0007420798505898759,0.005172869176953186,0.039246844160656234,0.12653522820858612,0.0024265598745020008,0.0025798087391139123,0.04730167839520443,0.003695888719520394,0.0011080536933682041,0.051917948161492,0.02843423342922294,0.00011284515521812298,0.030170184140098838,0.033719812718458676,1.7546355859549931e-07,0.004040759236713933,5.7012598527733085e-06,0.01594246339740514,0.007587420481206608,0.006667721104616014,0.00010772145837878662,0.06563421861864205,0.3205521609091748,0.19136514188640022,0.0006806192136711087,0.05433293455884981,0.0072269826041322155,0.039687890300880185,0.00011992602579476832,2.409798276622948e-08,2.0967201779164088e-05,0.32338955446054024,6.302354228523192e-05
2.2829877065774444,0.0025054508274520906,0.03156935635331291,0.019822627625467795,0.17402669002398874,0.027424599302951908,0.22315387507583542,0.002659389915705544,0.01825169897771757,0.4452064464531396,0.03529092471280546,0.01325104046003878,0.00028846539091851355,0.0021227708719674847,0.015608188924013538,1.9573513027175606e-05,0.042776046848795345,0.000494275872253385,0.02062700503270786,0.011185072040659263,0.09026744874025175,0.37608015802940253,0.10527261123742972,0.055426449775357246,0.16288043175379074,0.0067834032446135424,0.08509354550262277,0.17475275679624394,0.010214796980606776,0.0002853727257735937,2.1506203308117043e-05,0.002649488984701137,0.12693232148708877,4.3916893495631416e-05
2.301889323958227,0.0014603421991066822,0.15820101310752246,0.06108242287687848,0.002246443589385802,2.166696274292187e-05,0.053418790135265466,0.03237518258360558,1.0596021564542688,0.004177874369545839,0.004185280184342433,0.1354564871229797,0.00015154358173339347,0.018200055384143644,0.06964644362665522,0.0002723200583397275,0.03221255151736834,0.0012900714271544826,0.04475830290225477,0.010724333264610225,0.02317085379892236,0.1170097320077658,0.04081643850029373,0.05566090686414456,0.23526955630859248,0.01782113900940077,0.015345914451922044,0.032891407922908115,0.05682818802926459,0.00014218489133125653,0.00027103741074947514,0.005629433474175542,0.008984859761149981,0.00256439017970222
5.611119383556936,0.04704696631761746,1.4728507738526948,0.32514556646728543,0.22354526733681154,0.024956803288069904,0.44245560832547215,0.03913402490654921,0.7193949004484304,0.02668702852790462,5.512133070576652e-05,0.007772123887446583,0.00013291731770115879,0.03696863889668888,0.006585723699913308,0.00015048235581215468,0.10183544959398619,0.000668369195980039,0.056715201772941294,0.0076035180672285934,0.01153774406522681,0.48685620401249274,0.0016514189737382977,0.48550391871405246,0.19592442154048573,0.02298438102464748,0.06721030398496049,0.00026795545687612255,0.049013537365894345,0.00014053154253015833,0.00015239799957462503,0.008898575392812146,0.7407830807101141,0.000490427184290903
5.398989895154684,0.008667411441866982,0.6711809686410607,1.2824086709597975,0.11370722182340949,1.8591852478558534e-05,0.0010470097180094527,0.001644038817785966,0.0048173321389709985,0.850098085142899,0.01842435808326395,0.0019136601791505886,7.818019833188144e-05,0.004704996420229305,0.002677972192811496,1.2774954366224628e-05,0.019509349316620232,0.0004479828959634049,0.03641215389629362,0.00017086140416544914,0.3538483290557213,0.09315011200202315,0.24121361793993562,0.13606232168507973,0.928471577290981,0.0031079755974493563,0.055534578709126745,0.0613917157419983,0.01784495621675805,8.109348991033564e-05,1.127675321903511e-05,0.00035709849254987136,0.489961267447752,1.235465470479067e-05
4.764965313719489,0.005038767741468447,0.19269000878606696,0.062025235334468395,0.058431804078235165,0.005172088816004502,0.10136925915307507,0.05889470950539404,0.0010410009260950392,0.11452533436810801,0.012401936160321694,0.03374580700133263,0.00016715768814301476,0.050768386991259615,0.009445102805115489,1.017739743821619e-05,0.02351461227773487,0.0001265609621566872,0.046175316442135385,0.015270051394312027,0.044011894081622524,2.186749790281322,0.000127504627544919,1.4893449059484305,0.1678584698329956,0.0012340516247710475,0.025530739553105527,0.006028661499210588,0.012820949930859547,0.00017452225650274264,8.616016536509048e-06,0.006686679771933501,0.033547766586950516,2.744387883759025e-05
6.691547984225072,0.000253559335995293,0.8472394142343477,0.22725993344028636,0.5747356329982503,0.04831755287438143,0.007602132008173485,0.00208882352468665,0.6095425178379786,0.0939448185309285,0.0010037061385071884,0.05445163747074537,0.0006551622459810706,0.00032054197406997245,0.26021865545131295,1.0499317420609744e-05,0.034750989385903014,0.0008147339339648967,0.00018087878440835317,0.0019008119994458083,0.03925834779864154,0.9200065173698271,1.022836567969725,0.41149934791989135,0.08674557749774958,0.006093091672935836,0.20765391539415384,0.2614366619922175,0.01804453610979734,0.0006622439970850593,8.34122365348054e-06,0.0005871691320356521,0.9509198620660012,0.0005038025945699842
6.059231576000212,0.02427868033911992,0.6874138456023312,0.22684131199440827,0.5720497158686195,0.012065217674397617,0.24103211000331892,0.009287051770805136,0.33919181902827206,1.3514870473534195,0.03030103977812626,0.20638103691672843,0.0012572576100962254,0.003928607060345977,0.10952093828396585,1.7119354078753913e-05,0.013156122627086516,2.8534212488076798e-05,0.03227011642135453,0.02193140713419555,0.029412002950088403,1.0435648813987781,0.003297923534697067,0.5262942402546464,0.11210110184565117,0.0367577085034607,0.3468990775421172,0.01792231406159256,0.018274501915355842,0.0012535344578230028,1.633948863379328e-05,0.039624777293022696,0.0008295468105263415,0.0005446469106594073
3.8350623199462825,0.00015940177823457383,0.7870478812154016,0.26939014645894166,0.6475973895308789,0.0030478464829489316,0.000317856434985661,0.010111394610931338,0.31597671601130645,0.025974691032878076,0.021193326342401016,0.039987807051835585,2.0620415731285425e-05,0.004772425871997618,0.0013195198556118955,1.1840556858243589e-05,0.0026210975750205786,0.00038824899015895244,0.015911487810201023,0.04015061288594111,2.4693058151806137e-05,0.1350953467460833,0.0010340754215943091,0.7467310196817882,0.20040245652489175,0.007708237923559735,0.38235601961033894,0.06778013017510048,0.04561319834352194,2.190591117611871e-05,9.94875618185686e-06,0.020124151821367824,0.04214855629873349,1.2268761528448359e-05
9.842472261508057,0.01768226408069416,0.131547829188706,1.1793229026740444,0.2904135570426554,0.08052815801568856,0.2616607918765487,1.3338246499613333e-06,1.3618350035041462,0.30700757917215027,0.04153109925430922,0.026838634051949625,5.461135742767595e-05,0.009792126775581762,0.09696948161490532,0.00015027227668147717,0.06965091653900887,0.00016458812189917163,0.043318705427660247,0.014795477308768101,0.08559772109442083,0.009097552496535764,2.588538352937178e-06,1.0428790945888835,4.272838094443163,3.7821199899695134e-05,0.0749413381317466,0.40999004010565154,0.0004488815009084524,6.155703897487653e-05,0.00016593765362641597,0.006213598884912498,0.005845290418174115,0.0010874133053336288
5.633936481696787,0.0240958581218458,0.4132884016809338,1.099392765659922,0.17144119744485298,0.01630126915105112,0.1555713457726585,0.010691339182478575,0.00423190739526499,0.008826968498906924,0.0012113303532626286,0.09315615437453262,1.9390727023063326e-05,0.002410088482596694,0.009419596180157853,0.00012172798892315179,0.0002264739982022763,0.0009235621240909782,0.07381215491174276,0.05699570051662696,0.00695452973136588,0.005316931778278785,0.4903051014512354,0.12563804146721577,1.593061401934397,0.001705490979440814,0.09465097004743563,0.19504581867974383,0.014507146224725442,1.619288275374324e-05,0.0001228377672234056,0.014114276906828854,0.947580504468275,0.002780004812792267
2.92898438899767,0.029428692412023318,0.148991379699732,0.02202736407438401,0.0017706413534812528,0.011087374576337745,0.033384464535282835,0.014574688287627053,0.0721302743702215,0.22541058316454757,0.031221894287357315,0.2540693319251297,0.0003589827698063406,0.02351213401047224,0.07190813283741908,4.836068132459419e-06,3.6804362424052535e-07,0.000564451061835933,0.04023017320118206,0.008146793926192145,0.012363721011215287,0.18064668918592808,0.15436091152190085,0.9451301363732135,0.005573227294820526,0.02280902433836312,0.00012254457287690107,0.15337034505954472,0.05060902707341022,0.0003665163597849724,5.619264536077205e-06,0.04857097306404937,0.3662059558247438,2.713744849351657e-05
8.77270832578852,0.00640486522361738,0.3727907893235078,0.0014647028258907297,1.82543581725232,0.01890538223952012,0.02926284825491289,0.019793838947362467,3.0451706106660743,0.04939682093999103,0.014496754499828023,0.1532635671349052,0.000430590202132068,0.012864437835132669,0.1894455566926841,2.6461791733052518e-05,0.08514518268040883,0.00016070624146648064,0.025472401479930885,0.032645286369215036,0.01157885170364985,0.09171120677723762,0.015610450308114485,0.08888436702936588,0.22657307723134038,0.003488071325730386,1.2589274920559603,0.22493411642695624,0.016370566787779227,0.00042937246942816764,2.8498966836057985e-05,0.00014384242927664603,0.9511771887001093,0.00027460297610063715
2.3970396300632366,0.0035192695761834354,0.03256586675270666,0.0015741666553293048,0.6361187538422357,0.03091724765400832,0.08024454967660397,9.968212733714179e-05,0.02640016989714424,0.1891097450551073,0.03627841776047893,0.001835148896502703,1.8729825324764727e-05,0.002921603152353355,0.010980078919600629,5.8851964404902606e-05,0.006237364614021756,7.944232504288409e-05,9.264165051026397e-06,0.0036563508746398237,0.013801921929365222,0.0007407425781692276,0.03588698001276174,0.03232763361950121,0.3522554588189773,0.005072403218297235,0.3044328145727688,0.09191399593340803,0.0023029125793373904,1.8967404170456228e-05,5.1429434104373696e-05,0.004281509267872793,0.4913119353169742,1.6221643452129458e-05
9.831040037947972,0.0008568600156410838,0.6128130944505856,2.3587972744477765,0.007487174886963954,0.08122468981582585,0.21628866724328438,0.00047129390960617105,4.357453560505328,0.05567900561826444,0.028015769952327893,0.03607644931061627,4.7695744614172685e-05,0.005089404595144761,0.19611785723301325,0.00014850563782703295,0.027620289275462756,5.173049692428441e-07,0.013132264010578567,0.007500743235772229,0.0390100349352449,0.1315940437012183,0.6863086355866387,0.38518801101757,0.0767299551961345,0.011119081421184021,0.05952969683808873,0.2016011423168509,0.10865588630909742,5.328068848754955e-05,0.00015148010239729846,0.043673923659276415,0.08246382772099738,0.00013992126118287894
5.403549563114771,0.01991534069504936,0.8500936214036613,0.8548224777245464,0.48210052252229396,0.03912804291694199,0.5466315833356072,0.006240089046196287,0.987414945683412,0.4526586240936919,0.01836555582381647,0.07951163725754748,0.000277015345284227,3.85411233416071e-05,0.007117038810046104,0.0002432387662557725,0.04295656578485003,0.0015428907413970404,0.025505127422373007,0.0003825140833645321,0.04834305807394104,0.02622323219853393,0.0008769135634083253,0.24512516287730823,0.02695464872043624,0.08273528139813889,0.17597824838213597,0.026123168670988788,0.0137115162212319,0.00028787066092097563,0.00022492667385056597,0.03757910939435238,0.3043233815280718,0.00011767217177578207
6.598880540744805,7.2760155238875745e-06,0.1983827159396508,1.4474110580278137,0.505606997646016,0.0020543288097816656,0.009372345025521145,0.0028249210897837514,2.0500876511521864,0.11783140160459121,0.0001740382515945452,0.39805475972560456,0.00019053007338771984,0.0010053967381423398,0.07996368792001114,0.00033910827908981866,0.024477433895153663,0.0028702352738312928,0.002682411293342909,0.00489679890135979,0.02057207997813444,0.0861999324514007,0.091265145002508,0.543158008095128,0.4314805840626245,0.0003634950165030155,0.3838151663756365,0.0004078550604368156,0.009216981971806667,0.0001921036622658977,0.0003435823637763527,6.527930897791303e-05,0.18127922664483612,0.0022880050883843555
3.95575654977473,2.2457078694136838e-05,0.2487322552602837,0.9122050215056016,0.04034624582279156,0.001698363549990941,0.0018318965853029868,0.11928564647654305,0.7948565373226062,0.059655370686020455,0.12348281583438228,0.14599311091386313,0.0007863553800212881,0.10469248979512553,0.17556408394319445,0.00022910266370199147,0.3330076299804469,0.0003813346075287983,0.017499251009285993,0.05651024787313731,0.07711796094384367,0.05700320378801225,0.15120146830418205,0.009304095105514764,0.0072140547943918,0.02416296487165859,0.002788293361693499,0.05851871976154715,0.03834908766139098,0.0007900648914429436,0.00024234068297547702,0.0008962956939606325,0.38977440769379296,0.0016133759318000087
5.1346745541511165,0.03258440359819231,0.03055342582967318,1.5791275202813257,0.5064757010583225,0.01510001008492649,0.29621273654651215,0.026992502055298472,0.08879978083074355,0.09141323481477645,1.1560197402386305e-07,0.0651399509547149,0.00013633147958227903,0.005813208272461756,0.005549609186662259,0.0003022004618964192,0.005774757467818591,0.0011857166946213841,0.006819857289395168,0.00014292206670347713,0.06170731090915338,7.707613262904931e-05,0.020021221069497944,0.8906677653771934,0.2646920514391773,0.05556783431801265,0.24952487920287608,0.07386065767479873,0.056451146254069745,0.00014180563918159096,0.00032641164606126045,0.011528518314915302,0.6907629865040769,0.0012209050938718725
1.9410093396672727,8.65171608782001e-05,0.25060824476787913,0.05958007963499298,0.020704900982029907,0.0001406696073885995,0.0201722149028666,0.03863806593358178,0.25051763664660404,0.00038186706330906804,0.007455040972107875,0.01109255796708215,7.23029472206779e-07,0.036233392911646796,0.01093097379580965,1.7651236625055926e-06,0.05207964131323024,0.0002516207644608655,0.02336269942151729,0.0034754880994142174,0.009298612741635723,0.27857185279506347,0.015436195221092052,0.7671318279649519,0.008589249087455723,0.002524521656572167,0.024192670794993907,0.03087024354704086,0.013688384636550898,5.718107382829164e-08,2.8137840203284566e-06,0.0048451643953272405,7.40022130906864e-05,6.964355046978497e-05
3.5423634831724553,0.023845803695612056,0.04961027362492582,0.5824723318304363,0.4052050090281372,0.01089091742386106,0.017700587919056935,0.023860767302371536,0.5879533891352393,0.023606108705594275,0.004615731468137891,0.2036270067574575,0.00049917549284135,0.05695300447334174,0.14846009735992108,0.0003253108161657983,0.025954417774469832,0.0017282156022390845,0.01643691383889772,0.0018721009594040486,2.9841998947307833e-05,0.3801259888999784,0.011962656547240194,0.18193514527663426,0.013320049966910818,0.00021192913170781539,0.145241626869513,0.12432282865630254,0.022732434275319693,0.00048802876124654177,0.00033116285462045353,0.0006055405202818841,0.47411383892665115,0.0013252472789907742
1.3609371217741992,2.1570286339201073e-05,0.4751044111611249,0.00018292242199961103,0.019575919256813772,0.002304991509125365,0.023332020280980068,0.009692156170095837,0.028024304606200763,0.0912425754178889,0.1114907585813908,0.2542631122503077,0.00025790661763470707,0.012902926998098835,0.0036964314564045552,2.4411791131113566e-05,0.001260500235681135,0.0003416546813514175,0.013476376619834285,0.0062788846915302525,0.06866209777535444,0.01880321082342087,0.011109469685219206,0.049219670541138495,0.003377579162519043,0.01215660921397325,0.012385605264500464,0.0005628653841013114,0.11343524566378473,0.0002423768372072051,3.097373948415714e-05,0.006705782265073645,0.010465965890881997,0.0003058344936072284
4.854491547951855,0.0149249772514474,0.7868322291074026,0.10845005813966106,0.14490813813572706,0.005209526609474898,0.12155750422375548,0.0020716402772672257,0.7638997099082377,1.3023191430464678,0.019399919525496467,0.019080414527961657,0.0010778435547304697,0.0034330405379487806,0.17166131145658967,1.3316700666848821e-05,6.0457484697405646e-05,6.926246797385898e-05,0.0006942201908803105,0.031278880424079634,0.11698694184615466,0.3301997394331962,0.40291650000722706,0.1388185203981696,0.0010873534901322073,0.02559785216272285,0.1271095204909572,0.17752920804604605,0.026973635888026162,0.0010458982996977622,1.046163122984424e-05,0.004381715614208468,0.004770547284842852,0.00012205978877658316
3.3198540859957895,0.009421097196400113,0.0013258484512269585,0.31483443069104505,0.06895172911055406,0.02351045593526433,0.09271110795134772,0.013567148746436048,0.020414492673716395,0.11073320374051325,0.010353390592073696,0.03069383311153181,4.2814834577895115e-05,0.006556179796769868,0.006262142814036296,9.814942555799183e-05,0.07727672938579676,0.0012994283063204259,0.013680539346931666,0.0013616346913951905,0.08750606337481928,0.028251275680295777,0.022645841431210314,0.677798499142251,0.08761490363266695,0.0007125660327753263,0.03834973607435445,0.31918243673961566,0.0004962249411107849,3.9419986090003085e-05,9.113580324305118e-05,0.00020178750553057005,1.2538662763016957,3.562548634991432e-06
3.773978954435152,3.337664570219995e-05,0.17592024370174775,0.13418785031870484,0.1336158491028282,0.022928320240466354,0.02190211782379607,0.0011971197341221697,1.274253494233927,0.0056516256533848475,0.03883069300954558,0.2297939558410058,1.034016326252723e-05,9.856878203692366e-05,0.051408075298460275,6.472953653983904e-05,0.00030192436470289225,0.0031852419134003455,0.001025501444792275,0.013626089012201819,0.00027290054572578245,0.45131026418696607,0.7970126241324412,0.14457589840984453,0.014616753290399728,0.02966257972799798,0.13855288052878945,0.0008752404803651771,0.0625465730194406,9.225136982353722e-06,5.6005153430053544e-05,4.484031939089607e-05,0.025250155610724766,0.0011578970720250554
3.097782923900639,0.02654825818043406,0.09362573091715014,0.9376766639187484,0.6539463832988127,0.01808026760183002,0.0912961626073056,0.07685164291828811,0.019748449279742418,0.005903226651784811,0.014998431574514033,0.07818896928425673,2.0892725895253337e-06,0.03508895496159919,0.007978611004227875,0.00011035545947352441,0.0010533540481984772,0.0002204661907384434,0.03234752228057886,0.004089041212378272,0.01296364822981243,0.18173922036912937,0.005661066718696007,0.23632364633338862,0.1600758876751008,0.0003539058551307909,0.3137407409255651,0.0861664979251405,0.00027126061533517957,2.1421906958721032e-06,0.00010836819413840131,0.00010596718605442773,0.0017199352465065993,0.0007960557732938685
5.576358258527951,0.0037730895328671123,0.09198435853318344,0.42721858037227955,9.411242535474014e-07,0.03808167304879588,0.28110233237907944,0.0011785363517312698,1.448399098225403,0.4988255963656965,0.04937270267794654,0.0025879617978845685,4.9524588603479056e-05,0.0013648450528898316,0.028706195112378145,6.603509342476386e-05,0.08920369297300221,0.0006245664315803032,0.0005015205222398762,0.0016066541436977363,0.08537722493179896,0.001640565753537139,0.034301221047668674,0.27925903994865997,1.9123095522646183,0.004908713453099684,0.011116435028230821,0.11967525861488035,0.14649482579582135,4.471934553133776e-05,7.426579171463524e-05,1.6699709333906913e-08,0.016379202762706185,0.00012931276303606142
2.932783147450671,1.3451354539267415e-07,0.2387144202695342,0.06683249843512563,0.0030000966709679455,0.004361884540155828,0.005669215775035554,0.03062438733904978,0.32713381032137256,0.12430032717207164,0.0032600865923057285,0.7075046843413202,0.0009512913234098386,0.011937586152459793,0.08663954640847692,0.00043558954850092,0.11479803726892442,0.002003326248316178,0.00922857471359824,0.005825832592083046,0.00536154269792096,0.3757166634209491,0.13111001328754662,0.5893086555555483,0.045793713476425586,0.004830607212190729,8.256010611884813e-05,0.00014930499041652603,0.012688847388239445,0.0009729040304128206,0.00045599666346004294,0.005335019134471412,0.01162884238193668,0.00612714687877996
3.080689344754542,0.02254237412535716,0.000135797791614002,0.11467409594099756,0.00213580612186688,0.0009242691323911495,0.05376918422459058,0.03025593308581142,1.1635478195610913,0.0675791190630827,0.055911908797628855,0.24149483930205576,0.00021555505789418018,0.028822018275073764,0.0710226477267885,0.00043130727544258944,0.04452668115518598,0.0015593325564437974,0.029776893103086722,0.005002293647430275,0.013733882982777484,0.19335001683652378,0.11167865369149325,0.5722038360726718,0.1944901457464945,0.004678595219510112,0.01510276180133547,0.026576595852062783,0.0014138574131019005,0.00023034719210998254,0.00044134609999278376,0.0040285225655209474,0.002942269551952699,0.0054906377851606765
4.487273488461548,0.0005908448954423808,0.9436349628166552,0.07088822972208514,0.0009007127183672638,0.0001828304321358247,0.05314876347931209,0.04298917416152949,1.2802327004773466,0.06050747268724595,0.10432830734442826,0.3143144010044275,0.00012784612554191037,0.03131756501152841,0.11187573377842544,0.000157697926020766,0.16956336820602766,0.0012962446915118868,0.010811944866114477,0.010062019436122005,0.0766303952278555,0.007329126383723302,0.014815540825916178,0.5721569999447599,0.28832411557360244,0.019910060618627,0.01710218939683419,0.1226081763368598,0.034587450142930236,0.00012343314814561464,0.00017139854889488713,0.0010644864063530854,0.12387111187449452,0.0016481842522830796
7.863175510238781,0.04671638188500341,1.3548549174216367,1.0798163304607578,0.31189003923358266,0.001974924064307155,0.28022431623831023,0.0009207822714724769,0.28812914075322416,2.061578097157661,0.005369264394836578,0.004160115749226458,0.0010109744378890395,0.000141087785741527,0.11709830524514275,1.187430712272753e-06,0.00024691314004273704,0.0004396058245170421,1.0974410244836229e-05,0.011879062365152293,0.00808466682165352,0.18597439885468875,0.6201100128377179,0.007332597096346655,1.1590385524113513,0.047862160344397414,0.2011429082395164,0.0013008343957174318,0.03024923494725518,0.0009999446623836143,1.1220895025059045e-06,0.017687569616877546,0.016307121135505073,0.0006219665164066917
8.327479141745881,0.006004473741661069,1.6712392540357113,1.4802307749335903,0.34285670003193075,0.010770961334186702,0.08212524757414048,0.008327182230903708,0.23822310563541155,0.14716469894305653,0.0008934876864463721,0.17026641051268315,0.00014848579131704448,0.018262132485610358,0.021281952464597086,0.0003438292440455836,0.020521258329835396,0.0047400083166949354,0.004388307859970005,0.021912340627967264,0.012896577753756043,0.3922722300188009,1.195723334802925,0.1570398695668124,1.3925704105631453,0.012447864012999752,0.1787902594713488,0.0041597887587654855,0.005583475259070632,0.0001596673277871819,0.00035682965059645477,0.10386656121911134,0.6171816118426375,0.004730049718364982
4.0085565362151865,0.04510418438388372,0.00914956114149119,1.01929145199921,0.07721454843030943,0.00036278969915066973,0.20528066744293483,0.012641914397940008,0.05024362827134417,0.18538013036127196,0.0007798443514584944,0.3421376424311166,0.00043583205052475217,0.017060492252119506,0.032670389003836044,4.4380582194087074e-05,0.020444512414052173,0.0002746962323188195,0.007276690202990087,0.001259263728857436,0.08328233370103258,0.3768051652934052,0.016276959883803965,0.4137292382313595,0.24552405761282353,0.024697289307728208,0.03576339819054418,0.06335948634793137,0.020855362020128044,0.00044150761051199437,4.253335752655739e-05,0.17880652526070648,0.5218362394939028,8.382052677692093e-05
2.5477501475709214,0.015126309751002156,0.574430695072727,0.28981952136353684,0.14023082580893728,0.01525387613533042,0.03360577782574429,0.010109250795731916,0.12770897120539534,0.10977218694421394,0.018540230634472674,0.014147564330892053,3.2699795951619487e-06,0.0321672926928088,0.024983796928299672,7.584235609999892e-06,0.002665414875474436,0.00012623289988464143,0.02419877407163112,0.04558914650461602,0.02406789125416385,0.012628847249852,0.014749701108923981,0.5831031792254536,0.010307630425896722,0.00011642461025194516,0.05350508093289666,0.1012997074498028,0.0028107231518897445,1.9040661310255808e-06,8.131243632200357e-06,0.01248865512878801,0.254173399362624,2.1503047111290715e-06
2.147743910724608,0.032137563319417466,0.0006115902677526489,0.007328244342560578,0.47828275846668594,0.004182692410046491,0.001079459933266772,0.058023371384916964,0.10689216893694631,0.1833919646800089,0.0005523808259360317,0.1864153407927554,0.0002841190693263674,0.06829722570767517,0.002654803397417682,0.0002407435435533655,0.13989086857178937,0.001788787780692554,0.0007880743897252243,0.025468142917273572,0.027688998026016452,0.04815984053682776,0.07094730517802994,0.1199332180989781,0.07377754433136982,0.009713178999275967,0.27082896240536247,0.02526223632526202,0.022931039463943537,0.0002743602685870986,0.0002346808164354662,0.0006651222337040757,0.17683390138542684,0.002183221917641681
1.6153058004514151,0.0009201297317449064,0.16467265668747386,0.004159136650799198,0.02817079886092427,0.0049424450801462145,0.017448983442443475,0.006045041909454264,0.6136988892595822,0.07345646852366174,0.043008437383560506,0.10158076088857411,1.6448380979148215e-05,0.00017633033332100734,0.04403276086098549,1.9995898574521744e-05,1.0924221732173093e-05,3.507604380824856e-05,3.987107471186918e-05,3.355267522809008e-05,0.019160339421963535,0.0034351574291706737,0.002122925709626835,0.15256738960307065,0.09226234221251702,4.1887896685373916e-05,0.03679470787758003,0.02367538071326202,0.025837876295664516,1.9792069898767136e-05,1.7383594891006918e-05,5.6791711068290155e-06,0.15645051924427247,0.0004457113040002523
1.9785805652782822,0.003913678999576116,0.24073173384784224,0.005840851388443991,0.4202784874187884,0.006440184957071201,0.0023377643683661475,0.0008133994838494307,0.11662851215957232,0.0700157594277064,0.02526701239984039,0.06682746602646203,1.204027811565431e-06,0.0018524920831049084,0.0011991411971683961,1.5344328642567527e-05,0.005945058512949678,0.0007652483604806376,0.00019786325769390018,0.0022160428026463666,0.01198182213556159,0.039227351209995695,0.14620801168072536,0.07255817122194383,0.000167464977061157,0.0016460132491140915,0.23353639278079885,0.05377289492274614,0.028169825710513362,8.540131809327953e-07,1.4696847986946036e-05,0.0019794160652902753,0.4178000602978124,0.00023034511753488533
4.2315100735176765,0.03479971315530092,0.37100138089702206,0.4839727432997891,0.019613477170376904,0.006475898420011294,0.2768944809608738,0.0009117290590429736,0.05150012482383707,0.9212893635576311,0.03801124794003708,0.013378220136182933,0.00048747205172105124,1.9964842213449246e-06,0.030097563149599063,3.2310030679273636e-05,0.0016085006872838504,0.0006006116316413352,0.00012808041940865205,0.002208554327824187,3.232081044962366e-05,0.1154376785880836,0.29555902977076726,0.18965295519765654,1.000423045796175,0.017998199829553713,0.007616868695808067,0.013241667915455122,0.10367755399757912,0.00047643771838709197,3.0362261448429744e-05,0.027715716780617877,0.20615701964018676,0.00047774831302532675
7.481248281640974,0.0010781434964757086,0.015055112825423411,0.989304627039793,1.7062493763084041,0.0008923892506290728,0.05031799851551636,0.029395696610577636,0.911367968424945,0.0006744716292822212,0.004707781030514802,0.08616997779203113,0.00017934960066932695,0.009108295961933844,0.004623088489617275,7.992750227569881e-06,0.006505315212337464,4.998150756756432e-06,0.0002820656292477749,0.00043554171865276404,0.30553123020280937,0.17432497470305733,0.06028827363710733,0.14428256396246403,0.9600873265188952,0.0006110773222642727,1.0037626353499824,0.0025375647124534534,0.010363509729181042,0.0001835325845982224,7.248299464900541e-06,0.001961278606365777,1.0008867824863954,6.009308890093383e-05
4.680816019191854,0.005936728765749395,0.5639274193343731,1.4961468034592778,0.10666223951182142,0.008508065446665122,9.033240147111617e-05,0.004169482287034598,0.08024928636346726,0.01243778146405157,0.02141002385205241,0.021494386787394206,1.6256666545608302e-06,2.5688006130789624e-06,2.7586077006569928e-06,0.00010896823442660552,0.0032534609466444275,0.0014137863801491984,0.00018705134798972748,0.015389279015493524,0.01817795042240965,0.6421947485353913,0.1753119066545402,0.021258979690018196,1.3990245911158847,0.0008730388119961429,0.055657850879382686,0.005751660780556713,0.00943517779414091,2.7195584540968917e-06,0.00010584052022455347,0.006511087733887067,0.00416772727559243,0.0009506907463460472
3.6370879463839967,0.0015675246718704324,0.0015946693091893082,0.01765205364211218,0.04348869010453383,0.028023951216925462,0.15798928564195588,0.013128685460531286,0.5145959878278891,0.003449243967232924,0.004526680788691588,0.0026698311193161742,2.6604838517528985e-06,0.019508980861242402,0.0052753449362027026,0.00019294346372454414,0.07283140211454413,0.0006409755734311631,0.0025653305036931573,0.05868441071826556,0.004869781410562014,0.16180914135244864,0.04767022874205443,1.4444532998686461,0.18284029391083323,0.011166700244726647,0.010383425562906041,0.242493422332611,0.011530708682917572,9.828517372288013e-07,0.0001993892746721214,0.0020334656503655,0.5682542774436625,0.0009941766506499276
4.103350265005866,0.023777270276630465,0.4877367198752438,0.08916115183456788,0.2730850299638184,0.026432080007391893,0.004995469810522047,0.007088040222666373,0.13723064985937847,0.013370289327926815,0.004489358033414817,0.007345404001088633,0.00012541470262924942,0.020013112106580362,6.743511115517111e-05,8.9335614878269e-05,0.1711449737472129,0.000299022382531632,0.004919721090294615,0.006511352247524448,0.004189792059075526,0.30052957245771456,0.007433802543102531,1.7115079975498797,0.2860486327190539,0.03229755607542377,0.16213112926389525,0.309389704763541,0.0025107178622736006,0.0001347439487602491,9.70083671026443e-05,0.002663514152925508,0.0056333820750085264,0.0009008809526536256
9.52507777351932,0.030438258486213114,0.8705284571410504,0.8705473412631055,0.37408449077706507,0.0825254540480122,1.1719326241435122,0.04025938020796909,2.7193707867701793,1.2837885493830656,0.09686271704504971,0.03685505308132906,0.0003089583730279238,0.0657269994508207,0.02377144800429147,0.0006658609632160419,0.0010197546521499784,0.002917530772825425,0.028493157345840285,0.013956989768986591,0.006055569460870691,0.4303096546950687,0.1146264133062608,0.09505144836845465,0.38582121601173974,0.1202919291335553,0.09038716481154253,0.20328975018227427,0.0027635987132784315,0.00029245581115165014,0.000668865327522661,0.007360389075614296,0.34955239640806696,0.004553110536209424
9.076012595484109,0.0005188124479410846,0.16813088706485643,1.1148690153556422,0.005417112676972627,0.015850942434117877,0.17004235741148993,0.17585437911766091,0.39781351843710444,1.494819436413495,0.0004731461899850263,0.8609032906197905,0.002918833737142675,0.1823694727383206,0.3284759345211197,0.00010828348562011757,0.5545314715778424,0.000325406567680001,0.0814307334836959,0.0058188573779770466,0.01838913510900291,0.08767506327566482,0.0671090891959582,0.36977955965746573,2.509402414290761,0.004572070489729631,0.019910658357434042,0.225736981896571,0.005444770635116746,0.002865847550099193,0.00011191333960038817,0.0068489185677691146,0.1955249883183948,0.001969293142086711
6.314319124551033,0.020702164548487677,0.06950120665864348,0.22530064446713466,0.599354127747285,0.04018316527083114,0.009939612975348686,0.007248807435554625,2.5620323344302407,0.001056608835404003,0.012417297229383775,0.00013645072710171617,2.6656024889442467e-05,0.007013494724317841,0.16553356678126657,4.662396561652229e-05,0.08787875894912783,0.0006424077264245355,0.05975300920242577,0.012108335703624032,0.00919041009523601,0.00017566297393549355,0.23859949911526343,0.45256682740674903,0.8416770994728124,0.023782162605853915,0.4945782064474692,0.14812218673573732,0.0064559635302385175,2.4116250143652723e-05,3.880692015393357e-05,0.0018447205496851394,0.21539876164790872,0.0009894273967380267
5.405965325251904,0.0004358892423484979,0.059939975461103065,0.016067566859512432,0.19306977111006512,0.028710100288216186,0.043854944086981616,0.0838015147759081,0.9996223615046242,0.4518867811892443,7.416950881211369e-05,0.005385601521900774,0.00021850859628308792,0.04945703006679556,0.16882197127330928,1.3703415043327252e-06,0.03214638808158987,0.0010037366287114742,0.015407368435893624,0.00014358399027572681,0.02924204053952834,0.2449874754252617,0.7598398394133739,0.956213013816059,1.134853999683062,0.0009641572712531938,0.038938144301318776,0.016449080268100172,0.01110086603550774,0.00021816264111240572,7.744481929552534e-07,0.039255383076315556,0.02375530322600136,9.845214373706608e-05
3.612827247994173,0.013205815818048689,1.6684181077643079,0.06811625980029769,0.06347921543126558,0.00509326163269743,0.08311366854106587,0.010864047400871758,0.05120216693396421,0.6959940060764035,0.029540013188814745,0.11949557925668089,0.0004561154497915496,0.0008430260586992402,0.034101508139055256,3.3780216710914543e-07,0.014611663280374327,0.00016498151872411658,0.004859894156838792,0.003056036730262922,0.011986135593928004,0.020668924709270838,0.11591977106494576,0.06971163649286036,0.16311989372891458,0.08299026757361369,0.04100079669838754,0.21279527226043765,0.01208390735712646,0.00045874434464913635,1.2151249302168955e-07,0.008837079033134201,0.006575701689201653,6.329095487877891e-05
3.1761142610493907,0.016514834126705933,0.14587363610116238,0.24493779678538702,0.007769845651333172,0.002205346048545977,0.01976368741613986,0.0032932294810609666,0.18647368197009598,0.07118689512073309,0.005395460421756087,0.16199320410408435,0.00013082633426465294,0.0016959684347301943,0.010135630600594164,0.00039915759863509253,0.003851247138242241,0.002902262047413168,0.001905625602651148,0.02920306429151559,0.017189214424628584,0.72351659717905,0.29382874666119624,0.7076490738834136,0.010839250160311448,0.003267717114471615,0.0018071285985539328,0.002759460478700118,0.063575427423797,0.0001371071839758414,0.000402782083388558,0.020099532949348926,0.41185282306990084,0.003558000563603055
5.641407362359734,2.1000101064636087e-05,2.0406977434799436,0.03782594131958473,0.23745502695866408,0.00034090219274236224,0.057083752159067414,0.00869274160406745,0.45873091073577615,0.00018324444795811493,0.012468330224823531,0.24358026634022212,1.6239599314945945e-05,0.007123372528856881,0.0053268203249513665,1.808862874294729e-05,0.0011633441550742004,0.00046925426494393415,0.010529321407051637,0.0018449043784460701,0.02948285579610916,0.14641285996562164,0.19425180881329693,1.6153698214506158,0.1430195271472356,0.0003248657041150928,0.16567647008642145,0.0060281955450648015,0.020256579042047747,1.654288765281177e-05,1.6133104428016164e-05,0.009807999503672095,0.18628390386053298,0.0008885946016243044
5.690068835309366,0.01046596873354878,0.009996221239093404,1.5750336525672537,0.03385062374139309,5.591559347301907e-06,0.12866331796764266,0.002234988543066921,0.20366608336785688,0.38265062794617855,0.01212617946628699,0.008163999545271127,0.0003735401189108753,0.00516745500177031,0.10227733738728143,1.697938984753448e-06,0.0003274225313415953,0.0003219088197656066,0.017678321158399294,0.002340306319091791,0.0029785787071943425,0.5217167695550111,0.34316491421839856,0.2709900112240051,1.4005034089945616,0.025876032860150833,0.030348212582256617,0.006936390689999676,0.02995063380307253,0.00037115316598332473,3.133220151888744e-06,0.0005960320176784556,0.5610150226180509,0.0002732977003653878
4.8950513110703096,0.03364479053673072,0.48092861538931686,0.4164410463368267,2.0438935046412547,0.01003540751195545,0.10571571145676482,0.027416001590585888,0.03622230610915324,0.08446350502507435,0.05345910467357324,0.10581419817776525,1.2953294927682561e-05,0.01303612990376562,0.005351707621254285,4.57382859308297e-05,0.01906750443245796,5.39139978394273e-07,0.0004277090918492102,0.03031724222692772,0.03464043097354164,0.09344994663520231,0.12677488065837567,0.014470520951485372,0.012173734846822621,0.05581584512144025,1.0537409176629515,0.014255570643280781,0.0026557619914337927,1.533843994794559e-05,5.208892899248806e-05,0.010298676152280072,0.010382702751670149,3.117986679266531e-05
1.9414123102307321,0.00015048059590633213,0.7551656387661465,0.2129434636889973,0.011562579253850529,0.00155572256473869,0.0004453658581672769,6.417331889876976e-05,0.09585084494482196,0.043675815326967266,0.032843759778525806,0.04324140253485144,3.5035718039181063e-06,0.003183452385839961,0.007162498719240683,4.020696291155618e-09,0.0001308798804178911,0.00018675687584050057,0.003536261941156573,0.0016009547503858784,0.0030119572153710647,0.031268541991183285,0.16800669553212877,0.2671708677867815,0.048558491870260664,0.00015395306916089058,0.002085672715297281,0.0006007009378137197,0.032107990599224284,5.025640221550781e-06,1.3597661574791185e-08,0.009778107549168335,0.16519434813993822,0.00016638480926737498
3.5074969805022245,0.005367209219269058,0.059913396523445676,1.1699731910063018,0.4054567904464641,0.02167462031399868,0.05743894061362645,0.018117975162805264,0.73885933495412,0.019738799058602662,0.034399519660748834,0.12809873662305127,0.0002322207535504167,0.013011692571563307,0.12060741081670565,0.00025894469961402876,0.0009781237453239905,0.0008159018032244712,0.004984154607367012,0.04938250297821703,0.04692895150917643,0.23904085153480203,0.032331055863011944,0.0067387624057126646,0.03640833132510416,0.0024216589739449136,0.1430208113134452,0.09991082933613814,0.00013739040028511043,0.00022126965665198955,0.00026867407094726656,0.02983178752988673,0.020004994715617737,0.0009221463094999646
4.3785255614866445,0.009816692876827102,0.027892788476659908,0.0427936072769677,1.2749266355096767,0.03069489511972763,0.14672537007902814,0.02288515193337377,0.3099321405321784,0.010884750869821455,0.00919634724375768,0.6886317253778592,0.0004630192770349195,2.7502530184274662e-05,0.04210808671673214,1.97560979227986e-05,0.020285941296046377,0.0004630911217865329,0.0035395838800826884,0.008915028653764949,0.0046720209342042416,0.14614505412426704,0.2074619287267049,0.05246118142140929,0.007454339217327656,0.02585399315156507,0.7268010058233395,0.017595288322453943,0.000905918343533798,0.00047208659741697,1.6323584497761602e-05,0.019613530201245503,0.5170415305212241,0.001829245648022514
2.606223409192105,0.0003608673599740715,1.1783378017922936,0.35520025046959464,0.274700843222421,0.007241582001084801,0.08452543223101498,0.0009453500090911641,0.07680214459549964,0.00023368737425895952,0.003922979662361982,0.0022928539416644644,7.223628713261451e-06,0.0021740385296959686,0.005726565723919335,8.912381644052403e-05,2.5613796100130066e-05,0.00022150976859082488,0.009307830525909064,0.0004737681089154448,0.04332204805643118,0.11905913508181355,0.01115994023527197,0.10873448976764907,0.01183470186536694,0.03262935810370379,0.1247339620562944,0.005675782418435454,0.0047458071737904355,9.466260548501072e-06,8.321454723417496e-05,0.015655403163942913,0.12522101324182444,0.0007696206622546247
6.1164436406777964,0.12371315986377421,0.4301161794375656,0.047620220174925405,0.4698386450426388,0.00502045358419341,0.3016273548260067,0.03611136386078188,0.4693451287507079,1.4153729202169458,0.04505730598677558,0.06472932182296676,0.0009355168382522904,0.013711152889983516,0.1946798523915696,0.00011822989942621924,0.08330881225603035,0.0030429752755939984,0.0019247091698287257,0.05508550215070736,0.07000125177218781,0.22788929944495814,0.5505872105016689,0.4146571037039729,3.1620038157588483e-06,0.08892389230271297,0.31721707110520553,0.09081470262135724,0.15273253540101353,0.0009721569780443826,0.00011868150861361232,0.034974859998183006,0.4054899417077764,0.0007029671896111145
4.8402178930497755,0.06382396619079471,0.040734684891200454,0.8668385142716191,0.8463717774028315,0.012384218437004208,0.12107852821384091,0.042207879195534904,0.004637892060376382,0.24732482234046793,0.005586721198671221,0.5622038591401046,0.0002685770750883138,0.07557959743068653,0.0026622840330823554,3.0677830855386135e-06,0.019572500043908137,0.0002885432404998541,0.0019779728294969444,0.2090360408009461,0.10142959831969818,0.4727672380805205,0.5392587137176971,0.0037382736115966664,0.09187882202090436,0.006593489299949835,0.42470644266038826,0.010502936968462911,0.00022360293643238554,0.0002740366961993649,4.094170746751185e-06,0.04572801230628446,0.018799168917756234,0.0017320167638986937
4.784983696537771,0.033708735012704015,4.832031504095789e-05,0.4991811574033045,0.2425341032245985,0.0073070606514940685,0.19750518720184823,0.06919767176554643,0.1256000673087077,0.03584038457576006,0.0821409669939238,0.027370787896917152,5.296674968595072e-08,0.06940601551021297,0.0013499077411443172,0.00012211294233977307,0.12487086732467308,0.0016633039092455745,0.001035860260963254,0.02997931555382867,0.06215033218836759,0.5174330171591851,0.021300662643018983,0.05972914931457749,2.0214768415823547,0.02427813298821127,0.09742554665905719,8.051604649974072e-05,0.009084041519244263,2.867830991119143e-08,0.00012033902838390348,0.06823220589174073,0.35448985983944375,0.0003211444403731295
7.2949741199208145,0.013310110849107232,1.3952514227008046,0.3448263518643682,0.2192497728225305,0.044596549095242466,0.012734985995723043,0.14903885423143837,0.5120076542633022,0.08238410675411324,0.03930559129403394,0.6709807471792416,0.0006483276414579317,0.11763484428573742,0.005042258957434382,0.0004184845654328633,0.3756024132951732,0.005225730362864453,0.03631741498112652,0.002886020210703477,0.054906197927734955,0.01681364297173214,0.5138411825673537,1.6464553717133974,0.4273082572246961,0.02916087716487841,0.15677313487468864,0.10729701569837954,0.1421899136546093,0.000641336883145238,0.0004236276794448324,0.009237246396955482,0.15733851794434853,0.0051261558696148665
4.5456964840716125,4.061975057192687e-05,0.04072085637378677,0.8622127359857721,0.12404836796848699,0.004885602539993325,0.016904263760416677,0.09603003159588666,0.0018871854334990474,0.01999310777941273,0.0002201775910479455,0.7703841357744358,0.0002380659347781616,0.06897340715983975,0.013388784206814237,2.335698723621637e-05,0.14331669415207132,0.0008681207772058481,0.07057752491107323,0.005357555518497954,0.12783881305737513,0.10387121272138247,0.27203507384999576,0.6618216549867268,0.7278591382488708,0.0012757311192124056,0.07141252402558977,0.008386506666107112,0.001581735222626787,0.00025297102125983553,1.9789237776263217e-05,0.0017390615057897203,0.32532928248896076,0.0022023957191118744
2.3763594454968997,0.007867084742960313,0.01571203304636355,0.0036321174236029073,0.0003423395498718958,0.007227259367103632,0.06625973899610958,2.7271567710030205e-07,0.9856917043559055,0.0019197486444143378,0.00011501300394718839,0.018714534120881646,3.396189307592315e-05,0.0021274379250575378,0.04878503341081615,0.00011424282227811927,0.01949631629360842,0.0006496159187792625,0.02552952402772553,3.442375602646841e-05,0.07328867534911389,0.1749570221404061,0.004145628633514343,0.37875800859258657,0.4491004079973485,4.571679544830114e-05,0.009223610287716968,0.006080970486579518,0.020850092035717843,3.994874941255778e-05,0.0001102198901312447,0.00040814287250368547,0.05482896332712999,0.00026963632508494775
2.659620181852278,0.007418619901848087,0.006557614326272576,0.010089463087552819,0.022409732035882604,0.014634973418262682,0.010212843779781407,0.013393732745453272,0.37548007791836974,0.17611944750946665,0.029533022174696836,0.8495113051879812,0.00044209564749315684,0.018003056171061887,0.0783791448631913,0.00013222294177682835,0.003244728421675401,0.0006583516050962159,0.0076287286862088384,0.00025796314143706464,0.12568973820516688,0.060739878076899824,0.0444519146610472,0.24712657330757398,0.25465937623752627,0.002681116577960379,0.0020048689421059687,0.19261068542883153,0.07932226991404452,0.00041616528283437693,0.0001462084300614971,0.018940909829174075,0.004466108764408604,0.0022572446311343525
6.441819171340946,0.009729582650668242,0.34157899133791686,1.7859065395521425,0.24741199945083797,0.004003389023559733,0.054817669145018864,0.0006808916951239544,0.12898721593756562,0.1745793544850487,0.030675051255342246,0.7139636674048149,0.0005799463921854098,5.295219417964634e-05,0.06101333596816282,2.4804593719224387e-05,3.7921851646772217e-06,0.0006541176379231102,0.002883891500610492,0.006939360409927944,0.03594567612254466,0.6259538442662973,0.315855682801124,0.10324860142231283,1.4704376069674423,0.004524686131597621,0.15198006640120065,0.0007085642414951009,0.0275984579243866,0.0005810990043340893,3.019733245853265e-05,0.11094862477565431,0.027521867050374117,0.001997644079811023
4.136482940848295,0.0030746419930428354,0.11981143281346668,0.5537536472084473,0.8368540873922115,7.056885807052168e-06,0.0022859960938909664,0.002369922968959499,0.15414140282762473,0.2160669222125493,0.03701295699677088,0.07294564740657743,6.564179197970815e-05,0.0033469172005606966,0.0068966015539339435,3.503841624581552e-05,5.736403304150028e-05,8.333610219888023e-06,0.056698427157206445,0.07523406700169222,0.009043164647078527,1.0098754609733798,0.08648282444107558,0.07801767316396648,0.18154487117420956,0.03399431931220616,0.4734338720880349,0.007906466574744558,0.09786955625953453,6.568728414921305e-05,3.234719166301328e-05,0.0034242133822683755,0.014125484416739907,8.943750165945004e-07
4.746293874910893,9.541491227896627e-05,0.32746014673912777,2.0418577802919806,0.12002235615322111,0.03523159547144206,0.062135608432806785,0.00587124333379987,0.5343971195111443,0.06084877206207572,0.0001557560196135759,0.002775501094761799,3.733867478622624e-05,0.031246387599626026,0.0389373885883184,9.036559462638377e-05,0.019333831852689446,4.985386279504714e-07,0.0039061514160985073,0.02619721821631096,0.038934404508300366,0.32604102466687357,0.24100705861444452,5.582920372316141e-05,0.5173312138681356,0.0003533323286741901,0.032837264952729484,0.24345246045196692,0.0175311756806228,3.625530325052246e-05,9.163837320155736e-05,0.0018601929052055805,0.01603695238319674,0.0001245971672315767
8.219411945664532,0.0871223630151804,0.08301829704487618,0.010445089492671677,1.2366475576797036,0.013279098647602188,0.5223901245257635,0.13722004067184365,0.08940497913247222,1.5427903689061848,0.014973825423643313,0.00047125577273188105,0.00011501240686023588,0.132764050530468,0.0012056826343270753,0.00031964035714941887,0.28733507622844034,0.0029097993162637663,0.06397401293597492,0.08267283007586922,0.07178697905772059,0.8163434629996817,0.030311906794665278,0.6893553091535208,1.471991114133977,0.12868453143263422,0.5742197399894963,0.0011152033571798657,0.03477458048451437,0.00011581247307812482,0.000311953073619714,0.08934382034703225,0.0009351150603975535,0.0010633125089896832
2.3079802471439543,0.02230878143887503,0.0036194996730609936,0.2185744994770657,0.0015527556549974743,0.0007268646046898532,0.043759260991342044,0.10172618656008979,0.005732377325887784,0.12363364475666357,0.004218500006476675,0.1861426937556391,3.751166012503146e-06,0.07202242121391499,0.001156936408387349,0.00010340986617422554,0.12163934803425389,0.002691012837507745,0.021770917900692962,0.05072561495417148,0.18137938829994313,0.33653575510812317,0.21622764463373445,0.00799565598529967,0.5468455430058855,0.007371496481611607,0.0003752770848040006,2.0735711428283276e-05,0.0033247652100789316,2.4329755225890832e-06,0.00010394000439193587,0.0025446523121531806,0.02226486565425604,0.0008796180508183446
1.7708504442491695,0.00023555443669285745,0.14124784819914446,0.23133905804821436,0.16298713278124796,0.032178455449179647,0.03175041475439106,0.0009717003356385663,0.340246065431477,0.13694184024489486,0.003973903244574049,0.0018158664697095783,2.8204539486989112e-05,0.00024279697930282426,0.050792057107265226,1.0862548402079382e-05,0.05253153535437784,3.7102924955525155e-05,0.014311790246371475,0.00259149960291029,0.09525814995783824,0.02454927957512641,0.12157576757232136,0.1213372035010402,0.0002488747797413859,0.005095044702486498,0.054440246298095636,0.10691079627664778,9.52581350498749e-05,3.0287120235116073e-05,1.431897656299971e-05,0.006745542846552141,0.03029333275415997,2.2653055075003783e-05
4.994454337995388,0.00012534671799685915,0.0019914457183867955,1.260661072973644,0.5159827801198843,6.294412334857507e-05,0.04775542747295827,0.0017547556357818237,0.12447856111168651,0.2882160066195042,0.08059123204302618,0.24572187997948183,0.0004999448415645385,0.017512157909709225,0.029070737725419148,0.000133996423567972,1.815989378795805e-09,0.0006414877602768162,0.015108806447325545,0.01319098502921052,0.0008149483811472263,0.8264877447690742,0.00023654358109898534,0.009045802609317541,0.9804170005529625,0.0013280169885587663,0.29977664689063394,0.06472442454316846,0.0375544365757519,0.000490374398599863,0.00013219914011154707,0.017588561067682324,0.11134074480595192,0.0010173232225666015
11.22992509341739,0.025853000738868107,3.557660412080771,0.00287198670818545,0.4762137066978777,0.0008892697259284227,0.024166529068452083,0.3648649088743331,0.4043357667032253,0.014474969986997634,0.011569597512834937,0.12244055893297716,0.0018857268929253668,0.30039449705713,0.2740975284986093,0.0002205474671343194,0.7215385478417039,0.0009777750909496946,0.02373826319962654,0.10891748327052539,0.3685713982332974,1.03455515857316e-07,0.5416805781110015,0.6648748144934973,1.2829814482021795,0.0075842530764727405,0.16261278278320818,0.04011487067631144,0.012174151900428745,0.0018358804271616355,0.0002171526734386386,0.13541900197072596,1.574591317332987,0.0001562637321110914
4.11376876607389,0.005266116892948324,0.69618871980439,0.005427990782056614,0.2645889336466005,0.03245797145001893,0.034386073414690035,0.15797272543988977,0.4842117167748921,0.17483319873278946,0.03398083596112257,0.10657732669348814,0.0007140268067811019,0.0650288579058249,0.07032614986865865,0.00011785554742092088,0.5138967810599315,0.0011129774857545527,0.014560381455503497,0.0579829213946303,0.30156994527027053,7.157592659761024e-05,0.012078226025891743,0.1851123319239939,0.2717615136157594,0.0012651479308602527,0.19201651300570619,0.3219634644101355,0.07605390454056961,0.0006974840112957126,0.00012547932741223386,0.0030684050640409355,0.027760523335428024,0.0005926905685359466
3.323954114890292,0.005572523095204729,0.3832567376985068,0.25682491322670686,0.624512442612704,0.00031846720681348085,0.0059084539710481995,9.253190664356186e-07,0.4601827212198198,0.09492887004439693,0.03126994738240486,0.008553977543031334,2.1299731366894164e-05,0.00015069238414191496,0.005879893569146909,6.1792424657888395e-06,0.018906974657976746,4.964687584656311e-05,0.006957078885531186,0.00014875395675765748,0.13546502523961954,0.0409700062240972,0.02899458044910438,0.44559345346976215,0.30834342409145754,0.0011072855989316868,0.390857571980005,0.008865005332769262,0.02502736105106224,2.195077816295296e-05,7.960182497127106e-06,0.0013804681621372853,0.03386927356926511,2.5013848315376347e-07
9.166101328658733,0.009919226595653599,2.528101964077036,0.0011760492230680167,0.5845400073540489,0.001088155703661728,0.0396474107416256,0.021527223927220226,0.04012856244085819,0.05476297176603267,0.023154370981796565,0.0026608548786771114,5.531893444607036e-05,0.03838794834474944,0.003091256414770471,0.00027954151654923585,0.0027736348549415963,0.0016341329313991132,0.0056931929314995786,0.0012327645837274031,0.13105652594967557,0.011939491075152344,0.021254472961033777,4.894636088056296,0.17397849242251603,0.05508137202226533,0.32725367801675104,0.06959367681835148,0.0032222047602729733,6.361011636630928e-05,0.00028100796014100506,0.017475178226425837,0.09944334752831645,0.0009675945434072203
3.6989055926007706,0.029751666943089127,0.8611190884512129,0.6075891373704163,0.018840785958863192,0.0011568498986319802,0.013820624983569636,0.02592213236399307,0.5188191409043801,0.006299456516031702,0.12936606670413484,0.0033038752324528993,4.263837357172349e-05,0.016277841432963184,0.06484797587971196,5.415322229287914e-05,0.24769111859312443,0.0002115164315523131,0.013404009864085187,0.003375892695074845,0.003006327097711158,0.06342028465287963,0.055217834497076415,0.6136448424719808,0.008888281788174957,0.0019568993483677455,0.0006494980935295109,0.18262564617254406,0.06940626489037421,4.493315556342662e-05,5.789582207355021e-05,0.010615227903471408,0.12725887819469997,0.00021880669317146212
3.4755157447317475,0.002903304053348152,0.00014856242478778235,0.1356692186176908,0.03724033157114064,0.006216276281172783,0.00824355886266835,0.017818897894774446,1.8793147144588045,0.20729136756019478,0.19927194359444655,0.01634535919208442,0.00035168413867224106,0.002853783525956015,0.1872865866884389,5.639364960421776e-05,0.03305769067020318,8.846901542741996e-07,0.004589173017923827,0.006606446359529035,0.0038361879915942794,0.02040598926565862,0.25574526161982913,0.0359272380124002,0.191949776076429,1.715698168738759e-05,0.07166782111984901,0.008051635314746237,0.1332311416549127,0.00034057162400442324,5.54484972826199e-05,0.0032606386986267473,0.005710952898787224,4.9747724345042636e-05
2.1317875249451097,0.00038087111059576423,0.03386893066648271,0.21308771207564686,0.07804980345446004,0.014298338509823039,0.06009020839759214,0.03693178368690227,0.4148385741242433,0.443062027198748,0.0006007809619860248,0.0976951780930929,0.0002257479376492214,0.025490217676344542,0.0005798515228055643,4.689780621895793e-05,0.03768593743535153,0.0008050919264740684,0.007095376797072984,0.000494160920879056,0.05777979296958028,0.057634694995353564,0.017750857838995854,0.00015008393594805053,0.3875818024467049,0.00361416370553416,0.06661407338188964,0.021130052237163282,2.5093042008388543e-05,0.00023206933473439464,4.1329602282046945e-05,0.001783719540988754,0.051843745451931,0.00027855615962654083
5.819579148595076,0.05169800005184544,0.8955927056204463,0.3091589429234376,0.17625816012367962,0.008499270896692215,0.20917634519648037,0.010912728788225618,0.23076112778695843,0.8917512676416746,0.012107207647018363,0.096697902014627,0.0003174930596406201,0.0128064345544238,0.1039253426618022,0.0002102702065831633,0.11043064591975316,0.003710851450259891,0.05344172921953214,6.228323483047753e-05,6.561053525135413e-06,0.08361832520448177,1.2211457314813692,0.14323511552282292,0.4765636526229619,0.08192409446328919,0.1246409195498724,0.07026102800896072,0.003566400979540429,0.0003162950083367132,0.00020148641041500308,0.000570005014495282,0.43160120900700355,0.004409615270091002
3.995453251198083,0.015054742157870107,1.4615589685254984,0.288685768411551,2.9113500520555582e-05,0.00037144316862639486,0.13193727650302012,0.016313776841318017,0.09362787544461398,0.19370449452429533,0.03158185596036277,0.004352289288853311,0.00015708242252055607,0.0040267447291402626,0.003281941521893995,2.2333718155607584e-05,0.041582063604625054,4.206709112717031e-05,0.02066479352378382,0.00014581116591329984,0.007053361217007947,0.10794070523422813,0.15874279490612497,0.2983668847435509,0.7389102019632984,0.019431857882023663,0.001039867906957839,0.13318234832143974,0.00944735971000228,0.00014923178720786275,1.7859266101158072e-05,0.002049354695138529,0.21048137052394048,0.0014996109373715029
5.573608389232162,0.0067861233360635735,0.02731188566841543,0.10630480822556085,0.16310681470755795,0.019547941661494962,0.21352171669276046,0.02272447253013112,0.02243822604196582,0.6191344368555802,0.005580287381589385,0.8815970391202457,0.0019701955386838767,0.03500050938410564,0.1253966687102256,0.0003219496126097401,0.04799612017451151,0.003363328360601314,0.00017428695103127603,0.037801877927158,0.00026297738109124495,2.468567737039367,0.08903049922836687,0.16281426468002982,0.035488223415669866,0.009358208773842474,0.09028997105001824,1.7440901635833437e-05,0.0030667700087120965,0.001944004033835917,0.0003176499003131687,0.0001863582667810192,0.36916817637827193,0.003017419293934538
8.809870438469614,0.0009597553552351054,0.4113876785890019,1.1385407084101102,0.23337987483699132,1.964040942923557e-08,0.033854767548266135,0.0173861096482572,2.575761937240817,0.020456410430746707,0.024103491395830533,0.0003639481724521303,0.0006506748832398802,0.0065425836777852206,0.335278907432742,4.2034162732487856e-05,0.07937800856247973,0.00013491138607465237,0.002173859033493746,0.008799153180219291,0.030315500383037826,0.6654612427601209,0.5476708926977787,0.04685038438578752,0.07858160965296766,0.001952217082000595,0.24748927850493113,0.006777781521595165,0.04693036449609717,0.0006575751260131488,3.74178644970737e-05,9.969086477250156e-06,2.247911486362133,2.9884959293185297e-05
3.2582092133117384,0.016808971778429615,0.2205755306781466,0.10381932858611621,0.7943710919844978,0.003234357306422807,0.0337827432544396,0.04951119490937017,0.37448253059134756,0.2213025559274425,0.034659187368710584,0.0012656045022199714,1.1158475225275719e-05,0.023818190895519543,0.013131245940090503,8.165548626591474e-06,0.04557149664269297,2.8463182517170356e-07,0.034018869325543724,0.01278348932364031,0.004111817560263504,0.4385232525056809,8.992263254422831e-05,0.032601589542973396,0.25559033702659384,0.00854510570022111,0.46011025568654873,0.016152111128382798,0.011069272905158257,1.3518542166697454e-05,5.1430234636772696e-06,0.02060257132914751,0.0274015912847392,0.0002367267735477065
5.311665364972731,0.05409393541831184,0.359779359742229,0.08455240985501969,1.4973047471391816,0.04737727545722423,0.21801901678478694,0.010258344638989796,0.08675756342513008,0.2517897786095568,0.13031070873738984,0.10923334651169914,0.0003092373331149516,0.00024602233952173227,0.00534025070999565,1.1672261029577228e-05,0.005307344490062286,1.0413363473514008e-05,0.01415567202621412,0.07018824658965102,0.060731602292370984,0.399241544049658,0.0875096917657174,0.276106321078476,0.5933401369320755,0.0008350511899025908,0.783530226619675,0.046836829089752625,0.07334444471453687,0.0003199801365755198,9.433964011967149e-06,0.025646860542410208,0.017898017244582416,0.0012698799204042272
4.717443903706541,0.00019733034696394036,0.2912687847513371,1.1759033071389806,0.06510897187115935,0.00015824588741600616,0.033105208266092236,0.014788732293128493,0.022027145721297426,0.4097912387902201,0.007753910326318298,0.06990641884223799,0.00012448878092383581,0.014782766413969488,0.019594984843524794,6.965158561278041e-07,0.0037858714064448232,0.0003791709921710724,0.04666727009365415,0.011831374373538761,0.022548136416858034,0.054022573682931674,0.06128877072520943,1.1721472999068447,1.0948764396929787,0.008264721556112119,0.036804881685853455,0.016070954228927754,0.008027210793525329,0.00012062472068141946,8.821813282655284e-07,0.017266187036954248,0.03839372208362973,0.0004355813394713733
4.4412229251775095,0.00016225547711499517,0.16602421322702962,0.1867393515603362,0.03503495749898081,0.0034451560190691664,0.019305047931495393,0.03441444872436959,1.4753894392077318,0.17868768873412447,0.00867307187129605,0.04368907719070486,0.0001436760263233559,0.011066268013828685,0.12533340805267995,2.129714727330125e-05,0.036836730326806774,0.0001845505314807335,0.009066845743807285,0.05807494642439605,0.009800712754266559,0.008353802642853328,0.07701809562260739,0.02392579592207659,1.2952273951521134,0.00035247893889219753,0.06537023764508498,0.005939892452848019,8.195295432863001e-05,0.0001367406681888297,1.8839496278822325e-05,0.004399619202210706,0.5582912739379934,1.3658078917816357e-05
4.435162302750226,0.011873665977716455,0.13692624379847987,0.5320076846417506,0.18944897335429173,0.00024973408119853725,0.2112633311506099,0.005774537259044333,0.6293942495507934,1.5219563172589854,0.024683960793994205,0.06645140720523021,0.0006677183921359529,0.00564696550770005,0.016940192378836542,4.823142247084851e-05,0.0367097662656657,9.143562029845932e-05,0.0038029164266840383,0.008554525512718318,0.0017953932426691289,0.007420762915095762,0.1707190367066572,0.5185418958770375,0.18104243744461562,0.012344973498934288,0.12874475039050975,0.00036526935525320857,0.008581249013092642,0.0006450515236789358,5.4208481785054614e-05,0.00013693100952280103,0.0011970541892175046,0.0010814325035511196
7.069093854589304,0.016500004124769308,0.0461263309136303,0.02482652811781558,0.3931952085334283,0.15739431179424065,0.593208946674123,0.003659231670190818,1.884033699811855,0.19514718744900955,4.594739794063468e-05,0.2828825222581461,0.00017481785120742935,0.012015378190279653,0.04675679719062762,3.101967002525253e-05,0.042405266640576735,1.7936872956201963e-05,0.00705835432221539,0.11785833063158956,0.004416479744700384,0.6568905154469364,0.4717422969881449,0.14566624586049473,1.2191484891168143,0.0059924209859697755,0.10144416450425708,0.40974544327349804,0.04572520228596167,0.0001701109021668257,2.4579299562735213e-05,0.006802953152354718,0.17698820721768208,0.0009989256961333152
3.1453003623899822,0.0005515816780667439,0.05248324469609482,0.3461062828175619,0.09004280897405137,0.009711448279470358,0.010445439569016597,0.004783364256483008,0.006053515687890354,0.8681924474482939,0.05112773158831567,0.012556742898811781,0.0004030997788573382,2.382627585331781e-05,0.03869459015319229,1.7057290134716202e-05,0.02411182146939638,0.00023573444473726321,0.01071589837169273,0.005793185836334446,0.013737406287741125,0.4042864081934089,0.027775677283319172,0.1667019536920021,0.5843586382592717,0.0023444999339300794,0.042274782059461495,0.12241638662053562,0.02558274847010385,0.00039546474363641015,1.522903736958231e-05,0.002311689211937245,0.2209518593187558,9.779776425403436e-05
2.0496158210263484,4.276892684287271e-05,0.19122035748659694,0.18323473098950074,0.0009545368939610667,0.0016968917681501395,0.00018949905092179655,0.02973345932540878,0.3054853257773003,0.014458228934143101,0.00020346582180834214,0.11355008071297698,0.0002295860097201447,0.008068276282626059,0.058007351351755644,7.211659848273077e-05,0.06394162916221821,0.00011644972524935789,0.000554084578493098,0.0014940925256345168,1.7912344789469024e-07,0.21412599268032773,0.013394857436810072,0.013336140613366975,0.7274468572787547,0.012167297929622015,0.006086856309035961,0.055478697039264294,0.013880951747813453,0.00023183645452752965,6.481893057652665e-05,5.846501046318983e-05,0.018414947350545278,0.0016749912000022166
5.519172510752457,0.0018920990566544857,0.18265993684617896,1.6410047189209696,0.13437291691031145,0.006356823599549104,0.17205794203009656,2.3987491629636912e-05,2.4054532722296154,0.26332381625594203,0.00011737268627972413,0.020550252804651857,4.389177910183518e-06,0.00013770935610429714,0.05355598264097405,0.00026636373838170656,0.005264613496126571,0.0005264775816361128,0.001464824836235773,0.03153957588305116,0.005913470703698157,0.039506137639786346,0.016779671966454846,0.12796142210696992,0.18973617079224955,0.011365891859653404,0.1477287461591127,0.01420445488006462,0.02969265209083558,5.0072359486011304e-06,0.0002734554497657391,0.01278591819580201,7.060998042562862e-05,0.0025758261493909916
8.037228723777785,0.12434582909718783,0.1911949791018335,0.009975842207171005,0.3060927312868473,0.006244045161722985,0.7350610796018824,0.0009921740835654865,0.010444730708307584,1.007855690034433,0.0014664071750998813,0.4570096528668034,0.0019240531049978394,0.002753565091687188,0.2157528850853658,3.8099957400913345e-05,0.0013744733737458509,0.0002526128702233947,0.0025549398702035026,0.14058809747508338,0.0015429497797517665,1.529594323880123,0.12832608884404786,0.594822237268858,0.1375758778909296,0.042202939094885684,0.17517526333617028,0.055648457189490734,0.013311308448533654,0.0019052519589283154,3.723024875681696e-05,0.005324702234777205,2.135784408135724,5.5797313245971406e-05
2.8989336493146625,0.000516401634706838,0.0058913705551919045,0.01262266671183061,0.05475918102566771,0.002670436387513175,0.14334361996530734,0.020694578607623262,0.000740783377987059,0.17165622163679828,0.01138462649085831,0.07781523497589914,0.0007824823498653602,0.027215890176038957,0.11247252557429739,1.4475675961036166e-06,0.07495349883431489,7.65932326519043e-07,0.0037853217933263373,0.0005570221979722182,0.060372286322483856,0.7573416205530665,0.11223996229835971,0.13381144964777247,0.08108161628573411,3.896182172481828e-09,0.021948753184092135,0.0033446904375004083,0.006236446080365001,0.0007851889362896217,1.9165757350730555e-06,0.03658056907502676,0.9633184855626871,6.5846642458824495e-06
2.908499753535167,0.004581824331946588,0.023596332936415883,0.04366601234188895,0.039274626118170605,0.007299466579728611,0.2005904669811416,0.01877878321374397,0.3513546255630004,0.5847357764871461,0.012447379881160141,0.011180738172547944,0.0003455635867581511,0.010385167379742174,0.014073612505951235,2.223452624188243e-05,0.014401180438672303,8.046800926305797e-05,0.005807882234569489,0.0025191742339964944,0.03912702605129875,0.26282284644111725,0.10193871293571859,0.6751167929643437,0.23203286676782026,0.003464417628033189,0.033112845564107866,0.017409381460115142,0.0023227709057865834,0.0003245295491145557,2.3327393169445652e-05,3.8906478192714177e-07,0.19537507711368918,0.0002874541739852473
4.067252547899093,0.0009157828926653675,0.12593555802193454,0.7592631323992358,0.0021748991062807655,0.001914908724075707,0.12318067182131154,0.02749793788319885,0.21606798763939805,1.077481608562434,0.00016397022267146128,0.010942320086774546,0.0009062574483283192,0.02770830849439344,0.1550637981771636,1.2980295869700333e-05,0.03340050502678909,0.0001519794717931265,0.009204383967057705,0.0004326664694057699,0.020548667003720374,0.46250536796997105,0.4759664527907875,0.06863218580212908,0.2618248059770633,0.00857532560072202,0.0003363956279305457,0.044619890480515415,0.0012794454620297137,0.0009184675412051021,1.4385271583105565e-05,0.007355436960894944,0.14224904020944287,7.0244903171672905e-06
3.9838640087347157,0.005656080368978695,1.4606644622020803,0.004940836003802192,0.00019568798925847686,0.0017587583187680645,0.020513741833959643,0.07064154349581274,0.15541009509978443,0.07130687509749022,0.013414363182938132,0.002989664396618474,2.315887467571568e-06,0.029527435783211393,0.015382986133566211,6.839351529105256e-06,0.13709041498215574,0.00032510248483491616,3.0594736819079436e-05,0.012856455877467967,0.028824339855805438,0.021302848463658666,0.005395867842639569,1.2659063169473046,0.2617790192964679,0.013306025994375368,0.0012201612659967882,0.2477530947629364,0.002331298191178542,2.6985486298061223e-06,7.679087903446556e-06,0.02623176288887426,0.10708841581429489,2.2654810644876603e-07
3.8084994155477174,0.05045718445615738,0.9396401922748926,0.03963583112456249,0.36524060548901416,0.0012970034061748597,0.04690241015456242,0.0852078512408248,0.4112710442204736,0.07927089836356388,0.04381505441278302,0.06515643824280214,0.0002487986178780855,0.04012567487722814,0.10345576777408014,0.0001960237712393796,0.24507945717531854,0.0008220609122407028,0.0028295273694136764,0.015270446420523394,0.016114888299549098,0.13549643637507214,0.017854978249247647,0.33761551155489594,0.5461057707521506,0.009576822081715258,0.13099133112581046,0.05233578196124976,2.3846538853712902e-06,0.0002444106566026123,0.0001872087847447705,0.0176751698564871,0.007244495599037932,0.0011319552935353484
5.339550048028971,0.0012354021724347447,0.001566545434190389,0.3932279106228421,0.390774835085647,0.09741243488857479,0.42101994606356585,0.002140081686255228,0.11901144709805843,0.17110629282890988,0.004035902026327235,0.5168557201608809,0.0009412829122555127,0.01440985209327956,0.020092709938283496,2.659957167711084e-05,0.05323836018191774,0.0010435686763160881,0.0003086092397848677,0.010212559426363248,0.030788321498416184,1.7845361785054898,0.3179944452045401,0.041003940030290814,0.00888103139752015,0.0034004998169491337,0.17124063299531647,0.210758868114622,0.0003666720113409417,0.0009283004983808876,2.083940394149748e-05,0.016959285899130757,0.5322119133206321,0.0017990592248359237
7.544300153842227,0.04031465733297709,0.05432925825080351,0.7203792472112772,0.054391380968297535,6.992088976209813e-07,0.2636161176071784,0.0004730468853561602,0.3411050245310784,0.9471111419119861,0.0004719720975988492,0.15102403226322322,0.00035989312900249734,3.5359419799917754e-05,0.02744534657016049,7.364296956474465e-05,0.0007559321293715498,0.00044718488485020054,0.011032620942251799,9.144388769788986e-06,0.04431115620498408,0.06374865835688096,0.21115364995831953,2.4048527849309003,1.6390925253658548,0.033913274330103,0.04211999625112672,0.037620938349185944,0.02683506291061945,0.00037507610388150584,7.926071104719314e-05,0.006119496869574106,0.4198654389114845,0.0008371318858192646
6.886597990147232,0.04690670325852384,0.690349096941014,0.6836598098100349,0.31699363851871154,0.010961340570206169,0.35782355054785936,0.021556542471948083,0.1672242906542134,0.6927729899619813,0.19954004161863695,0.020577832529116522,0.0008157458410243254,0.0017052954053404436,0.12988490731430805,4.0415284284248166e-05,0.055970448826621354,0.0016879402482691214,0.0022948892083546808,0.016551936077428286,0.006927930283434847,0.0868434291287616,0.6348726221312819,0.414309749843542,0.8494127518219501,0.026882144217802693,0.20632064964944016,0.06073360553295042,0.10305271884591842,0.0008177051886112924,4.425384891557935e-05,0.0036767426509141314,1.0750477245614911,0.000338547354341124
3.582906590365479,0.01269464596933257,0.12492250837839802,0.49367741568493717,0.9247792871267481,0.005400809742728366,0.06946956355758341,0.018894418577241563,0.18859558200193385,0.48290751687656674,0.008034083997064784,0.007134090198613956,9.610088770358907e-05,0.019440790611788807,0.007655539111460783,2.422346115361697e-05,0.009548857395644088,0.0002561352952909259,0.026464311292086023,0.005758798715455125,0.028389898535895946,0.12712203280918113,0.005506727424613266,0.12083307359384027,0.18317933020094915,0.016658859050886758,0.5177640866426965,0.027858015048135044,2.253639411247317e-05,9.126773115512809e-05,2.6635019103809573e-05,0.005034198928185767,0.1445223522090444,0.0001428978959478218
3.2129154285723356,0.0007401589651869292,0.22728469530463674,0.7287381147883341,0.00024713743788025406,0.007468022293435471,0.020554559592442484,0.00014534249387960132,0.010348543590189429,0.0017400996913551653,0.02886559868843441,0.17297298469908642,7.712809913174022e-05,0.000933814594341708,0.0030434182653006213,9.487119809059871e-05,1.7026298780396694e-05,0.001271952773227265,0.0010109387505096111,0.032995848712934484,0.0008518282973389838,0.7636000681154836,0.17177176168860064,0.0003370550389948326,0.8415389433808643,0.0008666941618580937,0.0010149319174811054,0.004973368626295003,0.05091712138380746,8.09972956199977e-05,9.025656985429415e-05,0.0014316294330112107,0.13559743078072273,0.001293085645225638
2.330461949339871,0.034494097611103065,0.41423523555112574,0.0004452168058229992,0.5709880030995026,0.0011855163012576624,0.04909107457108547,0.0012902380250154257,0.08767017418139525,0.0005816321915777186,0.0004539299652506798,0.2687298801973724,8.894051210677856e-05,0.0005271068087591389,0.004570069011422363,4.098851056128798e-07,0.015532571718861129,0.00020207307423972492,0.0001513606574118924,0.0002665612465630217,0.00033657575238710404,0.0016980928236007865,0.06977844490263456,0.01875741679901204,0.12658925996247375,0.011024311403982396,0.31263666484686575,0.08525690441765091,0.00315694365031383,9.52750612692345e-05,2.8090778118478875e-07,0.03512374175904092,0.21538007221635885,0.00012387342152064276
4.333447486052038,0.0013260456796608342,0.6402384784740168,0.0371110211011518,0.07500725023854238,0.0007011216138770256,0.0009936717912612774,0.006327946942579758,0.6601208469235189,0.037527485995532836,0.0013486225671801928,0.17724492676723547,0.0004133575253205648,0.010143365658850148,0.07057755209790213,0.00018174158058074406,0.016263914923294032,0.0016197625694879302,0.007437280337241386,0.0036405670652241272,0.038119815212702975,0.40463875049910986,0.04207082560092053,1.383164811718044,0.3850996179047393,0.0011959785654388833,0.06937826582491402,0.014914501245105552,0.00830044432691678,0.00040774280043970237,0.00018609074117856422,0.00022326450170783883,0.23629944393027652,0.0012229733280852617
3.4530413709076946,0.03889487186201376,0.247461421284561,0.024091458282830675,0.019082884808917712,0.0711280011902696,0.005568383378951186,0.027066460288669245,0.7676637302669086,0.09556804303532342,0.03739801030612487,0.05898584480147638,3.8862188271827316e-05,0.03448747101011427,0.09073720703562142,6.051822374382922e-06,0.22190396763101108,0.0003738815167670003,0.007734592689933358,0.00595025428409731,0.06352985121726225,0.0519080136773019,0.07373152710376336,0.611156197297137,0.0051351404609415825,0.017387034749000586,0.03140754685496137,0.7105272226050472,0.04372282597476268,3.969779495514575e-05,4.981804430004111e-06,0.04421764002261834,0.04606239581172067,6.98978495556668e-05
4.614743711997736,0.0017721221501563922,0.2904510560067227,0.09506782060238538,1.1319913585282175,0.04643274000357618,0.08860802870140096,0.03247529327562687,0.45305573642207514,0.019253614594036624,0.0008503326494252282,0.0015268140485009696,0.0001400797101282233,0.018227559016057545,0.025844454650154378,2.0258380314410947e-06,0.4014780424789574,2.1179693968201604e-05,0.004042966558603627,0.0012368712196016794,0.3409761151607332,0.01947868284212561,0.0847851528998404,0.02328716158816286,0.06376125160183517,1.0460748631483487e-06,0.6803243486822426,0.4562238324873221,0.0015170728444766927,0.00014505727599376832,1.8384787629126307e-06,0.06012657618971029,0.27150400139798453,0.00013347832605624244
4.4888853910868285,0.06743606668998316,1.272189998389816,0.00031417717385374787,0.40513708437419277,0.0014992708995298857,0.05129441128425656,0.08486900556842726,0.000276617320472807,0.035292168208488135,0.12806006053941052,0.04908264498408525,4.655037197271278e-05,0.17355870186000083,0.009750720998962544,0.0001673409030031282,0.30931285564688416,0.0017167907082623174,4.75683618857072e-06,0.17966071521047475,0.289228153619111,0.018018360527713623,0.030032499338262277,0.3558645272131296,0.4754551951279488,0.04155985550487212,0.19860111668472405,0.11269693693989861,0.023337981896788866,4.965970829955958e-05,0.00017048936681307358,0.0028634588417337813,0.16995524686755797,0.0013819714817095124
5.510653531607696,0.0499053662802862,0.22571561724080916,0.0028537792266990418,1.8408456920834073,0.026630841071520955,0.3725146591330669,0.03894846229081085,0.09896988075658492,0.28672150556223236,0.018376099046303232,5.4090541277252714e-05,0.00018511650946668472,0.04776311684431325,0.01766056382336157,0.0001265712257396951,5.377025069890314e-05,0.0014309698886625268,0.017657949577636688,0.004109474326485067,0.04234090685240577,0.3613506264392579,0.046740369270243484,0.028754456346248427,0.49185410468790297,0.04513631597130193,0.9848299882331741,0.03802567755553704,0.007050028397208903,0.00018813316105296545,0.00012712930121430688,0.022052517181116716,0.39143827895824707,0.00024147357342165144
7.286338670172115,0.004390995190795454,0.07202000095476714,3.930993716712519,0.15530362904441938,0.028509696679014797,0.16784920479831122,0.004602259031490224,0.964860578177292,0.0027792039686983603,0.02776334235928678,0.05449542665041417,2.31268381489679e-06,0.02788499324603878,0.03918233621126842,0.0002793174891584337,0.039870064009439043,0.0013592406826700503,0.006684637982876726,0.014574723182462052,0.07976953848187049,0.013995941584493608,0.015471835778914155,0.00024956505874702335,1.345947827902202,3.220439343365716e-07,0.04240591807790971,0.13668382259123735,2.713577736925087e-06,1.290322452359132e-06,0.0002942837810587086,6.17016155735611e-06,0.10763396256861958,0.00046979918664401314
3.2890501383025064,0.00047621087281886815,0.0008232755006182266,0.043901368395409736,0.02733359874604017,0.02330421123797846,0.24642168624278984,0.004440490792893237,0.0008038974737105014,0.6346360551739073,0.04424907314816667,0.0016939292385462039,0.0007135144335159054,0.020712376107572424,0.08142518264431751,4.932381842312723e-06,0.04809896499393556,0.00016860917665320033,0.03515148034259768,0.005360246650920057,0.08872284318368577,1.1518533347882884,0.15166071737390366,0.04052026801891936,0.038577169442344496,0.001413535734027268,0.017186998160601204,0.21168458354751962,0.05925095129077945,0.0007307850846906079,3.832070721218099e-06,0.0054673079702800735,0.3022287660626913,2.994201981972195e-05
1.6946740715347237,0.0023831305791782,0.0773981917544877,0.1725954036599676,0.16848453156671486,0.0024331192656852313,0.002623650789639675,0.024283150304307,0.284649998271703,0.07593150425145305,0.10753787531690023,0.023155205305894398,6.839914387282578e-06,2.207538334185138e-06,0.0022721715205909656,2.8705224038645686e-06,0.026584943991363855,2.4319981286321957e-05,0.04128641482167487,0.13797923429005723,0.0807576124787272,0.007062926914545587,0.0138419483032947,0.08712339405912664,0.035210372463122495,0.0014666014122917189,0.11383945573269116,0.04411208962581879,0.12557330829765467,8.689595970883234e-06,2.8667539920266267e-06,0.00020975166263572097,0.03580010745293482,3.0183135887767437e-05
3.768189046968833,0.00011617140022448953,0.20074663206687404,0.14535340863533416,0.5827535020330643,0.06678169228791105,0.21120580321348476,0.003919212239929046,0.4397330268663043,0.3175073372460013,0.1266132451781661,0.0817092108243017,1.0479488160650946e-05,0.0006604664797749638,0.03627226567837288,5.2879397633727634e-05,0.028964657069718198,0.00013290606360696788,0.019536449455316594,0.0015364330225081677,0.31602784239391535,0.15613469679939512,0.011213509487878765,0.22608461210255396,0.11420995088180788,0.002085481467635233,0.22818550893698403,0.2927061131042311,0.052927121446727114,1.0597765034512218e-05,4.8335666031339297e-05,0.0011167262678175608,0.10370226129782746,0.00013051070430595096
5.702635415642293,0.00711921939247641,0.7590843025005105,0.4533370329958442,0.2349119136107375,0.0026494351252193764,0.0226394359793004,0.007919351670775981,1.215040528074794,1.0095639715099431,0.0036686830326607325,0.005439651938184884,0.0006733056376034003,0.01148364648266319,0.12672723055633528,0.00010060371891746955,0.04666326556764778,3.0460526684771855e-06,0.005300601671342815,0.01517336045874443,0.09183327549357827,0.2627616810248381,0.27832478216485534,0.6826039355962045,0.010805283703733105,0.0009767891337160476,0.19457674945473818,0.08273079709908486,0.018847965590567214,0.0006841820949750263,9.517542697931547e-05,0.027338486353213978,0.12346222979171191,9.549673772617977e-05
5.026283030428002,0.006632879905737046,0.12181488272529838,0.009459643109370332,0.022113212400206184,0.0002559770130031596,0.06680785618586593,0.03919327539348054,0.32586942566930777,1.9028957260824846,0.022467958601656676,0.5987978925946695,0.0015200945608057528,0.0691317117384825,0.18820563020458475,0.0001333984670195374,0.1986268358381096,0.0011711983881909237,0.00038461729364537263,0.004128615850432544,0.2253137494061334,0.29592035124695043,0.0038058116557022487,0.5762243804112421,0.2575633393916256,5.514212492033008e-06,0.027681408178747393,0.00572021741451017,0.0019578856389754406,0.0015306748510285951,0.00014463728216862606,0.0012765815296665246,0.04832447449734263,0.0012031726890647182
3.4569536253522983,0.0005738652144726059,0.12526568725998966,0.09986301218305392,0.3046849651845482,0.012423459098616908,4.1030765543102216e-05,0.030104739865855903,0.8663805295049668,0.0003061721768791513,0.09131860769593486,0.09470715600759726,0.00017101973823116092,0.047054040398323345,0.06593551817897807,4.6729583830908104e-05,0.2550302181612075,0.0004428910746185669,0.004797628110814424,0.0006174977495759717,0.041700979707021454,0.002256958784125476,0.0016524695420903075,0.12898662127355662,0.6154896403999043,0.016273484096626312,0.23476977426936818,0.2882035003336764,0.05951968262520982,0.0001782784549002687,4.130177985587122e-05,0.02081291120407379,0.046642281270532555,0.0006609736583186982
5.663737733178468,0.011803028418579373,0.14290157754420035,1.4866610645998002,0.3079106718977752,0.0035447680361292595,0.0074484508291215445,0.0338172920192199,0.1158223448382439,0.06373084147801113,0.0020286925922977307,0.37743777850104687,0.00011572635712661675,0.03268343021842607,0.00022292593437312356,0.00010586554917698829,0.001089480256081598,0.001511824744197609,6.138748111934085e-07,0.0068872003680134864,0.20399880799412867,0.0003347454413696737,0.33107473161094425,0.5456912617782316,1.7641105586021273,0.0032789205583048796,0.17614624184167868,0.030467772014096544,0.005010974655086995,0.0001219882547279149,0.00010360359548762484,0.003578016233445498,0.0022544834059464967,0.0018420491362605791
1.0363545135408716,0.001474121475403188,0.000162993187059972,0.03588024880442682,0.11836143085586048,0.0008057987714038936,0.00959550670650713,0.013941941971040055,0.32351079295804397,0.006541845120368477,0.0009525755888184757,0.04572095977108291,1.7013265143016263e-06,0.0005089782472187226,0.004113226494536913,1.1443199175772606e-05,0.021084560034323498,6.002866099036727e-05,0.004260485204735777,0.008164962923724555,0.14830235611947276,0.006927406966804845,0.007277047799444314,0.10302364951014921,0.014905276634456243,0.008659827295872415,0.08488479670175395,0.035079660685941184,0.0003999609424609857,1.7045793068902268e-06,1.3077064525608378e-05,0.014881967337900925,0.016842430103533028,1.7504980139246069e-06
6.319839724947845,0.0029989363475703247,0.37922441465097156,1.5332965620329315,0.3803513962472777,0.045768376774523487,0.1949004383523302,0.029586530085695433,0.12943784060683686,0.2904007089307415,0.039510373184833684,0.316594926682463,0.0007503921363940748,0.02595909121484259,0.051111106639740805,0.00010965428563358667,0.07088741235451028,0.0007137208380313296,0.002244464190952306,0.005852708667020184,0.03658209919210943,0.419610428464168,0.0027709325516002557,0.05094339745340078,1.6447468913085768,0.006039445076080445,0.2164448934266109,0.09784767723026001,0.038565420178323886,0.000750386960917525,0.0001026573291191306,0.002876316916094384,0.3016294846792568,0.0012306399580254476
3.6393665989964177,0.008835734233485316,0.0768060133386447,0.11943316021477858,0.5754466348058852,0.05480022737927114,0.0007496384101067377,0.0032896112445346165,0.03859741823371257,0.8040649705180087,0.004851534390056257,0.012975324087133519,0.00032855141149576114,0.000874329659208266,0.09926577085169931,1.0821995041600936e-06,0.08856329608998163,0.0005519459218933493,0.008635709262557148,0.07758897665019254,0.06737019608343303,0.1866789347162739,0.31924917315542484,0.42764020100017536,0.00074061253013838,0.008502124182273564,0.2627897075088966,0.38928244076453083,0.00020074015732948918,0.0003316452836333956,2.602299628826919e-06,0.00044611431406266927,0.0004521257656094305,2.0052332858294317e-05
4.722855593154513,9.193731943290479e-08,0.002066263404066071,0.6093738552912604,0.23673224030869172,0.021607059720445115,0.04541243907037015,0.01466867068278775,0.07717127421290043,1.040690870672971,0.005298107326267165,0.01379208843850087,0.00010705406623946051,0.0026867433275584713,0.008613856585908021,0.0002186066325251358,0.03304605706132447,0.0006271834800316525,0.0014290391305707628,0.026306696174545306,0.0003734374748687014,0.08270861049265466,7.0869911486772535e-09,0.31338808162323123,0.10601992220840242,0.001393338469807017,0.11332598928412219,0.19578529450973575,0.007168358058874708,0.00010938682979766987,0.00022755480288523674,0.017091065602189582,1.744673663378254,0.0007426858084155737
4.017331659012566,0.016038715008941905,0.4521211070506059,0.2673695577706185,0.06682897684938648,0.005574627304570366,0.004892968751818406,0.0027207970801928273,1.591725047847621,0.03380959175746753,4.9950539249633026e-05,0.38011550943883193,0.0003617681966400811,0.029102616895374925,0.14021787669617017,0.000159368349132408,0.01553479356345718,0.00029901655288150104,0.015222993355209989,0.017534898235894446,0.16646810094142858,0.010475609289757347,0.0007754229755406308,0.16884096446633223,0.0018729520674258058,0.0011386893946742052,0.08846813146428285,0.07355581574229607,0.008733114732486712,0.0003800696299705249,0.00014544675508906487,0.01148085077758134,0.44379372768561465,0.0015225818460197675
6.373787884207197,0.00015083637708947846,0.009335424146552895,0.042680196739268636,0.6802218877550851,0.01141684303484687,0.36065047368554515,0.06133964205937849,0.4445029517301138,1.2543441056604088,0.008636454925027851,0.10386502225588425,0.0016651848094187854,0.004349590412374702,0.12116633163974297,9.973748330399076e-07,0.16357489446212986,2.8861809105369835e-05,0.0003061644744813068,0.0003618511158406891,1.77904931839788e-05,1.4488974325672974,0.24908263399389066,0.2398305475721969,0.06482131824955728,0.0002433600117180914,0.3867400057786386,0.07751926030732859,0.015043222584186111,0.0016683906087596942,1.3232343632543986e-06,0.006088888425423037,0.6152359958238844,8.964154560353138e-11
1.7119184871188282,0.007235607787771957,0.5308597013624673,7.081163800193935e-05,0.0018438202241395213,0.005557049574619903,0.0894500840844624,0.015400608849812406,0.06659411198235446,0.31973427662897236,0.006680705067636627,2.5658930674800193e-06,0.00011495369985603948,0.001101542607914977,0.005130758514904417,5.701659086858533e-05,0.03609750958395098,0.0007214078359038605,0.0015755164411725812,0.0022912525338798506,0.015535008971708314,0.001202825931759962,0.14735647054736797,0.013317928712111102,0.11043579627033104,0.0488696687136645,0.00015990527597533477,0.2092436889817127,0.00019772481930716335,0.00011327248671630454,6.0240695212216347e-05,0.0018122919469792432,0.07233647977725527,0.0007578830869696646
9.389902738586317,0.012404845897205034,0.2997636396352374,0.22146218131882464,2.2153935120216257,0.017574715926811847,0.23868756945896097,0.19299079988143059,2.1801687255473,0.5544244744738163,0.02651298762898351,0.28092336499679565,0.001444161540540218,0.027879531155697766,0.01691675366278512,6.430771826981027e-05,0.12876978425983357,0.0006103251079831713,0.018979953376445976,0.011834155316465799,0.0006726998278278373,0.8998972407953972,0.0021577263294987447,0.049092400497410815,0.1702126620647835,0.0031909818174021614,1.3709163627877832,0.03754977315602982,0.00376649066243006,0.0014007988343836526,6.296949624107255e-05,0.024068137468496814,0.3794536489069568,0.0006550570166628906
10.389214345921745,0.05899502570978179,0.21975459517040724,0.3916677927444087,0.2587872983446801,0.013866952850818414,0.6550067333335864,0.0061584473376061575,0.4296770748775312,2.4398253566811863,0.060512081263726356,0.8259805084973593,0.0033846840936413883,0.11222218145718853,0.4415357038462731,2.0620977708191865e-05,0.08171148673523153,4.148325356498288e-05,2.889369839411806e-06,0.006838834689984522,0.007773394208670865,1.260865317602106,0.3034568168862522,0.8720152698244706,0.31217072414043834,0.049323629541022165,0.19332364236734859,0.0037016844866769854,0.04090552949621483,0.0033591973975541215,1.7407319049295715e-05,0.011321552485400524,1.324496642889898,0.0004937860421186407
5.272966245335272,0.00439836955385194,0.29501165727704837,0.8891721146360818,0.2235982499863414,0.024331414625594135,0.04198978670033949,0.03882393835241174,0.24452709694827673,0.6872891522530945,0.008412876259766675,0.05665687617669488,0.0005418177828274694,0.0032765320145634598,0.17128389459887824,3.987632562051223e-07,0.04876680911220965,0.0001715889444333296,0.04029707846227127,0.008805153367406808,0.051389918799172866,0.7360615194887234,0.9439438207882067,0.005796786590250748,0.19158848800279335,0.004067805805256788,0.08113891080463284,0.18152513269678244,0.02171567781834438,0.0005538918657889092,6.240299551610103e-07,0.0024115517700603866,0.26360666961467144,0.0018106414452850417
4.005678237489121,0.01708336953901544,0.6404888255965719,0.9632846318132948,0.0883722331398226,0.0027396524261882466,0.0862146300658329,0.06700698827954663,0.5035436977987932,0.24736001173561514,0.04453652037516891,0.05704067742871651,0.00026081234855267264,0.008547671635195004,3.174268672646807e-05,5.395255870280614e-06,0.06414934364610402,0.00023233138400575464,0.009645912072195102,0.06384389931384807,0.000855375710490793,0.1467456158417362,0.007208888702771496,0.2766237932666169,0.29761876175839624,0.006299148653641449,0.07332484100998385,0.28417004693433695,0.03343037127193365,0.0002551656322743618,6.038404295723398e-06,0.00849498682583897,0.0061480765735738956,0.00010878036216648681
4.8798193349195635,0.004613514444812953,0.13019303996885265,0.5418526681863517,0.057021574585444816,0.010440277744180661,0.4464616437174163,0.024090431705189985,0.7036419021571249,0.704364093189588,0.0007563932648969114,0.015112103215413604,0.0006329982037474257,0.04997679706256977,0.022746981892237936,0.0001327564609559909,0.04390305836235222,0.0006268533090626759,0.0626888317799802,0.00022097640616597486,0.06250113078640196,1.0493429045128264,0.13455870791003904,0.0693276935226676,0.024200665864208933,0.0473992184477262,0.052561106883966986,0.02638367818270112,0.012067588053448104,0.0006325312337422454,0.00012610845683324565,0.0035456581250035437,0.57632478226833,0.0013706650153235715
8.063011279968096,0.0018653697228362865,0.23834862022799452,0.15276018608069697,1.525376036272991,0.009171091275104189,0.27116618491491035,0.09984580724008386,2.3687099421788393,0.030565063729458924,0.019033745184203917,0.04244220184106266,0.00042444615395308713,0.0011065807261876903,0.001352955027204316,4.8660160479833834e-05,0.023344947192932602,0.0004547876034406244,0.003757268489651923,0.019718974214323115,0.06390408256606454,0.3340906618634465,0.10306581738681175,0.11898561170810804,4.9062687392825405e-05,0.0018875765592853081,0.9833291131562614,0.026180099888836964,0.03584798637410784,0.0004086891771857489,5.237771870814668e-05,0.0042560326071276805,1.581298383435507,0.0001629166028970535
2.181427517752587,1.0934441071991733e-05,0.5141319575429176,0.025616625393640343,0.01044537181267882,5.570360425019817e-06,0.011529127784183094,0.007492894758967724,0.24867509966927764,0.010110456858773226,0.0006336870312080511,0.18587963219576786,2.399952463301852e-05,0.05909900875504562,0.006438926227475538,1.4837904345259258e-06,0.056592454476598664,6.612621650368604e-05,0.04914121490360732,0.0006206296917999438,0.0009625990300135936,0.6657254659695414,0.016554097831259714,0.07502218883989016,0.014819814100924016,0.016702808355493995,0.011737246178579585,0.06932843299826359,0.0050317945764716656,1.867248051002432e-05,1.2691427487627842e-06,0.000887313607418936,0.11765767687524298,0.00046293633121869586
4.182488697430773,0.004153671697849781,0.036318532012411156,0.9511320343275447,0.04491908577068815,0.01959621735818791,0.05372412294487609,0.196925123872435,0.05744553858918566,0.33520441336138806,0.0032312608456416146,0.0029578731453981386,0.0002857707427248975,0.0034574688620338696,0.03940471672650776,2.312421776949732e-05,0.10670076617236549,4.266274405853335e-05,0.03126191278040953,0.07007590374662503,0.0018519344702283584,0.005185184386151882,0.17325964895267237,0.059192687183703165,1.2966879438478944,0.0034442276299562467,0.03696151317440515,0.6266578558854482,0.007066381070241275,0.00027654649520517647,1.8477570419348857e-05,0.008753367904483517,0.005508875794980003,0.0007638531468832085
3.7790413052732093,0.03226455488045115,0.1404511477141553,0.09450196466321811,0.16048976144252902,0.017593822053944254,0.07064705652559825,0.21321679466746543,0.015236682900484296,0.05272170504022272,0.011885683406161264,0.18159757591162062,2.4099628068448796e-05,0.017579657319384556,0.0037572523708300086,8.734297983636044e-05,0.0932443045433561,0.0007914378005482567,0.026726863560702852,0.06175910734998022,0.002032855462982055,0.006829014892463853,0.007400067653679413,0.3512334804536956,0.06892352235961773,0.06682355103657052,0.07734618580085938,0.9231791629068616,0.0007669962161642733,2.4619300548583497e-05,8.267511449533913e-05,0.014838959687039927,1.0649782217407906,5.177888882813598e-06
5.579960501303655,0.00645558542491739,0.33046000659175623,0.3132459273990684,0.18463508628353864,0.010957542390921176,0.19551433104673938,0.25098967523770654,0.21092948237711734,1.781843027905683,0.0013890033702547843,0.14679740744397524,0.00043099429928060575,0.05824444583396347,0.023574263365784682,4.521330717263309e-05,0.04460620121157571,0.0007709523127560062,0.05124145530127937,0.014380736205491426,0.005584760955782997,0.10573011756709343,0.9356409931166917,0.0718965393668845,0.29996683475929226,9.009412580304922e-08,0.10964830048426029,0.3627699969465048,0.01019170931691329,0.000432511834797672,4.354770196251828e-05,0.041143273864676866,0.00750194966431124,0.002898538321376109
6.180245122172143,2.1074336796224674e-06,0.22925712792445907,0.14044374519739328,0.011866318423516709,0.10075114454564993,0.26930312625248076,0.1803732082516154,1.839415802570112,0.4088363886113469,0.02685104390189663,0.3288664014057088,2.1851066551383133e-05,0.129477116442941,0.07051311253091327,0.00031656559567420423,0.006303926408261777,0.0008819140160466787,0.046081328985744185,0.0014433237399059547,0.005312598469494697,0.13167021268122664,0.058578397865461714,0.4297886558945834,0.22224975043504136,1.0445404918139987e-05,0.0013379857342053845,1.337576812674621,0.14243879100923104,2.2190648279008857e-05,0.00031583401997418303,0.023501703348520045,0.03320575446415115,0.0032304362185373663
5.436789250837887,0.0021283926271129577,1.2388583844320817,0.10258938294572365,0.47467744868383627,0.03673373579406436,0.11135054019153827,0.162870632477289,0.07886764544029964,0.024209863457210736,0.002245500682509495,0.01112888450049958,1.579904905695166e-05,0.11066337077766546,0.0017019000303732208,0.00019020588500949352,0.023549114729019435,0.00045346319655091235,0.009752801481097811,0.00803896957827451,0.036350002783245745,0.030016870775720177,0.001230423172624096,2.1304736430111153,0.03923863222534925,0.0022074051158307716,0.22463995272247705,0.42554151469834406,0.015069352222226384,1.4589264033723744e-05,0.00019533563610660626,0.0013430266568941402,0.129716161557991,0.0007263050367162846
4.723793148309416,0.03599424411628476,0.03692891203710556,0.008591548222605085,0.2815929374411567,0.04944473584504624,0.04455825113015205,0.4789413797445149,0.014134315867512431,0.29101896407326255,0.017120748225167026,0.0004814399136815333,0.0005344203735277021,0.06286737521744354,0.03835221039077854,0.0001028925295274778,0.10442832569095155,0.00034931991952904477,0.0024159456035375204,0.0007070416471261061,0.019758243166787155,1.493395750545328,0.014265108750656594,0.3220335178935328,0.24294147369641084,0.014412067201912702,0.14502374028322038,0.931635073703166,0.06661776543704824,0.0005530253287971431,0.00010967953022875102,0.003933293938287581,3.1074353932183257e-07,0.0005490901015900592
8.411370064777845,0.040885455835329106,0.20390367469950038,1.1073847299256008,0.15013767211878262,0.03283052606666135,0.028741308770635948,0.35183797543041695,1.0319799311683726,0.01720773956155713,0.016118834303545753,0.6047023577338455,0.0009926011910292726,0.17663850838012354,0.23547167860222826,3.188693971649642e-05,0.017000263356838075,5.678094978552507e-05,0.037031380609264766,0.1542041083703031,8.875240579514866e-05,0.4938553977003186,0.0077578024042433205,0.013473299148861827,1.6510963043011229,0.01758713276707736,0.14119456323577464,0.9174806234309251,0.0329549784404388,0.0009751321955199601,2.9586464249099186e-05,0.007340704720641404,0.9192406057205348,0.0011377678288046896
7.573713629794546,0.020850796664186346,0.7639517812536843,0.19956468072013164,0.18180983922311278,0.004984490237171303,4.587954863247514e-06,0.5704092132073694,0.2999316774811245,0.4547426722344869,0.04203029869054935,0.6721660815572145,3.79837787953593e-05,0.09697820414784501,0.08605913364882721,2.2493983522201293e-05,0.17244036003205643,0.0005281342098177501,0.0654923768018781,0.15752703062812828,0.013081687453581285,0.17175363952354689,1.3027885143379807,0.7597921223114984,0.13652745342819145,0.017794804798267394,0.05436934522574649,1.2381622241408254,0.02518669770361869,3.2908303236983955e-05,2.6647904672502043e-05,0.05411738602688112,0.006533367531184726,0.004014994650549403
5.989801889367258,0.030484919119385744,0.04367815037893476,0.7779054719199613,0.458871082278577,0.0011142636119468917,0.04232234678560497,0.8633835381309478,0.882273272929646,0.017362535678093073,0.07843633431195171,0.14257691974580372,8.961303189287227e-05,0.048574005621869025,0.13211683740265145,5.813084183551639e-05,0.13453545876317446,8.54517958089706e-05,0.0284572717448884,0.11908056390467593,0.018137767131603783,0.08696816170367991,0.7016220214806995,0.004395650289677201,0.09077758871659386,0.043058799269094866,0.1455239498426003,0.7469990758477172,0.013917324392229983,8.094552182399357e-05,5.843047701556739e-05,0.08420131210022191,0.2521525400450718,0.0005021545515784306
7.795493081336409,0.005074036669203698,0.5217206620509626,0.23147984669445956,0.05830204022672671,0.01751057088179502,0.010129506824514283,0.36544196346676866,0.230845039612119,0.03899956822627797,0.00037216165642741603,1.9105518262654198,7.97395479478972e-05,0.32239160380073556,0.0037141913838772676,0.00027860546541908605,0.06875528855339853,0.005265702408792216,0.02141619866563869,0.08389926062503952,0.005498288052343061,0.09669743900249954,1.9727292425554415,0.03279314751795903,0.025949928880206467,0.000278382174389611,0.05403439505448675,1.6470463026077027,0.012367650343900992,8.380569095572315e-05,0.0002746794997543598,0.03405058793718253,0.008910319463766287,0.008551099530297632
8.7486382638774,0.003971955062011382,0.07819668931031126,0.17571648342050392,0.006479576013043274,0.12207083137100488,0.6303994168581504,0.5890590805514708,0.36066910401227253,1.6020445067933213,0.054109675198325706,0.06517641906839754,0.000870783616748469,0.24406530716793254,0.030616007245403882,3.015863683980538e-05,0.05129825077608735,0.000257624891758325,0.0687841844533957,0.03831262223832587,0.014699830473030423,1.9458829081252953,0.4030901402296695,5.0781369912047954e-05,0.5636865836093703,0.01404342273311288,0.00017258073193384982,1.386242141729067,0.12361511494774374,0.0008634911704868351,3.513093503694626e-05,0.0025840722339355716,0.170315432896588,0.0012279560069106959
7.632434304237134,0.016369364384059937,0.0881268700146965,0.930120377078102,0.10910458843509169,0.025267510599729523,0.021034707324581656,0.7345553518464509,0.4625874092272663,0.3976582023988318,0.04552611340562283,0.5345046104611418,3.151459500555591e-05,0.15574947581528223,0.02237333852575293,5.750482838015338e-05,0.11226713195651522,0.00020361516246379676,0.0038431358438837386,0.016247546407633786,0.0745722074621338,0.009964258284693215,0.6691620082430039,0.5529195207524429,0.006573931589484552,0.039888034929343875,0.02878898751293593,1.8692113321707955,0.01221170017628341,3.5568726955631924e-05,5.8949120405724807e-05,0.031248177760630616,0.6620515826169943,0.00011967658053841776
9.371482679095372,0.058403999447411536,1.1008671481338748,0.014860508785089769,0.3663281790024246,0.20771545141531847,0.002865897605994499,0.7772895856060866,0.1123403144987911,0.002590604401853377,0.000790278726028285,0.7977561960216909,0.00042121034373155503,0.43312134761935195,0.10526922177819385,1.7802008833615805e-05,0.18362110606011212,1.9559250731070316e-05,0.007110957470919752,0.062466110572569615,0.013813385957358688,0.09555382884699375,0.010278678845752849,0.020615414199124705,0.09347184265641312,0.03986011515402777,0.15466584692476276,3.9488645030805176,0.001398881347155011,0.0004356788950478368,1.5260322129586002e-05,0.0002532501577689824,0.7582527357057747,0.00014777825353765758
9.973254617218732,0.03083941175287579,0.03325747818715199,0.29182271857317904,0.41835434344156563,0.041398525467636206,0.03778846375917481,0.6999591573900134,1.305464122750076,0.4634412561719002,0.06043575459209965,1.80010570610784,0.0001373829694219861,0.5699541067996632,0.054670329400950686,0.00034301260745802254,0.07037430726141605,0.0036455303396159965,0.032921460916081335,0.06968746811647807,0.0007323275971724697,0.002317423467353224,0.872472472880356,0.015327658470071382,0.13807717249995885,0.009067639814790822,0.2965470803313705,1.9833985953163038,0.12975562276053876,0.00012712813242131505,0.0003318403017067756,0.04165144755034864,0.49200479439142053,0.0068428771003214706
7.76849502470343,0.05058024469301529,0.033063532854991834,0.06528676290857217,0.018216485139886357,0.13889739655701347,0.010364723052896504,1.0399563009382247,0.8338428628609904,0.006670860279844568,0.0042989442781685245,0.8774417709111643,0.00039054644103710546,0.48985132035300166,0.1628662662059598,9.879883882617497e-05,0.11843540475948278,0.0001875187475815355,0.012971436208874821,0.02589120374001542,0.004826141493158601,0.10541554573970728,0.027659618165035964,0.0461191174934191,0.009852882744725235,0.013291757943826114,0.0002935880481838601,2.906993846981371,0.001523284689441324,0.00038873228791643297,0.0001062992817300055,0.07567684237434105,0.6849700103336958,0.002064977357331114
14.12586911098637,0.0342849702197995,0.04613179422113254,0.2706915206038938,1.6789172465621247,0.25409188137040273,0.0038019106891285883,0.8811200056643866,0.041420330553083196,1.1183187833483976,0.0002686635786156495,1.330912383501494,0.0013376801453506603,0.9573874038533419,0.25110663603431976,4.516404239282921e-05,0.11271513404874874,0.00014270786106643804,0.057276858041180004,0.12355465638237129,0.26752925655883636,0.07278943337207726,0.0941629022961539,1.3415666896326222,0.9990721191226086,0.07037691024244681,0.7750417986563493,3.2398921777870915,0.021801029550439603,0.0013255533140908468,4.940632013837288e-05,0.010104011637246236,0.06747982977652336,0.0011522619985152435
13.254600647250548,0.07766253355654347,0.09586681066383133,0.023161189725549525,0.5494858323087289,0.3576045388108546,0.08468081597572437,1.4168919024075055,0.31186717342891807,0.14064168798640844,0.002985545331100221,1.4808922968856069,0.00032173289285086424,0.6149195792332741,0.1314969377488744,0.00011834814775449744,0.34739184419496955,0.00023336591215639208,0.004814594054514409,0.06823214869223343,0.013462237466079418,0.004658370679437294,0.0758824289705441,0.7933122191649439,0.04096403569094862,0.02087356708535435,0.2314411040994907,6.2692814905733165,0.009474225103113597,0.00031527278860897946,0.00012595723673207573,0.051719366990276266,0.031160753917519587,0.0026607395267850015
25.715500879105495,0.14146156373555463,0.5910659140343406,1.1079457288137178,0.9242448237015444,0.4140533645654906,0.06247905729422428,2.291400376002455,0.0006112619862838339,0.5348317131457296,0.0454602454358952,3.2726415097945716,0.0005515841453841105,0.4943397166237859,0.03203303861651679,0.0005499703855910256,1.2115901088910552,0.0020804311397570933,0.0012613029483205713,0.3731257146152848,0.4417783034842979,0.0016151338574566148,0.803224467115138,0.2092351999204621,1.2921871560333207,0.07205190582143191,0.5071981966316523,10.30412996559703,0.15154416372867544,0.0005616139976437533,0.0005466298715803324,0.1845783485708487,0.23576169078911083,0.009360677811341497
24.74203875685117,0.20387520462376432,0.7686318408658177,1.020764350881774,0.25518758768777305,0.6040114377360656,0.12242064738988144,2.9867679966438048,1.7531891827059312,0.13686890586560232,0.006059384832817693,2.264234144132223,0.0004689074231438117,0.451194872950418,0.2395004689004157,0.00017594128740039077,1.2383051885441747,7.891235881767451e-07,0.00021114908552383099,0.44715475025292195,1.1447178980972426,0.1048098275528667,0.015329758096708878,0.018864451926009763,0.4192320167059909,0.17328159487661787,0.06485652043839606,10.054330916499,0.03092909550679659,0.000473215475386706,0.0001810213783180274,0.10596670787932842,0.10730835373670232,0.002734627748761884
18.64658491815037,0.1540685520252139,0.22260502507335125,0.19986874987072423,0.2721288950782781,0.4380327901487309,0.04118548283517286,2.957981843515553,0.4545829633019484,0.33190195547754997,0.00018162590033713168,2.21677591177069,0.0005498531672255072,0.5724107051476608,0.14579369610518933,5.7013663176861867e-05,0.9272718428268307,0.00011755600394908337,0.0007757810783113508,0.26618361437362636,0.8072992043276312,0.027210455807134614,0.12802702972067523,0.1159127578672054,0.23861735006737517,0.14662976526587035,0.09994971124396558,7.724217515365712,0.002708801575801978,0.0005306304112529632,6.525841945621337e-05,0.14582226709004284,0.005664915432595088,0.0014553981921331008
29.430211692555666,0.20309202539878177,1.0099426236661861,0.8119968906921383,0.6054602106578718,0.6848682847918077,0.05000045820549828,2.9097371914521095,1.7391689614322856,1.034615902379171,0.00526028560847654,3.655213950652254,0.001626078248892363,0.7999264274025508,0.4500891979510771,0.0002777467227113535,1.2854356193304097,0.0002120791299102396,0.00034000072306079155,0.3378789755534189,1.1447154908962942,0.04420636137132376,5.6268315786314e-05,0.20965300584672752,0.1812696860738001,0.2779222035892249,0.19557801529563426,11.504845561685855,0.003403024494941563,0.0015955529581170552,0.00028146003076732654,0.1705771868034454,0.10808441310392615,0.002880552091211289
31.797256329658445,0.3921211685065726,0.01477845851530444,0.802026753265747,0.016613077815693687,0.49054104594130676,0.05967098797443387,3.664894369360507,0.12775971347576087,2.4122989060420603,0.05612330443681795,4.484248819693138,0.0017120104480493118,0.7543212099548743,0.274404865093761,1.3828807839407135e-07,1.7304228136333608,1.2018141692061423e-06,0.003429666812599954,0.39008530644605666,0.8470929565611112,0.03936352544988419,0.204696604245732,3.1370597226587,0.08618878189218249,0.39424376850406445,0.0034717283440581534,10.873480471487111,0.027594310100713493,0.001665858027966833,4.7657975383842217e-07,0.4269527974100946,0.07904839922761558,0.0009431116511673946
39.74627252789434,0.16169041166445206,0.014491403116384527,0.004626764776119045,2.5221557889707866,0.882761317888586,0.1470841446054507,4.0041339613336655,0.4049823586712254,0.10108314351705378,0.0006643116178222291,6.096249281597225,0.0013210574583782358,1.0175252756616804,0.345354638488232,0.000436571043332302,1.7937311245239635,0.0023471793035201955,0.00843163276728201,0.39494046124573184,2.221372061083599,0.029262312880003184,0.5769154471758989,0.48220384536696265,0.1597936809726643,0.21673118017697696,1.163384171619841,16.007377564084322,0.05898721875553019,0.0013542344012862657,0.0004337032253220819,0.41758789462651774,0.4997881274701375,0.0070702578043908846
36.79923426760722,0.2676940328106578,0.345437469976918,0.07767745893150522,1.445961611887865,0.8433862004503488,0.0740214658778478,3.607165129787592,1.3614311282291307,0.642634572980978,0.026190744358283318,5.562823918394538,0.0022613665921300662,1.3326666567744698,0.5889046330211246,0.0003204239803281397,1.35451719709707,0.0008768290429326613,0.0358553964754544,0.6081563208439077,1.6880778190790209,0.014523694765472618,0.08193422530918662,0.7777819887070295,0.6467861420071013,0.21751546941667302,0.5559205158798328,13.956489186378015,0.00033618114143894856,0.0022795434223662923,0.0003143732252577898,0.18650497879534544,0.48808381928374406,0.004703772683654441
51.33991965942113,0.3657200127995818,1.6033163290522139,0.039824040536153606,1.9752650320527887,1.2332728955618615,0.1002952689963327,5.001237128230591,3.3446718306550483,3.856601087988716,0.006834936175261983,5.769781150063854,0.004304739749728971,1.3465510316197233,1.0400693091901227,0.0006324640142524313,2.0986432616070037,0.0004449797110483504,0.0005436037411851698,0.6586938144027575,2.5224960822507256,0.032528013072227385,0.021219428877959735,0.03522848663093462,0.5411381891631486,0.3546939260205479,0.7002014860114432,18.126706892579083,0.1175821005646808,0.004292163863755044,0.0006387229869220749,0.4086412259144861,0.023098230186198828,0.004751795150778534
60.209660302977284,0.7425233864829486,1.633287705592534,0.013490893974822775,0.08426300218092904,1.3833750701087222,0.10758156266553039,7.830037482299446,3.105313189822644,0.4092981774415489,0.020703960525408023,6.3198899965978645,0.0010076206777274097,0.5452684358761267,0.462345919687912,6.76261554952839e-05,5.342161613056146,4.292545458758378e-05,0.047567224407422753,0.8776992590941814,5.091013670625694,0.07325352228876411,0.25881292948769746,0.06187171758587143,0.0011899009695877636,0.6523022016830619,0.004694640030452715,24.00940160034861,0.017629009846355154,0.0010314034490393111,6.100507628659469e-05,0.8432194768900044,0.26798670724603496,0.0012674653478288588
58.19488099774006,0.4078967442386832,0.334783206605307,0.024180253747696154,4.773966401934231,1.4706608002018025,0.19915391383195113,8.22096874351601,0.026592358806562397,0.6653958089574311,0.002325884036129657,4.146046984659956,0.0005870037042890808,0.8794643416697756,0.21139353734019087,5.540452045140781e-05,3.93152793101968,0.00024205088964849675,0.003406702688417715,0.8296442189422483,5.58799085063254,0.06856224342117885,0.04683996866088873,0.5123549716686736,0.030670776769976968,0.3916458609566278,2.391604065252484,22.261775957910025,0.01798382706762777,0.0006195368315023515,5.8269433125962105e-05,0.7328458553513285,0.022380287953517285,0.0012562345200894584
64.22140231043426,0.46207796809795093,0.7931200177765028,0.8091785036701653,2.9430160291606486,1.4203347727026474,0.22419042110041337,9.52619279883025,0.48008230557922676,2.1390192920688686e-07,1.898473169151312e-06,4.498022391516487,0.00032424316351727507,0.7925353368559374,0.22309012957525695,0.00010652427392928519,5.475050920373503,3.781926058094691e-06,0.00013673158077657068,1.2394870884607183,7.475308166620597,0.008884016780605722,0.20035509528154416,0.0011558399102548134,0.9786114842666799,0.46426128965468944,1.3927010380017002,23.320373008362242,0.002966153166327707,0.00032327164052148565,0.00010439262590197122,0.7754125078689655,0.7123269967706439,0.0016669724644957657
72.78780050656985,0.671309103770753,1.0630095202635785,0.009702937451820074,3.5542649437921403,1.331215812064121,0.003771431342715142,10.73959647456856,0.11087948404440953,0.6714779408214361,0.1863581311027738,6.762951693614115,0.001030875948546926,1.1724898617750872,0.1819980852813029,2.990282679563397e-07,5.721033364585737,0.00021566158839686622,0.004646523380014445,1.1274924598917282,9.078413785009964,0.01102037827396293,0.26043616967303773,0.7941148512302565,0.4818021076394028,0.7354060242741415,1.895863708014937,24.276742017777437,0.13111493637386895,0.0010546628383910626,4.6296992207248834e-07,1.0797982521386105,0.7279272926354817,0.0006612534049318725
83.2564794969332,0.9374758176972232,1.9237063141675639,0.014288451149358972,0.09364884992507773,2.04753036300712,0.35631178288559573,13.19707121584646,2.475746932334583,0.25872768971894466,0.07377861321409968,5.352804074864673,6.110190393812071e-05,0.7292544770092375,0.1855104823321907,8.216924259802252e-06,8.578650175887542,0.0008251339580398997,0.008353250058992078,1.727872813339003,8.184339837717054,1.7025906963663555,0.24968430405569103,0.26606327360328,0.20003814776445378,1.0944059078223523,0.010818485360635618,32.4957979815142,0.019125066351379803,5.2772331996198005e-05,7.104967320891055e-06,1.0595577785193488,0.012348866922993734,2.351741222457948e-05
87.14972090270578,1.0251916706333066,0.7300671571182067,0.6261041724169937,3.6447896747425705,2.2727861030775123,0.0417879328650536,14.815858233854417,0.011881293481351743,0.5729894569687841,0.040832427226048205,3.184283888279329,0.00028515567301736324,0.7808317597928486,0.28078470567448544,0.00038715649577594384,8.335077516132712,0.0061378816103247556,0.03185912200882637,1.5077374102171752,8.768734521046005,0.03973797312172978,0.10188779379076167,1.9840281396258905,0.0020373236543094727,0.8698087178202474,1.810623552405967,33.640204956678794,0.0005540389047770599,0.00030223238459831277,0.00036462686590023086,0.8967330968205647,1.1215024714170394,0.0035287399004526906
118.35236082349098,0.7869183869646774,1.4080765603589809,0.00026298165379198395,8.737669848853592,3.1598949304618356,0.6362762055430823,14.04371054214151,1.4181764199796993,0.781517233872058,0.08063294545930087,9.622511706079791,0.0015705528806435193,1.4092228449297561,0.776585768907873,0.00015187696201118708,8.200894517762734,3.2873126325659164e-05,0.054294126528149696,1.369536321557189,14.738753232112543,0.5128825769196946,0.008627294434493279,0.8929673433075821,0.22242824231009384,0.9236758668471395,3.985535315973712,43.068446899245956,0.19936500224412143,0.001592634914227042,0.0001599710687070265,0.9872454222103725,0.32192417539618995,0.0008202024831386731
133.2970172250189,0.790783468994312,0.1579855135825982,0.14678084442039874,7.016641836348662,3.08161551400601,0.47119625830997636,15.598352074391402,3.2033888144316554,0.9606338042305211,0.01859190946646329,15.193721741883499,0.0034314990823387155,1.6224641843177525,1.3044208875534473,0.0006517684878617848,9.155380399457929,0.001481845019198353,0.01603527398358159,2.6342866393229327,17.034775058165515,0.18395424654353307,0.44118541544494017,1.1704665012000022,0.025993011072664524,1.1341039008221077,3.014255238180854,46.61375536019054,0.13286112193854935,0.0034119113610940562,0.0006763103416728723,1.2382123343174014,0.9185248730750482,0.006997665074437707
152.5938458642918,0.9832206364724222,0.3768514644789083,0.4194831641404733,8.086876719173343,3.7420058211393985,1.6540967327037004,14.77204519853143,5.031781307092938,0.17721337134975393,0.04272864854302846,19.174075303230417,0.0017835775855487243,2.69703095216165,1.06716929310841,0.0009321818858489878,7.775813641954667,0.0016128458701622015,0.052129572556821796,2.245054350712201,19.653027096909785,3.8368832497344405,0.6223356334287867,3.8695179556973813,0.11363159138755022,0.9308400630776279,3.3315743624336487,50.53827389452469,0.00483734481837782,0.0017955228202823637,0.0009210049010906293,1.1345859604570374,0.2405188300927272,0.013198571317254049
161.7744989185136,1.3247267324926206,1.4432515853485013,0.015023699235659063,8.215100850043616,3.6169487763238344,0.2368591568649352,19.697029767576232,2.4605915730060532,0.7947532373241509,0.015771724667831565,16.91127932932582,0.004511602370144202,1.7405755018296045,1.5261098460360498,0.0003531468952378756,11.221969384942135,2.3383770354652074e-05,0.00019432911527613518,3.2407602650771774,20.99478889995609,0.2698619649921634,0.24429111315678176,0.9303981800152067,0.12187388467818959,1.3289936711545731,3.6166588545296854,56.73492478168336,0.0707033192568976,0.004536865748471922,0.00033570725798102926,1.850537007090482,3.1349468345782885,0.005813942170166457
160.508354560904,1.2654274897686117,3.944582689669772,0.152315221599775,6.157576859278813,3.4762067944664015,0.4628467414689061,22.354703665104843,0.31225282557595085,0.22107792712161708,0.019922756694518717,15.124697257952658,0.00097767758821059,1.9557444096041132,0.34508853964016645,5.004855626633356e-05,12.417432941605382,0.0005657698088458405,0.004943106184096825,3.0560860425863603,22.1035008804916,2.0715611259531004,0.8688911865028001,0.5690595862021431,0.06886644184776336,1.6990433095487998,2.99180697879574,56.43829319169568,0.010664808943994228,0.0010007820509880063,5.2726806939327915e-05,1.9017280478884917,0.5066681941111713,0.0047185357894688786
224.72613839035955,1.6475831203218034,0.10790622688210588,0.005454721051819944,13.472739068137264,6.4015030817112235,1.9071671354757178,27.432807485803476,9.061822785860205,0.6766055986418158,0.010862989453849514,13.038444874320605,0.0016177219298132725,1.5833312009713993,2.0684481110230237,0.0001138946119142818,19.104222249084756,0.004168566811417221,0.0828827717928786,3.1087690901603224,35.87637893819681,0.15006152184913674,0.11231746341323448,2.9902773009952424,1.1397033529894438,1.664272820871371,5.486363685821091,74.1006970996334,0.08682622754132562,0.001606707971357886,0.00011998121119803066,2.612641659724207,0.7876719984120525,0.0007489376842808059
207.6972110704582,1.8934530663586138,2.1635901293973983,0.0015395384543443926,6.84625427241013,4.785391909004682,0.7628862018422853,31.630174543153437,0.7899042150108974,0.034021054361699436,0.23919972333991088,14.098611277067048,0.00014329278047953945,1.5301424040090097,0.3666925544729799,4.87938799968116e-05,18.891029698760768,0.0035294004498397777,0.07110881003394581,3.665591123501116,34.295499581447466,2.6704297226649327,0.3808638385570654,2.3854495148235726,0.8159517841160608,2.2646593246060847,3.236253757504077,70.4259868383676,0.10085110448014871,0.00014046019068395056,5.0951390111234936e-05,2.4023822644493746,0.9453601858894433,1.9733683023806912e-05
99.98997099571676,0.5294108733684539,0.5768832879947982,0.44614578177209313,9.058616857179917,2.1195990352405487,0.2317722805132239,5.582458486101836,2.640770177835861,1.1175308100314034,0.04772926067543068,12.391084317863552,0.006014170349579184,0.8645406442050828,1.602110461520561,0.0015321007834795412,7.402951516899417,0.0011818204439824184,0.0005016150388689061,1.7679012849239473,9.840187436725959,2.6551310151534095,0.23493447145967697,0.008831952910342056,0.16164785788444824,0.43863693283080873,4.027459560615472,33.534774211010706,0.032797273691853854,0.006006268631101467,0.0015056378104982748,1.0058294164664394,1.6324829015413147,0.02101127624269216
14.314951046174746,0.01231114696352044,0.03394895272780398,0.017937263154709195,0.24257949746010948,0.025676995207969826,0.004228376321543713,0.4404182032071555,0.6348551664395208,0.8623521209744304,0.04394908787871601,4.500025729770546,0.004287309928865787,0.6949168817731357,0.2586717249167168,0.0029889024994984286,0.42357659514617474,0.00646893439101552,0.5080715352360543,0.17310905439887675,0.0523269988568073,0.812638371735999,1.7403918150729636,1.1787683985186934,0.9783049980162478,0.07142848521132165,0.08228431309987508,0.00010300827129357338,0.07543040978052591,0.004245859237639934,0.0030100910585257926,0.014348791652371644,0.34133096285380526,0.06996506441231415
7.250834129682115,0.0919754318596158,0.16339808418483717,0.5319485976096199,0.0036137388840801385,0.006827550690305411,0.20674989168507485,0.08208690870346301,0.45847143293486925,0.0020062545737268333,0.09107752171630856,0.47132604638335845,9.418678516610188e-05,0.02233691797822825,0.00021533115156018696,0.001291155008548562,0.17546963786492967,0.00029904449173121113,0.2360200730116349,0.0899826485110067,0.06943961125492461,0.07948846473702867,1.1141939463041048,1.5373495322892963,0.0019921460732216655,0.027827352482709913,8.596860798420697e-05,0.011976802060010623,0.0004173145535501042,0.00010458574902817816,0.001297317634187609,0.010259891590869928,1.7211397232385077,0.04007101907862566
6.270577222881417,0.005101787567218974,0.04028274942964163,0.6097022033484999,0.9253528614221306,0.035513277769876464,0.017423882065449276,0.03195108416464033,0.4054305308401002,1.5009976702027101,0.012222903602760583,0.0786318869293766,0.0004228954337379694,0.04041437453893798,0.1570479138872263,2.5582184515936747e-05,0.02038489184258724,0.016473822006210684,0.04496663193159668,0.0026661098380318057,0.052460483475414675,0.027558988873519343,1.304856073019548,0.19463037393916505,0.041061432772755924,0.004880881919103957,0.3686160144217789,0.0015348930682065841,0.05849553515608691,0.0004382114076194153,2.6467763448161337e-05,0.003351855057838187,0.26125098374803074,0.006401969253651746
7.792595325285781,0.042306768151318286,1.0934992397343375,0.15553609494537451,0.0485153172965167,0.09235313783190932,0.006672005530339088,0.12693366820093405,1.1599224209983265,0.00042756104510682216,0.031386620745514994,1.3138034474947318,7.900625257620565e-05,0.0493541726432526,0.05317516008501813,0.00022721608974209028,0.4833636168449588,0.023204782080859607,0.08432471943543902,0.006717742416601502,0.023996215904923037,0.0613957798656319,1.613181194635401,0.585689488510108,0.001577750513020522,0.004361263318519352,0.06368338322462581,0.4362128460634793,0.06711974928492545,7.352085510036294e-05,0.0002198455035747547,1.4446579422632167e-05,0.16315756404110388,0.00010957916308777218
13.411288519253654,0.03899419116638032,0.21347765971752022,2.38259810869265,0.2947453967293392,0.30376965880835277,0.3002332530573927,0.04403381715188521,1.9502921867600798,0.04056259717782861,0.0008390045523087421,0.38254725813389867,0.00023018473162751167,0.0014132159608003475,0.08532545316262476,0.00011592983502507206,0.5130141492403809,0.01722954315778215,0.174157257771753,0.09003419309608503,0.26996935196906946,1.7071391149726434,2.216761065551672,0.7065019629711293,0.42591513025356004,0.025059105767193394,0.06382877237163122,1.1400989371722516,0.0015219793771151834,0.00024478984841031653,0.00011076315482234698,0.009825587169155797,0.010065156694705073,0.0006337430765786759
3.4285797557785633,0.010102096121106297,0.031153370867393487,0.7837524585741673,0.3375609635660975,0.03406274815998762,0.02794549491774397,0.00033717468878397694,0.5026341510407193,0.060402014576806544,4.308123165562405e-05,1.9498786979749792e-05,0.00014042084782534388,0.007262202257070804,0.09075991125383757,0.00011408366750388756,0.043028845845821985,0.0014735959155028622,0.11722561254344907,0.05018335086097592,0.0016757942949040753,0.4512599664965428,0.1460232406625577,0.2914990543024872,0.020695464707049464,0.0002444532748929557,0.125994386108895,0.2517287843234348,0.030115355038301345,0.00014988532845403602,0.00011297503296885583,0.001097239674959899,0.006911049428810127,0.0028710313808766276
4.714856489853822,5.299374556793423e-05,0.3239010843987372,0.22350529525993534,0.7495876038429272,0.0077676378054254225,0.002097448068890668,0.08218272147993176,0.0037394957732245237,1.0674640016270243,0.000864703463411342,0.2671107131650534,0.0009887816693092643,0.14756289777821083,0.07524767128204572,0.0001387428693599646,0.00013144310514162142,0.0006058949261286469,0.009865897424834999,0.00538199990546024,0.008726112088243324,0.04529481609267262,0.02939576127556222,0.0784803734003152,0.9350214372189753,0.002612668567451714,0.3723259068338794,0.06813887632651677,0.04075497003127522,0.0009661472053092749,0.00014298253475902352,0.015427403392358171,0.14416762332160804,0.005204383974275808
9.398855494382081,0.0490547430048194,0.1211340516766651,0.019742190831637724,0.44191119373178883,0.06661834980747793,0.6559745213540293,0.12427986815463501,0.29788515217877093,0.5304628611795554,0.0257306852619265,0.6774177873260125,0.0024714287669582355,0.02551169813713747,0.32693863823921765,3.5850661550256917e-06,0.20438867215698853,0.0016876082081345636,0.031242132391204526,0.01090952414905182,0.00018877146456422903,1.2303013967433396,0.11508707485628564,0.6761406275071326,0.029631078777794813,0.009127047974259589,0.29687923079543227,0.34763804780462754,0.059334287544689286,0.0025190928144273234,3.008478419330213e-06,0.009633834443193828,3.008689516930707,0.00031778662504158237
6.639931554003795,0.03578104667872764,0.012571187412310902,0.3462635449481986,0.04610597850974041,0.09533241025451993,0.007971236834538424,0.0673743330817363,0.3227567606858002,1.6111300347552862,0.015804295096326425,0.22641096114956263,0.000190632919217744,0.00014232290137026904,0.14143554388436122,0.00018457983312836944,0.09211231148890381,0.008915920045646855,0.0925464325374608,0.011230181220580343,0.04644358482376622,0.0641256200550623,1.2953741944043795,0.7364596707337925,0.8526280378247526,0.014622551844019484,0.006976774824982311,0.42585084098946946,0.00877410167426627,0.00017795908732222367,0.00017656848814251973,0.0021421824012054073,0.05063935060617219,0.0012804020090442588
5.272192526759082,5.541165399166132e-05,0.04092009567978341,0.008529974347478002,0.002776574799986541,0.06991339003535375,0.05997172565978054,0.0032369545276555076,1.4141101208326687,0.19635429649233765,0.0030764756232727264,0.0026496972052277843,1.6952839618060449e-06,0.03669744494795402,0.11509245642500712,1.8198503087243584e-05,0.013573447691974211,0.0024820685656732383,0.008949214860664632,0.06618956111510062,0.05372715713453956,0.41825318716179427,0.442932570365409,0.506864699046394,0.6266021685053752,0.008713915724254409,0.026431045860826567,0.35517207550361546,0.00974840270017422,1.0945009955496625e-06,1.8152533052833375e-05,0.04184306997143648,0.7372806386434475,5.544856807730907e-06
7.906399077748757,0.005169011842236653,0.060351885602713276,0.32136632724539366,2.1695443752597496,0.13843362909325949,0.12232120635209817,0.006346847702855986,0.7620625145055759,0.1557214320540579,0.002939577482318371,0.0529317556437925,0.0006109657330797476,0.19486178958633124,0.3128863223144333,0.00025051620959700495,0.01029369206533286,0.00015673098368082703,0.0003696703606792849,0.07262740191115982,0.05291346811315915,0.198300918488298,0.49069513204070797,0.11179535234270639,0.7051433510469449,0.021776108332965796,0.9091104304616883,0.8281060624913071,0.06785101560514846,0.0006211296631025462,0.00023842288171607525,0.006545381785795318,0.1222249236613465,0.0018317288855252147
4.335112667168296,0.00022621597179415856,0.2889148479796655,0.09125897801824202,0.4494704836853979,0.0589738374545186,0.02143364945236737,9.835713821969392e-06,0.156974060802494,0.3729036190618008,0.056407581069661615,0.8103529283937893,0.0007645506700531075,0.2699756404240332,0.0944628237847351,0.0003222912773002249,0.0003682156146224269,0.00021255336446469967,0.06631966365933178,0.043961920717471216,0.056720090122901835,0.06965487916599196,0.004713898285782333,0.001636279358296287,0.09426840211318083,0.002476889733696133,0.19207487296805098,1.0960559171145343,0.0016050439665795638,0.00075685062176306,0.00032237331358371535,0.008542318275833728,0.016945875261606926,0.006025279750930444
5.429939952556664,6.808894174695729e-05,0.0733051123850412,1.2158337174873761,0.28681991217232117,0.036718007958424954,0.10656671839371669,0.0004926957729699733,0.11460241406622677,0.02691115483021542,0.005431174476487288,1.0263690143254052,0.0001620103664515335,0.24313034949758094,0.018955930356466262,0.0005377899939945087,0.009278070460708424,0.0018612233287954578,0.09433208495200973,0.009723602539844996,0.054951906768402586,0.13716857941409039,0.30009353412171175,0.10827143196410229,0.3042404350646412,0.007037013470930529,0.13025760659400631,0.9605430725811941,0.023048673194405345,0.00016787642062355567,0.0005349265733572425,0.0039011671831000374,0.11892551009828123,0.009699146802033754
4.969318212936683,0.0008813668839439036,0.18815622414098643,1.3384210143309163,0.4547968828011971,0.07260685103090635,0.043138486102964044,0.031069815159411797,0.34843655042413474,0.003479934882326649,0.013750359675460306,0.29258213272561334,0.00025619205335213096,0.2344021215060921,0.08929374813045783,0.0001931905959227617,0.0013558379712352985,1.114259395556123e-05,0.07329972947179064,0.0065017970234758395,0.008586761576559753,0.04534595326006429,0.04218140586236489,0.020041659431506594,0.2275425588808256,0.000760888353052002,0.18083324771193876,1.0665461216196197,0.002031117298615982,0.00024497149019848475,0.0001925084576903289,0.0010915963853637834,0.1781061814812119,0.0031798636235273116
7.424280765312398,0.023580371100092052,0.05845732473352734,0.5135711013101388,0.32427655657891896,0.08676126206629325,0.0028429558885806456,0.027158832242817368,0.6204395578880497,1.5669229715528257,0.005279569839540242,0.5626089809465048,0.001392737448772277,0.3339248551833991,0.33056560815652236,0.00014008372709133093,0.016696539496517025,0.00030839456457855077,0.05092486259661051,0.049463099888908554,0.03602629096817018,0.17882840840670483,0.2158481912159647,1.112380874643353,0.0001010184125049671,0.009908047086625918,0.10491783478280424,1.1474365651488792,0.005889322340210246,0.0014194877947073586,0.00014379728465301148,0.0045614693315749934,0.028444233517566357,0.0030595591689906586
19.481284470481146,1.1529263046583505e-07,0.1838200183077878,0.44647791720936525,1.229461808736733,0.5131047075912222,0.42978565628645093,0.09324863453613401,5.942739880575818,0.2103406013829832,0.0009772121671775798,0.09882887649677821,0.0005957129742501539,0.40281778505544225,0.8495312520317315,0.0001077886538018352,0.1420697006410779,0.002720258082961322,0.03803886884714937,0.005483456388496817,0.11018682367694696,0.09672087815109338,1.6919414518203146,1.9423147980869586,1.597601962753903,0.04464610920892372,0.2952983882440836,2.7252758145661806,0.09807361685520131,0.0006096231711809701,0.00010876980380356043,0.0003280314488581371,0.28763298775523843,0.0003949636804658522
16.246331176308775,0.04937102939560148,1.131674394061133,0.3135696265965136,0.6120374698873438,0.41173897499336026,0.0034241876795497008,0.27493428630056815,0.09683990791884295,0.0008367669549895463,0.08076592203543373,0.5726480422524675,0.00032006618511051343,0.4237740580370016,0.16912600552027368,5.6950697983457255e-05,0.6886156537832481,0.0019959367860039713,0.010936744513489187,0.00016088001364710094,0.014329968189805952,0.6180458597564502,0.3264102747031279,1.1415524723933819,0.5266957860461552,0.1585712015488342,0.25589889648606523,6.405889816198518,0.09004987270616222,0.0003431330474352623,5.341050126673603e-05,0.008015389174660369,1.857469555917262,0.00017863602708905035
11.69873143581005,0.07269710207296848,0.37672542653050506,0.04341463499446317,0.04109356195467639,0.19579577738930373,0.007265095797180882,0.36520115580087587,0.8106232101401049,0.12240793209831215,0.014553053649767044,1.6595346033563598,0.0005430009103029016,0.5228417363131722,0.2060139146011301,8.82209117589071e-05,0.40593018827533756,0.0002849009580019719,0.015968260801669694,0.0772826057881824,0.0065847162098493905,0.008897107543407591,0.034529165708300516,0.24145913111087164,0.007984272415446563,0.04203827209411749,0.003680988662679955,4.378917342289233,0.04648544313351262,0.0005380148699375965,8.057293882402351e-05,0.004100577339469052,1.9830654500050868,0.0021059991452400807
11.626874987550343,0.036088422885375684,0.10562897317192181,0.00014030165683815527,0.2232588161988291,0.25844376786888795,0.004406221882055941,0.8778452744746726,0.03878629724270913,0.41584368077555384,0.0019558015833460794,0.8324162863612254,0.0003046735682408295,0.2924224633139718,0.036992178054871906,2.5937180307092616e-06,1.1121811181371881,0.00029076017936214443,0.016279649894908352,0.22847199908970858,0.01015296167594844,0.04956976231677305,0.04349938214180003,0.23013073148282193,0.11820459624289102,0.1814403590575626,0.131728926242094,6.249789938011045,0.002946084276729355,0.0002868841645363825,1.89328058695288e-06,0.06851925863267914,0.05766581700735421,0.0011791129598207972
18.583336422316012,0.13103269653014177,1.2298789983927672,0.47854142421978463,1.1826391149390478,0.3691276415203642,0.0220465204816105,0.7612979361898726,0.009426028582276647,1.4029211959441898,0.00032710667024989613,2.039055752287598,0.0018396346774657527,0.46773312351503754,0.21746442889955983,2.9403953873002686e-05,0.8615937004710351,0.0004914941516196018,0.021865967979469624,0.190735958876721,0.09142601552722414,0.003596905805337551,0.005856562041712904,0.2093187508649913,0.438347195981346,0.1450384371970661,0.5955876395499864,7.3938416099984385,0.003083475644016776,0.0018314806922855435,2.9976252075799323e-05,0.08031123270927545,0.22471821032185915,0.002300801447713394
19.955282561254307,0.07389105920754215,2.9745548912214974,0.36392648641401615,1.4782879502950976,0.5143804596532343,0.06502940038968591,1.36344971448513,0.00023632334340433598,0.22627863699709697,0.0029707327432202182,0.12445552917433497,2.9146996752427427e-05,0.3963690266020176,0.04063642737205216,2.1949873645380726e-05,1.052223572935977,0.0016722317747678058,0.03441826101837309,0.08814692015307694,0.022948032825717852,0.3016425127448774,0.1623852160762464,0.24346826602704985,0.5082590531052783,0.055199199593202415,0.7376217721094777,8.020928475094992,2.2936690072745662e-05,2.5072688700145246e-05,2.2875493910410208e-05,0.015003782130778279,1.0865533203311863,0.0002233256918993643
37.57444764727624,0.09252733264665346,3.4630110930482516,0.3753970570130019,5.25516846349495,1.0219422922960557,0.20350401124350515,0.8556982402183115,1.7767228686130256,1.5787544883736104,0.0005336411443507223,2.3228550140763917,0.003199989405622864,1.2861599994131871,0.8787785309765648,0.0005846608480108884,1.0082673620818723,1.3163564829964554e-05,0.025791934612885127,0.06952703438420306,0.3271036704794294,0.12134445323484704,0.7636267475528921,0.0021483149929498193,0.8387715386620204,0.09613004629881905,2.2318258200003416,12.589145938779582,0.1214421804786234,0.0031936518353501597,0.000554375861282716,0.04048615574675297,0.21823740121013585,0.002000174687928559
23.019967649132724,0.06327697152422203,0.045793585416333174,0.10809293553646526,1.5970709857083425,0.6214661354013347,0.33872664351592824,2.475250133929977,0.0009718160525300901,0.033255174243199785,0.08731938939481555,1.4897912209065298,7.527607828154426e-06,0.45136390517738034,0.0037034625721189744,0.00014202567986197005,1.8313226146412633,0.0003625410337455031,0.015664948742378233,0.35835668608417687,0.3546877617417518,0.057256128493016464,0.5740691467455408,0.04047554071249398,0.10125706739870428,0.057685553727939584,0.8579595334470095,11.24909169496418,0.02159655799105781,1.0474609682551413e-05,0.00014353612107200327,0.12706550562894958,0.05306761226706816,0.003662832115822868
26.8237998927034,0.21347209131226041,1.0083167148844847,0.04887914190304433,0.03144792083441846,0.6755919337571169,0.12145632530716081,2.9197183158212376,0.7811059699048227,0.01974628365075663,0.04726891202179441,2.4248265532223368,0.00010791732080009465,0.6127582500553379,0.08537376632446171,2.542257783931654e-05,2.4668861682701584,2.737123284920557e-09,0.0039875090568993465,0.23346955458601518,0.41174530558957784,0.4024533034911609,0.28996380920031467,0.008842968104279621,0.003582666532929017,0.24348361918570222,0.004137162924988747,13.185775241596541,0.03910391185828428,9.535660647960772e-05,3.042964784514734e-05,0.3073115963319104,0.23090006942533733,0.0019356986599791304
40.518997858654636,0.25270162522766565,0.3329370978409791,0.23775043523749065,1.243272994259409,1.5399004148240145,0.5530535810007778,3.4430853662477956,5.071341923162277,0.31451415489117923,0.009074279004083962,1.1691019097279667,0.0004927564595950437,0.6919048787296458,0.6842823291576818,0.00010546321031763893,3.100137804503811,0.0005814273089029399,0.005708382493294467,0.5122530053072955,0.5890088908933823,0.044942488732753395,0.38041132400616184,0.19535167234765433,0.4408830651929572,0.18914866900143423,0.3565962468294214,18.961430069541578,0.014874254573382364,0.0004854394660910687,0.00011148032983828618,0.11703146185866559,0.06641871179963604,0.00010425548749021054
44.310553862965286,0.1605953085427356,0.001185552371325324,0.01278789309926912,4.715682217280262,1.129783525222923,0.3981304996126887,3.149138414634465,0.1924574176377022,0.17659368228490532,0.00018272695403280626,3.265890356434155,1.3070742058171074e-05,1.4506054148902339,0.033535647822965885,7.078665513609873e-05,2.529443307873067,0.0003560896079353919,0.1028769693506276,0.4412668379387311,0.6450270071154002,0.9259547957658407,0.36458477692989266,1.8216977095626783,0.005820604222592724,0.09304531466383842,2.521231841635937,19.554273749161403,0.03332801884423099,1.6568399228857155e-05,7.149049371354586e-05,0.08260078718969466,0.5000139555711655,0.0022915244544494872
53.51670113079569,0.23544287020746413,0.16137788124743863,0.1804207996630839,1.7834437261586753,1.667512141745964,0.4543250310645749,5.3793133250217124,1.589420437414879,9.4944095634283e-05,0.000909811668075706,4.180118159849316,0.0003740728568369773,1.3014846122857664,0.38326574568504523,6.989567303436796e-05,3.9330023905396616,6.9753766505834515e-06,0.031595911424861324,0.5372705514668495,1.4829153595687694,0.4535296490702884,0.08570151013535568,1.137393238301437,0.6864405184196551,0.4418718854605102,0.7074370875814182,25.70934050819258,0.03345541328467994,0.0003853867639992124,7.372057573397905e-05,0.3869918239695854,0.5698375749081545,0.0018781711180021463
68.45079744546156,0.20210304981307906,0.160515384826977,0.053621634540980956,5.161541860380025,1.6008052205087357,0.6304980365107036,6.383778272558533,0.38430371906616556,0.38465272615819474,0.008347204949885017,5.831896766386338,2.0845148775234738e-06,1.3818681700318478,0.00096559045856675,0.00019924933100106011,4.636570556669093,0.0014030405452119604,0.15145657644218602,0.847603567154734,2.269607796175889,1.332185103925865,1.659261743244576,0.46103905811324974,0.34868966335537166,0.3072146948090063,2.8749840208381903,30.67065215708806,0.06419693842403104,2.6508529165679493e-06,0.00020771942226490144,0.5141981451069683,0.11995527327454635,0.006469769983476782
81.86453286380483,0.44634894999525765,1.0140690748703691,0.7113569446649455,3.5367315870217686,2.5622444882782522,0.8184946449347061,6.407042816333016,4.582566437623464,0.3620025841309021,0.04431570763060595,7.934469590964143,0.0016921451371622188,1.9509611390820973,0.9519490690554678,0.0005795982233497503,3.611669049941445,0.00032075879503063825,0.14987842198950113,0.7513935186462947,2.1928596121737636,1.6123252947656377,0.00024255271994653012,1.8365451993873896,0.08929505416937468,0.4864152460277171,1.3176301485074642,37.55209742025115,0.007159258684282434,0.001662573350964688,0.0005581617427795928,0.482613291346119,0.44109150722713647,0.005951016133324459
78.39039535364552,0.5223849230937349,0.48787473672086723,0.7914798267444582,2.5627342049943898,1.835877270816862,0.1639883218971668,11.388776992526155,1.645423598444827,0.020253920593881165,0.040640719627910625,3.8033372747820784,0.00010856812688699823,1.0869690971378505,0.021254268842777712,0.00010186791817916656,6.659970736023353,0.00030626255138593465,0.058970511088573874,1.349215562769562,1.7688281682753246,1.1658378174709,1.1284146147970282,0.9024667580147302,0.2781701427550075,0.5961371194788703,1.6327479272040109,37.75568948379738,0.008580862835005785,0.00010125002002906686,0.00010987506704477479,0.6334347128194152,0.08013557817600403,7.237823386448685e-05
110.6347851081421,1.072011298849303,0.5784992479585749,0.01092475420181092,1.6715556812022834,3.455006675418616,0.6150996537748386,16.239466752443985,2.6871902916086494,0.004217008302236722,0.006927293223326896,4.129010934812147,7.861185317160947e-06,0.8080317755496248,0.40717219144577205,3.626445646658583e-05,13.445278023313525,0.0017177446787108677,0.06940918766755567,1.5820316135002737,6.082888164961869,0.03570620035819876,0.026892030171078083,0.4550377486625927,0.1159024003228897,0.9408176073532335,0.6462734648974986,53.520420369391815,0.002586952449526891,6.285824757569973e-06,3.297826639592665e-05,1.1860773299873912,0.8379614404596469,0.0005878814421831103
121.0716706540536,1.1807582288154481,1.7878089268628348,0.054740006977770726,3.6757779740193004,3.0883207166673787,0.24802117194186132,16.522210713339792,0.014502735088997848,0.04163231864922689,0.2749970155047037,8.332500555754114,0.00020674834933951135,1.730485597307046,0.18178568169377057,2.446360472229929e-05,11.315238561670034,0.00034607930238603847,0.0064594883957011925,1.6151272039838225,7.282041310584314,0.9762824514444006,0.4059788093990263,1.5349932624769118,0.42313095903468034,1.0485436621717543,1.8793938793129668,54.95618018299293,0.2060794191695096,0.0002174830838005967,2.6099409840008002e-05,1.1296403106949966,1.1582171666749042,1.4696753067106412e-06
148.97630849293887,0.9608435676794879,3.064432399576187,0.5489841433813286,7.239596962250131,4.015401139212452,0.7677615892452035,16.113600569132345,2.2802476438855157,0.0346495907621737,0.019039553389409852,14.546795514836786,0.0022155163062675507,3.152113835283213,0.9915740060570918,0.00031269405457497434,10.026913026079951,0.0007126427582905386,0.000614169132230833,1.8956823876619604,9.005386382505824,0.8739511451441647,0.37100558446413284,0.6775080493022493,1.3752334499502767,1.0149533588469855,3.179333593491797,63.93619664114073,0.007308382515072123,0.0021802907375395066,0.0003208148011515122,0.7965664236225001,2.07086315428897,0.004010271442852645
202.33001088706425,1.6200672037515165,1.5964979530516095,0.010981507266273116,6.493335676096256,5.3805384652289865,0.8824156319973373,21.452251244957573,10.367267005525807,1.8753872278328563,0.009081511623531208,22.673001066218394,0.006116409682662509,3.255759217395397,2.61080191854997,0.0009614230766501747,14.246330685328502,0.0018248601846629136,0.030183492602732395,2.4749802585993512,16.03972298293973,0.0029958996597982154,0.2238188731774288,1.601504373978731,0.880303387988093,1.5329260529196995,2.3620373939816544,81.17024373498849,0.04638907984351114,0.006056675318826597,0.0009815689049860084,2.0399921265017524,1.426937364158494,0.00831861373303581
170.13507897495012,1.376904843749367,1.214817046082377,0.3557318273310214,5.783374617406567,4.288920555009386,0.5160355230217554,18.12220033426334,1.5495528604079762,0.06517120038018252,0.008846053466388004,18.42491720691857,0.002021522006207801,2.5538625770462855,0.9045632788069338,0.00016917475109647662,13.886373473636645,0.0008027404593362982,0.0047395524412265555,2.797626108287022,11.951367179603238,0.4543834326112118,1.0449007099619172,2.6103323835434096,0.16159962979566506,1.3979302804788505,2.5983198021000726,73.85607352810287,0.04098273663540239,0.0020243107098365455,0.0001699923879518807,1.4024160618758326,2.7536158621030675,0.004332569569105811
38.97546613937063,0.00017075194453330288,0.030904049547518412,0.07059455710153151,1.449392944190701,0.20388748341126714,0.08018803732187117,0.10979042773794688,0.7697386039587788,0.0387615027037878,0.1978643679263553,10.530296394648875,0.005062391938487779,0.7379751172685927,0.46840584554789894,0.003978910220992754,0.5316812514502665,0.023537324697214,0.30254140881085434,0.977593362311596,0.01598230673210902,3.755301416642596,4.741717632069267,2.535506228330756,1.3700711433745039,0.002977845845897611,0.6557658634963064,9.014525621277471,0.01971618677930121,0.005009867735823357,0.003911353523496965,0.11004639102662744,0.14179392518877226,0.07077562460863923
7.4360424080028995,0.02214207967400569,0.6049316012069506,0.11089222350429587,0.0006512559472011969,0.07590302779103064,0.010636328430529769,0.010386797204541118,1.1107617439544073,0.0026846999902961784,0.040537150790872604,0.3829875328929233,8.812872948137104e-08,0.00048247693044747717,0.12305109513828844,0.00028980825990311776,0.0281604460483901,1.2529688303239375e-06,0.18278026174895726,0.28441485070294564,0.013896827156188831,0.48515014316754734,1.8268985051827227,0.3381449014986414,0.8668954359228092,0.0034294593936951842,0.01070685434204406,0.11634787827484777,0.02299136612602662,2.788327087602812e-07,0.0002762861241437151,0.04592070777471339,0.6892743773977227,0.02441466549554126
16.062510173389416,0.05956459635767925,0.23702285465675027,5.339747624586947,0.7887183605735271,0.08396973854618912,1.451731844030793,0.07061405504133678,1.7016012311592619,1.8733757367231354,0.01775635477508103,0.01866692056367574,0.001122981673218931,0.10484561960525189,0.0023559582470387306,0.0005476246613493867,0.028586632242955788,0.014865772828863828,0.0002997394537070399,0.10250009564599226,0.00018799305202691656,2.37372035017649,0.000644159121471324,0.036094009406972674,0.5696300206081376,0.12715696139115157,0.28207147124134757,0.1354444630569732,0.04220499402657203,0.00111588961341231,0.000521073525591395,0.14987405557237565,0.44466482559163906,0.00128616563250034
9.93388082595994,0.0007957535377141035,2.4148529954807936,0.016586989880198286,0.1474496556380757,0.07091090224427872,0.528206658928557,0.29659521032311614,0.4436621814533004,0.21192591611592784,0.005979448935457948,1.2874818436167592,0.002950385426284949,0.20860524494444116,0.10117561031019388,0.00021639943223421978,0.3871520673899411,0.01379607627762673,0.04400082580596547,0.02031524594821052,0.20491115806218713,0.7351798497738072,0.033981792729209356,0.3450074589679058,0.00369725970386761,9.637185417675614e-05,0.0993081644105821,0.03682980218163608,6.374513735428033e-05,0.002961890941796672,0.00022874631486564782,4.637414393261598e-05,2.268858699888829,5.01001607141495e-05
5.769358687073977,0.12505913259179027,0.5310530211549345,0.387518722285504,0.03441745675410912,0.04443470957270769,0.13162270416668548,0.2559657165113734,0.028187489100463856,1.4460862344204621,0.02659619229466341,0.16694878268123878,3.705767215197367e-05,0.12787994814120074,0.007821628050499076,0.00042593578891446393,0.6643256074681922,0.01661556299069274,0.2817673903286029,0.011189269099527383,0.11598563167058266,0.11220631346429931,0.5939849228500415,0.0006213191641194041,0.0006136983394773876,0.06811873236879125,0.014322094559272863,0.49245179971515846,0.0023337890233512066,3.8866178795939985e-05,0.00044371625267696754,0.005259709232100763,0.07450558222408146,0.0005199509575142693
6.429415087404172,0.02652132766348023,0.17775074104767,0.1492583724976627,0.017205714054097473,0.17300184854181902,0.29879215786239816,0.03416297031652868,2.8393317626166783,0.013895660541577226,0.0029586617915150566,0.002317500144598861,1.7528753353326572e-05,7.45468080397698e-05,0.1365891047841568,1.9495771696287314e-06,0.3563442723635074,0.005077499320602906,0.13181902464523734,0.0018303565681469514,0.22971137987500564,0.1415420482442291,0.35023588747284745,0.24401282968365093,0.3001302010318763,0.00047298918064249266,0.0033715587698491824,0.6818727885308635,0.0017269590393526333,1.897406262314218e-05,2.071563014140939e-06,0.00696991411361668,0.10163026306148601,0.0007662228768748187
4.966113953807702,0.025110828076989777,1.077144428783614,0.0038572679745282456,0.14442137504843278,0.0453419670095826,9.648691928732414e-06,0.1551744518232486,0.5551709360408382,0.1370763796471136,0.05815004202705485,0.19540656688757627,4.000339380377398e-05,0.03081254470479218,0.020551223333305644,0.00015553641068449385,0.3748092261637297,0.008208910571862679,0.17792900026695194,0.03280019150015709,0.047113027366566564,0.002561621479664109,0.3860610194296775,0.37862843503470284,0.0029384740913193396,0.0316533525587792,0.11347946856072605,0.42063970102911574,0.019950758134658582,3.654941841794567e-05,0.00015291254022058805,0.004069855436497475,0.5164202177100397,0.00023803266112002664
3.1798155928171323,0.03027262866099052,0.33111724725250896,0.9415201568875029,1.7999610661390715e-05,0.01591006496759188,0.059209012278482714,0.18132854120249603,0.3361649237828447,0.1257671559231701,0.006302585755133918,0.014381795007785326,2.7429427692750177e-06,0.00680408299879592,0.003534978704207052,0.00021568166685835926,0.2682707125810212,0.005199690067757284,0.10096674842407397,0.002301662541183007,0.13864662628182542,0.02129997436013811,0.01083469109170885,0.024306693950896092,0.08875446804458025,0.06134742856712505,0.0024707700554932907,0.3768920183853665,0.006366496213986938,2.131955201665543e-06,0.00020379577326287327,0.0021302244360784104,0.0172699018030803,1.960642554674822e-06
5.255093809551116,0.02411663950369301,0.022301735468397456,0.3621452819985417,0.03035969023298648,0.0005768851014102365,0.21344897629631582,0.07895551889520744,0.52937649644049,1.2890667570783885,0.02023212670659298,0.886425713989718,0.000824078425603509,0.004223541749248747,0.010458438071721133,3.6711828869399657e-06,0.18440558484460082,0.00029541541457235723,0.03434185710440325,0.0505668200831931,0.1588212795249723,0.5770743764119869,0.1705068143577206,0.0363226311663425,0.001638304601215897,0.06419913213315945,0.03642155586673233,0.3945653707674076,0.008467641984932175,0.0008060525084607313,2.8298749163081085e-06,0.05351996475871239,0.007522501630257814,0.003100125376327685
5.757967350197443,0.007124352442458408,0.03449167578503984,0.1672433962885973,0.29222080149402835,0.11282834192410818,0.1045159181067642,0.07950023938496983,1.1968657969114884,0.6249685524172994,0.021917202063236756,0.723323622631298,0.0005697028151370773,0.017008911960547126,0.1609803619947117,0.0003222347143030213,0.038568816150150835,0.0001176772872453594,0.0011389457503595778,0.09229854422391578,0.3815909652900676,0.015664636069576292,0.0008931259857333882,0.002173476221863715,0.15664612209490772,0.015561471889786748,0.08318787367434168,1.052569471948586,0.0014385756259713738,0.000552425226587197,0.0003158075586708898,0.004316828329471255,0.36025450039729723,0.00679697553892364
5.239728615352384,0.014982746749786788,0.07302818980266423,0.18051572953249706,0.2178905406381539,0.029874601385989945,0.10775155655869319,0.24620030232387288,0.0006192590437951975,0.1271738125534874,0.0012880027086138307,0.2683064417906176,0.0007132138496869904,0.009409248879744862,0.11793558720982729,1.5121383314497816e-06,0.17405921483977776,0.0025420923384567523,0.0008285775378066075,0.03741494898875804,0.24839087312302188,1.1735577480619597,0.03025413237484826,0.006902095316182118,0.10322577216021506,0.05435980539137834,0.10556007901634859,0.7426683136147063,0.0005100140612363101,0.0006979820690829472,1.7456300368190497e-06,0.07780921335098767,1.0837692849545408,0.001485977357276198
3.083901860861024,0.010660727932811507,0.00428212234868078,0.2202531985204765,0.006812377370210036,0.050433410179113715,0.02460134012212878,0.22724872130595014,0.04977190608088089,0.029260456130344316,0.004396394536365048,0.37879348649218325,1.9998768095485705e-06,0.02046308169457898,0.0028865348648952184,9.480177777501591e-06,0.3462106846896971,0.000942262156328686,3.0364208119533325e-05,0.05916092412936638,0.25768970813920256,0.007269390224220948,0.18616585548572834,0.006499503713928956,0.13455397932164184,0.027752390308982907,0.002091828599439297,0.9779433636103213,0.0025856289868628913,3.716837514038704e-06,1.1134222340766573e-05,0.040277253136926094,0.0006359599156979058,0.004202675541498208
9.175295434258812,0.035181480794117315,0.7003723246382711,0.1478592303067616,0.1009900302182136,0.19172689519161912,0.22509572600948857,0.5104774427762694,1.2527409218122751,1.1023643942839616,0.022914782772604836,0.0068927068687959,0.00015683536360837255,0.005695233333284284,0.029876553572737823,4.073828596915176e-07,0.6910094518166621,0.0034342426092356165,0.0008549415803912844,0.01372642968284284,0.6471688223004332,0.01583001359551516,0.06630900813161313,0.9720670297338252,0.007998042692420453,0.004317295617548887,0.018215263315684405,1.8535488485420073,0.011349768483242506,0.00014378024864041407,1.0666661603555348e-06,0.08410048827179493,0.452322167658583,0.0005538079873422799
8.01394520066606,0.0860056195921738,0.30923993383721676,7.336740696464838e-06,0.10706371694538828,0.03874133967192838,0.012652033285887763,0.7283278439975378,1.315274475708713,0.0730077629551946,0.0016187036509692305,0.3141420444303495,8.07408930785338e-05,0.0009645804842093006,0.06533005571714608,6.595537319405922e-05,0.4789490412226062,0.0019926463591380737,0.0008859457713186535,0.24057709211941394,0.4797985398205767,0.010535337960625007,0.31557383741135436,0.7374513728177381,0.9980204177382271,0.029902775172644475,0.12059884428326648,1.383774863810902,0.03642327889228111,7.280183487693409e-05,6.61358816595782e-05,0.0653809214209056,0.06005571037670164,0.0013634944881405389
8.47349949984101,0.04407260947980199,0.002631348848543493,0.32601685573502687,0.013262432047485175,0.2419813420297395,0.07874494795316223,0.8460563327601606,1.2846019965563873,0.003229785475157953,0.004472271560532054,0.1878271740862857,2.504579661994484e-05,0.030899403036213545,0.12598695958054792,1.408571545759084e-05,0.6411088125870954,0.0041622614098547235,0.0006766997684419778,0.08438738246977866,0.7356232185019767,0.03542497414723536,0.06223032484303162,0.29339673183996123,0.7545727373090088,0.10653505119078639,0.0006211964045050565,2.3748441249446164,0.004120289960018224,2.1459424831187857e-05,1.2573217104693921e-05,0.11490221303661867,0.07049376437859617,0.000543093746425697
17.026858817228252,0.12067360305274712,0.8160732907270271,0.29936739476983554,0.022052671567110986,0.404396537536252,0.2669032768495044,1.1473326383679128,2.9073327832568086,0.08900870445736579,0.021809763995205914,1.1425787157147096,0.00016468355585873078,0.016590841097787357,0.15883447562087663,0.00024950978991419186,1.3501616627207165,0.00011990267860300395,0.003911857116314077,0.11346032721872307,1.3212570014575586,0.06305749999164632,0.03610366771174704,0.6258747459831941,0.00019462769187318706,0.09306774924141575,0.0006567191257319242,5.4425770416522825,0.0006224868200164779,0.0001750167989063456,0.0002469215348948216,0.35849756191065624,0.19899341781387117,0.004511719401186352
17.370166152907082,0.14619030180994894,0.6702048245617409,0.1803908575947474,0.9350318835259951,0.41001371671504844,0.018773916827900267,1.3272017217351693,0.38486455262280045,0.037109254053186304,0.00987383419134917,1.4877711782755203,0.0006230292554861542,0.10461545731709798,0.2182108048216213,1.9348956573200243e-05,1.4212620930414852,0.0011379919063817323,0.003942172204686175,0.18941160548014932,1.8026885263313277,0.053910855870484296,0.00036600484213176955,8.535057217565947e-05,0.36033860063021206,0.12474595589034844,0.3950438279487315,6.174884197390473,0.025028062814312458,0.0006329532919404503,1.8995192060421922e-05,0.18862860763132816,0.6953803418660794,0.0017653277385884787
18.79125319580587,0.12044814715132401,0.20584721456560526,2.1233691037760485,0.02777098259159266,0.27267116261673435,0.17717578360538513,1.7118081042826432,0.13450542142831493,0.8707155649577262,0.00017729160399317757,0.5624546956976759,0.0003935949513917245,0.06436068910620259,0.007880316264199686,1.081758386814617e-05,1.599620838227952,5.347288814423049e-05,0.00012741773529395195,0.24877848577184924,0.8856061538430497,0.36297243391036005,0.29995158067959565,0.027647361409505966,3.178705435824324,0.05901681891007075,0.01351042780502723,5.55613421777698,0.002697219677872427,0.00039798782088558063,9.243654764521787e-06,0.11340310503871706,0.1620015621389757,0.0010305425097993824
17.286967931567172,0.17926908175643727,0.4574159048313294,0.04168906632592685,1.159221459721136,0.46407074028556383,0.005362402877416705,2.206420847917376,0.04590235783861722,0.004050295069583549,0.01070910268121552,0.3239833387436524,0.00011435378469056422,0.1439297952630342,0.1230226090635607,8.901944005036723e-05,1.5797502894712485,0.005021555114125204,2.616294140820386e-05,0.34064595372891304,1.5489945695898326,0.008232418169579262,0.2427404954560403,0.21445580336051845,0.016642828251049513,0.13656049830239286,0.5443122317221543,6.251162363766607,0.0025278898218794505,0.000124073418970635,8.441990137016722e-05,0.07577392146315018,1.1545089738213183,0.00015310766702174584
28.565490477218024,0.20840513321831128,3.2533374691612926,0.0627808557936212,0.6764463031383867,0.8512435156386297,0.5219431439901581,2.9898353662741415,1.468889304873917,0.13781519084617178,0.0018023779337118567,0.43767023968680885,1.069751518015146e-05,0.27013205314958577,0.06582206290518539,6.79375346108815e-06,2.1384432786303584,0.0015566183308922592,0.0008633016543901259,0.27038891052221425,1.4811036144492098,1.4681688480259847,0.03945519137093747,0.8327077184855829,0.4736798156580819,0.09798782781521402,0.23527821639415328,10.463290391582339,0.014525110950818463,1.268103156434794e-05,5.280850670246533e-06,0.10152154883205249,0.0003243710754295756,3.724367956374332e-05
40.72270854701389,0.09520441734171536,0.40539929041365846,0.019307884229239913,1.978423749624108,1.068884251851342,0.5231458477542705,2.3896235619288175,6.873394373520638,0.011320631027282297,0.0015953716614944624,3.4141615483108643,0.0014927015614038179,0.7342624327196169,1.1976191921330326,0.00042835335266260596,1.4006462093852408,1.4977703623454857e-05,0.008924980948734942,0.20610149627980348,2.6949770855437865,0.14754887533635486,0.05327181551423723,1.5467946731382618,2.164989679972428,0.1552984357472887,0.5677097160605937,11.388499326853326,0.07760271488800478,0.0014793834445274872,0.00044897400890465294,0.3086650788808537,1.279569597169359,0.00590191870841083
41.565994912953364,0.5456735935239573,1.140505963447573,0.09758330655616385,0.059785396213691375,0.37780917062840147,0.10360623908789372,5.197935151325106,0.5366546331224339,0.14121345754615378,0.04206521246518389,4.520939746643626,0.00016297694899151694,0.2282993545170262,0.004357827570414175,6.4490771412975735e-06,3.4786242901484785,0.00030290947545296234,0.03337399337416242,1.5925267211208856,1.8094517697928858,0.015088784563596155,1.6505826617918236,0.11076501450880454,4.2815791897806905,0.5155832314690193,0.005532560124985763,14.282767968391603,0.0015976190083447103,0.0001737603948803949,5.0392528546358825e-06,0.48842358654170226,0.2975280704452382,0.005489264094195697
55.11549710995661,0.42905622340852084,1.1920549799502438,0.8510014722001266,0.3501085254407302,1.0019517822331763,0.06616126319827206,6.73831369779692,0.08099739193201884,0.08919911524629842,0.004260116234983819,5.828693648561073,0.00011468909419285013,0.25581467833257954,0.09857990006534306,7.07356366592496e-06,4.620629724166393,9.619017165723087e-05,0.08080650641842912,1.345559066814845,3.481060973962762,0.33117897855618933,2.051461264485771,2.059956610040069,0.008412915153351807,0.41515599904066147,0.17415770192279575,21.481378518863224,0.0006554570893862121,0.00011313961005762271,7.461970664261169e-06,1.1707399077770173,0.8986381046246603,0.009174032030522816
66.70701273780507,0.3255826861658246,2.4314005044053086,0.5117932140806615,2.8805831468058636,1.5890568222987986,0.30016146956637674,5.056117438122699,4.360557244547628,0.005145945086666985,0.15274204376433942,7.433016266327689,0.0024523587124184345,1.5368176039230854,1.0749580342462495,0.00043550461128923806,3.1138974937957924,0.00027117957743739106,0.19538372870422038,1.0827737960308947,5.535037362185399,0.4292705469839268,0.013222235272345987,0.5486693268561778,0.07229799232467109,0.5953145773456773,1.0223062786613497,22.77408579735414,0.03938453205882723,0.002493476668192669,0.00042776504292058227,0.44467289580647434,3.1675593750459594,0.00912409542576429
66.90237497646045,0.6335153921988316,0.22701125639257155,0.08761719985689798,1.0959345315800422,1.8875061750997593,0.7897651877721038,9.517807577955114,3.0512137822078653,0.0008573359021473211,0.058597533572537365,4.534710250089032,6.890299614045238e-05,0.715272178651441,0.26643658187469815,0.00017559697710142365,6.404946279686442,1.6699293966314707e-05,0.006933286429117816,1.5711264194623669,5.47483701148417,0.21718737787720044,0.44594969645404353,0.007876579198541947,0.0018131278893116322,0.349573004136793,0.3840164611934653,28.432265225618394,0.017101714406597652,6.294915479562196e-05,0.00019183468326085248,0.7169500323332652,0.0007848916690877817,0.0042529023633425195
100.22753487508278,1.0413966934530252,0.4308276289425251,0.01197690490236372,1.748634189356521,2.977480095079294,0.9639594839873384,12.275228929668122,4.556661435736472,0.0004547899076449946,0.0039243835839996915,7.006918950618937,0.0001315911090707177,0.6808248115570962,0.5259505889152123,2.4119995322224505e-05,9.54928738118346,0.0017728848532001995,0.007785357824514277,1.526987038942864,10.075096152794208,1.1650808142520321,0.1536478547806378,1.0565736278878834,0.11807252949070131,0.749504136846914,0.5895576219097869,41.668699870112135,0.0003822948902935215,0.0001457081244441748,2.7536584877491465e-05,1.1039282563632922,0.2342899967069173,0.002301214721680261
102.10993260532565,1.204382455912684,0.17578761595716844,0.0007475151914274384,1.3491333833502603,2.9181635356996076,0.532484863756884,16.14828283673931,2.9450410457226193,0.3934630199402871,0.006869258745704077,5.2181110736183625,8.387771613433685e-05,0.686790698643832,0.42731849388970783,2.9865621776699477e-05,10.815075750931117,0.004546414007279651,0.02285197876057148,1.7768195863781386,10.852447298662886,0.4784930380740534,0.018158465179039327,1.7663336222590877,0.07243682317222647,1.0009479627019129,0.48082791814084797,41.24865584906078,2.2735517304702443e-05,9.129915669946576e-05,2.9274739068265803e-05,1.5156792721561603,0.04979253786826416,3.323805444974091e-05
141.8277725751334,1.8934423680710204,4.210488034140761,0.00040116499607491355,2.5134894337169102,3.423496077582727,0.11737307431681385,19.489728815122895,3.292066212273043,1.119540715542389,0.0052500777430707244,10.392767753624414,0.002079856865807468,1.0891982284125066,1.0576400923912186,1.2855538664034669e-05,12.805924791288732,0.005295052422517526,0.01797398034041163,2.796076498396733,17.965132733665115,0.26965771576650427,0.023261120907956918,1.1596169011407487,0.1005553549572458,1.5965084219402255,0.9421310412318703,51.7480880321091,0.0038216350316049607,0.002103338863988796,1.3725558996482735e-05,1.728190574516397,2.05633764871211,0.00010924794479844653
178.34002635386852,1.6472032459627555,0.42872976309546074,0.16166326452889093,5.045782554203372,4.142004667408518,1.0214830935650245,23.74825962472211,3.930463455219256,1.0483650992543492,0.005200950245573788,17.015249114771756,0.0011825349953603875,1.4996887704278192,0.7916684278198388,0.00027982842406090806,15.740769346384667,2.526291325765509e-05,0.0005606642882007323,3.921468675134197,28.600517196008706,0.869161800725103,0.871990363278418,1.6347710806820903,0.18454639144596496,1.6221514220041842,2.098568901003218,59.67000599463329,0.0006142059371169841,0.0011730836096898241,0.0002941312058782766,2.623083528689463,0.006366328039991118,0.006733583240942716
201.93181971195506,2.2683349909021304,3.037459151279208,0.3250717103499068,3.3575703546534372,4.313762179824622,0.2244885136880208,30.04223055856433,5.92726072022369,2.351375736456496,0.12238671776550164,16.136395509168274,0.003272567626865451,1.503325208177189,1.530224356954247,3.8444259847376024e-05,18.327141235703216,0.0029582386130825662,0.016200196625023117,5.188415202985426,33.78478882837058,0.00023769685340941683,0.031505746717289396,0.9823627585452556,0.7205300009004274,2.473639091684291,1.219380339103251,63.87119958200574,0.06002060320501001,0.0032529305670874783,4.116688646439934e-05,2.9813448357462886,1.1240955044915293,0.001509033057942376
169.42474328571666,1.4966362355202412,0.27434545252979836,0.6551458335595649,6.462174435366587,3.295124921769829,0.30081702208959754,15.234602346539736,2.703473739179489,1.3653483263069552,0.013392182157390466,23.491838125781445,0.004900926358469547,1.1484055710634626,1.528340274404509,0.0006184532420107845,13.462294155233748,0.0002580332252441976,0.04096872159778213,4.590706806790587,25.427077320769023,0.6192896740390949,1.8092986107177127,4.122184329763258,0.7327888317896145,1.2561142140287267,2.788307325219765,52.75447000251171,0.07381148732237801,0.004882884806153443,0.0006101296356444887,2.42964120659163,1.3142299069749162,0.022645798830570697
22.027098571968867,0.0011464261557600404,0.4881757282696706,0.4469726055532887,0.5943105369308379,0.009479650166169381,0.002045440349535213,0.01427733328283002,0.34109567661181484,0.06897717048057266,0.013655678700921433,7.357899419764345,0.003651468456543931,0.27104276634259306,0.2902490442233198,0.0028860370844989206,0.06453434994963214,0.0036647773675036414,0.8889908835070076,0.8145669248418006,0.3210575692038053,3.2193759574236793,3.4866523136750036,0.27992779180024985,0.0021780529452031425,0.0008841638213320682,0.26867776155799683,1.964922655048684,0.09539695612725055,0.0036260269969713454,0.00288022640896627,0.42783855901001516,0.18206468538480786,0.09399393452625786
14.762453379985804,0.00020668101112448586,2.046877693733418,0.7373742101378015,0.1416892688257377,0.021295581123817783,3.420489701782225e-05,0.0018574865308666178,0.11153623036115637,0.0029105525037685506,0.004770287728728238,3.1209166050721096,0.0009045151345057604,0.0023837193039373036,0.02552419609388599,0.001060134698990176,0.017755395766266772,8.24559895536713e-06,0.9737876704128834,0.9873161216456117,0.24608487476679547,1.4179592771280212,3.559527921602772,0.01447412352044604,0.706535803599794,0.0009883406284540346,0.07869183514826551,0.03644698183039375,0.017049714380188964,0.0009163932728456365,0.0010303135787703744,0.2864150982031483,0.12329208707776868,0.07483181466755548
5.41859720547746,0.00014338536928304045,1.5963830413077897,0.021166063425144013,0.0019224852398843004,0.00032992941815892997,0.03800286346240708,0.06411888891057128,0.014016729527905395,0.15212109421715353,0.005296815106184893,0.173501387810744,0.00030328414521424397,0.08988940462243061,0.035950522534559215,1.1847667018870554e-05,0.04228431186261793,0.019835739447588527,0.3294749473871726,0.23930882523896016,0.3621563862091451,0.007762230762868963,0.01035863867483876,0.3193285777015014,0.1061337054672229,0.002089077021810627,0.00016356227728853056,0.0700510193825456,0.00020702755092229602,0.0002940662393122196,7.948387149051948e-06,0.20382475029501118,1.4980212137971698,0.014137435009886092
5.382483337497049,0.08913388861064359,0.007127248189477431,0.020707544065921242,1.113124520075697,0.0072204450120363145,0.003513145559679357,0.3453679708513232,0.09439055281958729,0.017896830379936283,0.03634181741048069,0.478843241270529,0.0005741101086294796,0.32063383151396974,0.030425094346225943,0.00042017168958897273,0.6786767029002677,0.030066881463684827,0.0005533057110611599,0.05598746309902147,0.4397419178991736,0.006472088704167414,0.058372790110907166,0.00045405948835504633,0.3540023878070491,0.049772528447461516,0.5849970171788252,0.026098588802916815,0.006848838262295265,0.0005735823858522733,0.0004162817735448884,0.2662268653850746,0.2553532733181326,0.0021483528555320992
10.688488882053672,0.19881881122396053,0.4369113952846525,0.14335407440478348,0.35607736707772214,0.12288866536827603,0.08911940471407435,0.29330364326394287,0.9371586294093914,0.7554145147871336,0.03419503306549496,0.3263804309408278,1.7935430792339467e-05,0.14593398370155797,0.1353448050945596,0.0007327563307267796,0.8266862735937893,0.04016558554511369,0.06506799539412166,0.03224294844075817,0.2818061158403646,0.0020267504903456134,2.152940371384902,0.96247865508498,0.37419980495697275,0.18189218644742927,0.27376977144980347,0.8137237022794481,0.22958088949769107,1.4785468469515233e-05,0.0007497100903410577,0.04366695799418846,0.4315727166074744,0.0002522113895826606
9.670667873218347,0.03760215966300558,1.1853783440775052,0.5992271146104503,0.005062769560154612,0.10102708307479856,0.14345770899078147,0.13978373011142264,2.3242796882585046,0.5316682640671863,0.017392898262420714,0.08692808843651949,4.624361654361497e-06,0.0594136572972242,0.06463825001214969,2.0821709018149357e-05,0.3383040029414963,0.011494148451320756,0.09620011242241044,0.000813849254747345,0.5133167392336645,0.11986295151535649,0.5202296617386521,1.2330267968868065,0.004197094468884264,0.011736248295681656,0.030797381333070032,0.3227809768700844,0.006900046480958164,3.915369163564567e-06,1.9784256400558827e-05,0.02893025159060637,1.1331463068940812,0.003022402722166458
10.100911250198347,9.37362574836055e-05,0.4613765062744686,0.5355756563087828,0.1912697561658916,0.10054968343887452,0.19576667074718077,0.04174905396669595,2.9247373812744697,0.12510262509454173,0.009215844144108159,0.032498894911149746,0.00011206393589176242,0.005252312594046482,0.28151385159117204,1.7959432604006967e-05,0.05922579993907676,0.009291379617001773,0.016078633184969483,0.0018222269998334729,0.5276147607899699,0.19493882993688808,0.46921653534236524,0.016657171480316132,3.72714560350059,0.0004767320553755913,0.02071671478303739,0.05157992183438026,0.004066396552842623,0.00011437133307979556,1.5058591970559623e-05,0.007714493803360281,0.08566571656786846,0.0037389077480594487
6.177108649029305,0.053307289460358696,0.45761713038492174,0.8851834256593224,0.16959399795699648,0.02618365950330177,0.00920418403870871,0.056701293420119356,1.4033488831217293,0.40631316175799015,0.04201638745183462,0.32803376799967576,0.0005635677327200035,0.003292980071064906,0.15500692284310524,7.796509652668313e-05,0.20301318575903615,0.003994606749980101,6.4843002370480766e-06,0.10732060668876674,0.21044380936926507,0.20958681826293177,0.035034635147154755,0.1114531199871141,0.45890308494773635,0.04403332595883504,0.15173958232648693,0.507499702337218,0.03908088759381013,0.0005553799424228568,7.730260433865403e-05,0.05475677509413089,0.03549835305555261,0.007666372405912013
9.072745027775367,0.02308883498505697,0.8151722144268007,0.7510869730213838,0.6585813120035703,0.13355332515331345,0.006332260859149028,0.02636475451069997,0.5504076181694343,0.0027378162802576137,0.011173650735615664,0.12379501519277607,0.0004980920083113658,0.0005812631816919679,0.22888150149066855,5.260863645266269e-06,0.07283309963108632,0.010342403268233581,0.034369711713427516,0.0505745261985429,0.6566448695150574,0.05649024930584386,0.5519904241729524,0.04843433615760864,2.1382949947894563,0.03502065772763094,0.23187797836152427,0.8447831859847261,0.004079679894287032,0.0005137453779645592,8.659294433981241e-06,0.0024958985117018747,0.9993550938296089,0.0023756211589071236
10.645122557849454,0.003194845220421222,0.2742573158076589,0.011576112218710381,2.9117510437754937,0.04354468798453031,0.006938869503536727,3.274451337728315e-05,0.09693281239124513,0.5285795380953239,0.0906282875902554,1.7561256969899006,0.0014927919433935007,0.09257284610853247,0.12359997591979649,0.0005887669138429509,0.015771651930978417,9.228231411311994e-05,0.1281766824295426,0.20564686397045417,0.5410033604264713,0.7169226656045705,0.22844799816951594,0.04241045713757327,0.4599045521537475,0.0003518964675014356,1.5260326062122607,0.7753171439584222,0.0010006767473018424,0.00144691778654277,0.0006130680167560814,0.03515506237376808,0.0012461357630491113,0.02376620141086942
11.284522540271418,0.024855011095177206,0.15478572791305503,1.3420064733777703,3.2816442932959426,0.12427389702005177,0.34793390823100523,0.010442298757708747,1.063009654806955,0.03935612944233922,0.20176718775615646,6.465903476523955e-05,0.00030536644123157515,0.05771428695520979,0.19841616154939032,0.0005423463976676132,0.023724502485984934,0.003162322832623008,0.11417453210606854,0.043925067344332006,0.7047225910679289,0.11624775752313551,0.45848536583955496,0.9811762763230968,0.17908445694833602,0.007046027494816113,1.4208954409047305,0.27164563460652685,0.013497980634248554,0.00031175905399759984,0.000530541336668123,0.01869375144173813,0.0700742766768533,0.010006853576352191
7.702666726326639,0.003772293773209662,0.07680814635585295,2.1135836909648296,0.06344372968998711,0.046090681079987775,0.15318067436499014,0.07778693190217277,1.948407847837315,0.08655607682977336,0.00488876049103542,0.2661514153343115,4.775522194069355e-07,0.012581510433625497,0.05184750453923159,0.00015555096682517261,0.1297419657869606,0.002154387482131347,0.1737438327818684,0.2592268893584389,0.5349046275053757,0.14970725229137577,0.014835586102989427,0.09356424291234883,0.8331498420283451,0.029903430058558278,0.08560062534967353,0.41579745946726027,0.019673709866509008,8.515963919409998e-07,0.0001645035473551111,0.04439801067611034,0.0003669930008817834,0.010477224398697084
8.860726365010438,0.12509845657172472,0.06456843044903142,0.015345794609350337,0.11528918315692957,0.22301236869670424,0.0037072195033231283,0.5150227335106681,0.001449379138330222,0.3241048858255771,0.02377206478644036,0.024286733938008506,9.5773143553506e-05,0.05227112197706542,0.004044773111537751,0.0004220841472559655,0.9085044032433732,0.022170022583684192,0.049035704848502976,0.19431545506834355,0.7309712267827102,0.419938257990995,0.45688164469448533,2.1203143950684242,0.07383094151599548,0.12542630675933342,0.05536048553529657,2.0509191318859066,0.0014217716989085043,8.787299533421669e-05,0.00042711746209646013,0.15068241481753694,0.007917662567230895,3.0546926778177925e-05
15.082368793566067,0.28687608290746797,2.451980526315788,0.30258792810000756,0.007256558553682468,0.08145037666609746,0.5342376585807159,0.6532351564021129,0.058792257954610086,0.2863197812959322,0.030896570702992725,0.5755654217643608,0.0011700950490382942,0.005726544144365893,0.1525563024586683,0.00027770706379123724,0.7805343914495048,0.013466838662433266,0.014665833150504256,0.24786887378506867,1.0467228704007618,0.3956436102983197,0.28245038528222066,0.14068673372933932,0.08369684869089968,0.23384357696849767,0.004021428089712187,2.4308527147509658,0.005803237836671713,0.001188551354548136,0.00028247499849498445,0.24103713847705682,3.7303305453230062,0.0003437723584290114
10.999926284184316,0.03759604744235117,1.1649097886669018,0.8057660575966729,0.2568396227767726,0.10053937420878979,0.002263953177718481,0.9584062603127224,1.2857580459960007,0.4144934175647093,0.018930743194443097,0.1504400890221626,0.000503884054852524,0.06519853972680954,0.10830648245650676,0.0004334184119704061,1.4574675127900383,0.010751096785431628,0.0002507187291391496,0.16911033029130232,0.7254751037029709,0.011745388101427714,0.000730844385999243,0.6668956302554713,0.018264539426604023,0.09662897735610435,0.21969673564537198,1.9347557021103643,0.0055127371526806695,0.0005142165600781807,0.00044625344341485613,0.11254011103788737,0.19851060153033134,0.0002440602703133212
11.71599528323511,0.05465104313382135,1.9607410420627946,0.4945241380495827,1.0717172436321984,0.07560647818776889,0.06970769402727982,0.3329433495388659,0.07022150579004285,0.27125876140807287,0.02170770424912926,0.51891659969917,0.0009733889298298993,0.045246617009174955,0.08676663305953086,4.880679540990449e-05,0.5529807904201046,0.0022345738820844685,0.02600359746635118,0.2277921538271031,0.6967925668619545,0.5953829689344062,0.047487381833659824,0.5547540666334563,0.5945669670826279,0.055827336310862695,0.5793690338720633,1.878207824497291,0.014790621914011887,0.0009665008669595321,5.3478178113290635e-05,0.09987868886050233,0.710175472973042,0.0037002532478433354
12.67038572324954,0.003400352928701907,0.03167703562361299,1.221106815557491,2.468881988028038,0.29657512147838977,0.522121480925365,0.2478510479713858,0.2258221122427287,0.007562447716556383,0.020879373593865068,0.6263486163152135,5.479862482334115e-06,0.23899028546984502,0.034583737703628686,0.00035576347321711213,0.2600081067738944,0.0002956670895504029,0.12696259618863712,0.07198210945232178,0.6975557423576755,0.7553464549865317,0.005204961451179614,0.15803313960779813,0.04644557248894576,0.0012770818295408859,1.1627572448836756,2.8662905938667604,0.16038324935063286,8.595436133662e-06,0.0003655577786609611,0.05397133524246174,0.34891152778326506,0.008424527791351766
10.49888960909097,0.038045559637136385,0.5835344559950478,0.001662690851546598,2.230167002972401,0.23857195309142717,0.09383050931129243,0.23867993963573905,0.30163521356841727,0.24239667416247307,0.0008069102392742968,0.610257378537258,0.0008530112459764568,0.3005976444300191,0.20914523159798282,0.00023733986593401892,0.18304114255527593,0.001416667327651129,0.14358297651491608,0.13413396745839173,0.4611405597972616,0.008472498285177692,0.1061910235059497,0.031865803089447454,0.6920564331053617,0.0006069399137413569,1.0011882992317647,2.5099276543813644,0.06541506133442411,0.0008253182727326227,0.00022949924672866436,0.035715367634878974,0.02599990794295282,0.0066589743510235225
8.074194780569771,0.06558855980768157,2.9227334993247473e-07,0.004617807044855736,0.3554777593237629,0.14345460015226016,0.042808711412355226,0.429261188342114,0.03455823222459577,9.922358860691598e-05,0.02172899286659292,1.4975350615460474,0.0001682533511850262,0.1722713020796303,0.03475220152129223,8.274770542033678e-05,0.2537603017440119,0.000852027116453773,0.16669390056664316,0.22368458425990648,0.5753179532775331,0.21687588165706737,0.2290971620918043,0.45321041314028127,0.014000812224269462,0.023771233197304696,0.16472868829021609,2.7060899888356498,0.04848537534492046,0.0001714242839909886,8.727169176418178e-05,0.10330777299819743,0.08138784672737409,0.010267209882631535
15.36668141335039,0.055939233970510864,1.3095549107468236,0.07967911539336663,0.10145509155012138,0.15242664116840907,0.017106983090878398,1.2264466117838693,1.1017438874976189,0.6817227163327437,0.0006442948055751324,0.6561681991377605,0.0002828301254356603,0.025703247055698947,0.1455905326845521,1.6144905114524244e-05,1.0166631232642178,0.002022778215391425,0.09463916964260327,0.29323341622172044,0.34195520286316733,0.9167828349452877,0.8172927562804175,0.2289121377056778,0.6110551051363159,0.11101355769644096,0.11571267374204347,5.023707546301808,0.02051018226330668,0.0002839321146878413,1.6328893789929374e-05,0.14152350387686485,0.07222268402461263,0.004654039913559677
13.150097829245645,0.04268341493381099,0.19820425825679,0.024227041673162333,0.35555587223863894,0.3760745995362541,0.1580877375441211,1.363336523892152,0.0036249848179851136,0.6024856792746474,0.011979303566907695,0.2676411563445349,0.0002336724994030414,0.11022928484922662,0.00034274492245732035,2.9207456396431373e-05,0.9375260236596011,0.0034160245859782864,0.0706784136044771,0.22479627144891065,0.29781249889339456,0.9590174848698902,0.01696485889220475,0.21890028851299412,0.13003070695167318,0.11061497753826235,0.18031581077380002,6.07543343154527,0.02146580032115005,0.00022756957455364167,2.6511094059352955e-05,0.04250320254966857,0.3446584430830875,0.0009740295401818041
16.701272173032734,0.09689923753880426,0.31557039043171325,0.038486816160783,1.5076159485754745,0.5053510863217368,0.1420522765784867,1.3311080784685947,8.335932106438426e-06,0.01878021187832319,0.001049078632187721,0.8060723982175879,1.090363071090786e-05,0.3676576481038563,0.028627266855917554,1.0750702516074144e-06,1.29448193436706,0.0018835287400097696,0.04102073224840662,0.10966904127989342,0.505998518837346,0.5224046501951842,0.0023868676589515357,0.23072999396693056,0.06125792212887896,0.07016900050428033,0.7607933057574041,7.627006421132619,0.008718480528219552,1.2111926202062797e-05,1.481904089335911e-07,0.13582919190545706,0.16808116641308,0.001538404855863324
18.473151883656453,0.08811349708813734,0.3529894391707863,1.179162128900053,0.02131241331773396,0.3316502433163593,0.11172363073591063,1.8728970370672045,0.171188110892,1.8575081792175612,0.1358576784733473,0.5318989883282685,0.0001300786219389246,0.27307933651251287,0.004976227305434175,4.4754214787203335e-05,1.5990212342540389,0.001928002653871471,0.06276966726267968,0.24071208133858032,0.6755330286040879,0.2919259023390353,0.2134373257177368,2.100692748854709e-06,0.5682457297297108,0.10615124638712291,0.004807269345853088,5.985678447807353,0.1030462937648169,0.00014289893608663296,5.0954147768401363e-05,0.14554360601636596,1.5407405263903295,0.0008838251062306713
24.326977344676642,0.18572312453578363,0.7481232562985809,0.003057930783625522,0.8707464207522356,0.5447060404942253,0.023736556958819932,2.110456908601572,0.13553815299309624,0.7222922779952641,0.02516579898148666,1.8543030288042561,0.000706987231020162,0.3322073636021308,0.09830949328980583,1.40801650290084e-05,1.3667749377895106,0.0027168231055460985,0.08922018401087624,0.42324250999791757,0.2480720485403345,0.06206382294067954,0.002434344859061994,1.1749834518585547,0.2134345076440444,0.3378586238327653,0.48070974459606414,11.420858826640284,0.04982591358593877,0.0007249703026927974,1.5388302615179157e-05,0.21405749427599524,0.583685340593841,0.001210990312987426
22.776265065084548,0.09385360118971603,2.28557967458758,0.00545744022546243,1.6813121380515104,0.3704337390962206,0.0037472392507717283,1.807371577328048,0.09515293508403058,0.4630129753593511,0.10660095625083808,2.6346374271687005,0.0014652338572389975,0.8356458250186919,0.11647893839206193,0.0001584191872822808,0.9442510146001962,4.334096694353888e-05,0.14335372331391283,0.2637311272684512,0.372271841784113,0.0002501116690637562,0.0757893919982988,0.045944861855484465,0.0024549929393702956,0.1734876012153897,0.9046483946999007,8.604599336701968,0.05504798325612496,0.001436043806340033,0.00014549521023720616,0.3082616964926146,0.37355649486186315,0.00608349239677256
33.93552208951188,0.23996374651086327,0.12484247522389202,0.2616031386510691,1.4597860385927361,0.5271614752354923,0.05281406873801839,1.714620119792581,0.0070464415062366295,2.0724347718517238,0.0017569146020340368,6.031446472303063,0.003786365478308007,1.3178512211286788,0.5086627351624509,0.00013557330541184547,0.6741507726700275,0.0001127892119324544,0.29204769165626737,0.4601911744620429,0.35393280773622976,0.0013914933536679057,0.05576785480472841,3.6005640708867577,0.2522213236168042,0.2597130077315393,0.6927857890902038,11.590924082543777,0.01974954749259984,0.003770939905038783,0.00013925550475062814,0.3082467689138122,1.0357467253559978,0.010154436493136541
38.01369562906227,0.1285721536427727,0.09945596178189325,0.3121072266850116,1.5074899008573381,1.0991524084451405,0.4124230570346109,2.8802755261250548,4.639905925170239,0.45041574287618336,0.02186598084199492,3.7126785490535634,0.0017459518802638509,1.1600389302894967,0.82427871256072,0.0006672888755796823,1.7030765290639713,0.00013336427620317797,0.24552141218048013,0.5920606839949107,1.225714168073082,0.00016402460227752822,9.36596090935219e-05,0.2944754831152257,0.47881974396079535,0.21922098653793096,0.4667935138191236,14.948423329425317,0.025150467817352043,0.0017267463833384549,0.0006891321372015136,0.43414693495947443,0.11282485060336586,0.01358728238325748
45.745557744893176,0.49342520053499844,2.4281361178777088,1.271098201173302,0.5206953384876353,0.997873943658494,0.006229955096680312,4.406503484870842,0.9730766679035169,2.7480646396408934,0.03765423427810545,4.474860415587242,0.003287900560469516,0.999344054487209,0.6357947551739243,1.700875296455172e-05,2.3231038160985316,0.003587403299257174,0.1813178194019823,0.973886595623188,1.4223545778812423,0.04193000792342612,0.020673469549887757,0.5810680754066232,1.208563162704354,0.5524312899489091,0.17038618920558896,17.398246443054962,0.04536884493318187,0.003248026105400626,2.1670665391915975e-05,0.549168914389108,0.2691904535110992,0.004949067107057417
53.58927777545805,0.3419666430555009,0.04018298035584553,2.614898812893356,0.40921471370611234,1.1985734934729653,0.24167091326261028,4.6637795819609815,3.9959014503403547,0.00867818337645043,0.012434626388013285,4.9280795750397965,0.0006551835209378874,1.464890055685883,0.6407143638407605,0.00014879576634297154,2.4135266957128914,0.001122293237810374,0.17084397349157088,0.702799772362731,1.861944591962854,0.39397433420617195,0.00448701649145692,4.700501400119011,1.0991873446931661,0.4169918853890491,0.07842841158386452,18.883733411605757,0.04188531636215458,0.0006451120646451369,0.0001558488803568092,0.4316088742745022,1.8172765590620459,0.008375561292102408
71.21935116835851,0.8787576251549792,0.6758540441975247,1.4260823186769616,1.199471956931171,1.9934322821978165,0.04337739314069118,7.778681829642277,0.7716846489230671,0.8180929249705808,0.0003008028574349104,4.810915632148,0.001156696316007243,0.9411268616886164,0.5182212550520751,4.274502235276245e-05,6.355193783948904,0.004992867500087832,0.06253105653781903,1.3777857369615847,2.4354248851006,0.09696007603720176,9.957947985344282e-05,2.3075298740764323,0.7380024883370284,0.6637177570516399,0.4866882349309032,33.1194592998846,0.004359976013572894,0.0011537618075505068,3.8569334157136975e-05,0.7219494137430614,0.9852750494066675,0.0009897412872823133
82.89192784039489,0.4780524517859245,0.17281896344691208,0.17110193552235392,3.598139523015645,2.231138688286677,0.25371132768180765,9.885630786412403,1.905500385869518,0.40295651646403696,0.0597722346947811,6.066258349852841,0.001847522550042855,0.986480723310807,0.8057145390774243,0.00027160993273212,7.251102432419783,0.0002965489725564212,0.020947912575437044,1.8686831128257004,4.357304804363533,1.2658339281567434,0.18899576626356437,0.019987994732293488,0.6120425915277503,0.581582004909316,1.5469643130303332,36.46057757386358,0.00179237596351443,0.0018388011125898193,0.00027692370745180346,0.9430146484301218,0.7435191914887503,0.007771358147956345
84.76046143775176,1.007925890752307,5.389172329411321,0.015660928775024726,0.5613513027673502,2.260833063457445,0.4125591782821764,10.464839496917202,2.6844909762952254,0.6769350665735429,0.0020019776810004716,5.57213415261332,0.0005083854873130287,1.3829775103399453,0.31120982385814233,4.670379590746101e-05,7.667641337685278,0.002005150773690123,0.016109611132467238,1.3274114707750517,4.262054682586719,2.2837077471996112,0.055907483966357446,0.0010532392457161795,0.04828450141584855,0.7390307902642437,0.1679386314291076,36.50498663808974,0.0025232002374457377,0.0004963397869474753,4.637366777431664e-05,0.9070119618524367,0.02875881805187992,0.0028466725842055934
112.37699779091277,1.1679311305535647,3.215111475478018,0.05680891585059025,2.991362713310398,2.7784646357673095,0.05833246663578389,12.226083750270009,3.864391613231367,1.3353214638098243,0.019039876607756634,10.583703380451492,0.004748358027004225,1.9720900371736285,1.5889706697544423,0.00017641037422295818,8.442234110386826,0.0013667180335377258,0.005522296018419458,1.725129758234952,6.990579382932982,0.21190561656355586,0.0029952535497451077,0.49361041956885854,0.34849741529434025,0.955996309403853,1.1109456844234729,45.78039251951931,0.06534650024188729,0.0048135068523642134,0.0001620075708308497,1.238818651834151,3.1306624332236113,0.005482309964656689
100.67010812294822,0.8486940305509127,1.4420144433210385,0.4421153005911626,1.4108765215044978,2.353014937074373,0.21273440377335223,14.29695846184817,0.27881130955298217,0.26593159800027,0.029362006928364902,9.03722396151342,0.0004035037327310326,1.7512654195930981,0.16504696931427987,5.553204639417851e-05,7.754186542960628,0.0001560632414085291,0.047541941592800584,1.6151506160980211,4.4916199828627486,0.9429407587933106,0.8874927629902669,1.0196005930898364,1.9574456025765818,1.0234355536283142,0.6867693439209436,46.1153221890588,0.02151724466045986,0.0004072141947023946,5.870000763047682e-05,1.3340115582542216,0.23222273562528342,0.005720320047206275
122.89347497564788,1.0519714246918939,0.5891585851822858,0.011606349876974197,0.8403654634048503,2.9220147306240456,0.6054902137419705,15.351028103847467,4.369787257112625,0.2602436707368053,0.05137780972326491,15.697861082860895,0.0015593300810209944,2.5988610274871156,0.705244355111138,0.0005152130760931697,8.15371167268054,0.0004017928203308941,0.15934215522883577,2.546826110299079,6.865892614110762,0.9791047260294324,1.754460352285944,1.573776927990872,0.015888835432176004,1.0451319475465366,0.24115055906175986,52.66638814689222,0.13297961971766092,0.0015784199120310292,0.0005279380226175897,1.4471206559059135,0.23272882435334635,0.019379059799370758
153.10467708002446,1.0034053172513038,2.019543512884686,0.14390769077190038,6.569242000275589,3.8813549483106162,0.7115836904169408,19.975092136388476,1.6995954436501244,0.168674871785676,0.08351193646678139,14.172702762081094,0.0016506270761334806,2.5800214628653153,0.7209706525778099,0.0004678940070016547,11.025777357076377,3.312058938619956e-05,0.10081043642268847,2.6619579826687514,12.026950759001359,0.30990875747426666,0.7604691001820412,0.3552998786096083,0.0720055406662086,1.2124700780422295,2.9891698187664684,64.85580414481247,0.2268150175125853,0.001643940931343846,0.0004625972930035946,1.9191104307068463,0.8410263180762794,0.013236854383076974
198.69061066430334,1.8224648171671065,2.4540327504527353,0.08685715091056762,6.295832616319208,5.46140839820085,0.7840743662614739,23.626466839920553,6.8633284512335475,1.133370236041242,0.01163370916598671,15.731257121126962,0.003019742262149501,3.3773636400292437,1.8852776239753468,3.205602354622952e-05,14.149276837030076,0.006168157640956697,0.10316876044780811,3.844862672123312,19.493954979958357,2.2173654592766194,0.06698583653164035,5.524481160134735,0.6831751380493669,1.9879920449682003,2.3679362863046234,74.87894629854355,0.028123659094690216,0.0030142656036480273,3.2823375219302495e-05,1.6127381716204217,2.1827096702125948,0.003258924296970362
98.3476229797308,0.5782618311415471,1.8388333644697268,0.04889759353827952,4.736682906181678,2.042196608066436,0.0649230862865023,5.552137861717487,3.2622341949856994,0.4716525794840425,0.049986937983853015,14.12334520246562,0.007378882731856566,1.791519371842015,1.7794510910764145,0.0013720273668130878,5.861502899630292,0.00034787889299939,0.26564150977957113,2.095292391656887,4.0942188331084655,1.7484666374642948,0.3835042117066868,0.025819415562153846,0.391823639718498,0.540715770045016,1.9363609582531087,38.8985858032737,0.017406175605255016,0.007349496703237577,0.0013706499063464287,0.8941695820108713,4.803368295433503,0.03280529164193425
24.630832010472453,0.11935950206524366,0.4629287578583919,0.11817538130904559,0.5201483919668135,0.10017904575450938,0.005428559457898536,0.44442936768418784,0.41094492279160333,0.8321319325826281,7.478921318594056e-05,7.3064816783192965,0.0018701886067096119,0.702947499906059,0.0014952054127566371,0.0036705692929232384,0.48265432980994427,0.017123295849083228,1.035593699987818,0.18707885642599237,0.17852412025999467,1.5027003000467902,7.736940455774997,1.1649491609653875,0.00016150561923389487,0.10907624403096747,0.35536469312053415,0.10616785016001504,0.2588130795811233,0.0018458748964797422,0.0037103613504847724,0.09309786597166685,0.25383302003473895,0.11293150436594886
15.34922908557791,0.06486422759921937,0.10436680722426481,0.40479132802597256,0.3968205258065035,0.17729647892677824,0.007215293030723892,0.002947147168893613,1.6453396366575432,0.09054477442585959,0.002337374398505034,0.42117700489410703,1.9515905047526186e-05,0.003754660532055115,0.38198807825093684,0.00045851236142447266,0.045724547158027755,2.9893639526719138e-06,0.458832785191637,0.3679488435558495,0.04124955172481825,0.08396217615847158,3.9180605796224204,4.285592566867012,0.0947187840968323,0.0011984133375833282,0.0869237834476841,0.279641846574837,1.203059911195615e-05,1.670801641233361e-05,0.0004595820179110896,0.09712085883283864,1.8413702662654752,0.04247140753920003
6.507112291620071,0.0006880568546394173,1.1296583296477036,0.24085987142584958,0.002484825082216595,0.0015320921174568182,0.011333678502780003,0.14009203878366117,0.22388279258883678,0.5212739958065935,0.008078123893903298,0.42613574299137574,0.0005402622321140418,0.10932891531862211,0.020008384621429735,0.00028237671252355056,0.24200312373069388,0.02284735728263733,0.05248544710980558,0.12602495118084178,0.17943371893298196,0.40199686122092226,0.043791194260226436,0.6269746438848678,1.0582915372541806,0.014065079878949501,0.006441705336845693,0.011857796494748104,0.07277401868316231,0.0005359834423741904,0.00029371101650007224,0.04778649013155206,0.7600663639794846,0.003262821219591079
6.221572500240587,0.014770685249795303,0.16136808013097043,0.5303857650988854,0.30440263723353395,0.14540466555691467,0.0678986052047075,0.2523564149869849,0.40622284075679904,0.11233727864226481,2.608352506290506e-06,0.6231603680360691,5.16595714023653e-05,0.08405214468260432,0.024768955850283006,2.028583829905838e-05,0.5972645109736785,0.02005114823725459,0.015277783251977829,0.06628966269451209,0.15760023206215093,0.15708735720642344,0.7587547832571674,0.4845806807389636,0.09354337821894858,0.007212856297483111,0.11809875283272811,0.8735003287360387,0.0003556498576104119,5.028946330914806e-05,2.313788856964725e-05,0.00814766812508506,0.13490615405184747,0.0016251311548180557
3.7764927028100557,0.02551142113532293,1.0033391263162534,0.22810757417627314,0.0026450888881062204,0.028158532052440736,0.038673587275594216,0.03496352931916484,0.10613289308112107,0.5684377164641159,0.01326007346596468,0.12634786503768242,0.00011288813055924272,0.04252823241086453,0.04207614308467365,0.00015525013988363975,0.20190458673839362,0.019146336153985553,0.048001884050255614,0.0025946683640677647,0.0993247770275456,0.0021505494442601446,0.7181682130373259,0.04566711319624806,0.1797169208538833,0.06056177347950668,0.005892648188513266,0.12634330765945892,3.3195566039736164e-05,0.00010964491083104035,0.00015955661043212793,0.0024134349850671055,0.003284354215501231,0.0005698173507194906
3.2220506219794456,0.002662928350362715,0.037651867254735065,0.00038241390248694527,0.0009721150743625487,0.07066777502650474,0.07155962595507279,0.054562421867188904,0.9653285747857138,0.0793094935098295,0.1349876230921524,0.16824952585446468,6.82712193304851e-05,0.01697396152577763,0.04021117395618611,5.9043812446740984e-05,0.2137265156087335,0.011739478391540124,0.044291414338709326,0.015571962027890678,0.13087703724792635,0.04390762607370097,0.4337694184035062,3.480399154943507e-05,0.21450192196335074,0.014856560721970445,0.004913347254046231,0.21503721562659162,0.15346259311271457,7.369423572241799e-05,5.6091928150045924e-05,0.005100533970411936,0.0759307139668719,0.0005528779294439391
3.234151131406016,9.131315958044574e-05,0.0005725008286746412,0.0286386815318576,0.29242708601976447,0.015234432469355047,0.0010515555569155478,0.00392140297124571,0.1175571872344952,0.6364283471929036,0.00360423064514619,1.0729048255283162,0.0008847045536212488,0.06970625801689145,0.09680811740110955,0.00026375747293389614,0.001911534366472722,0.0007304496151194729,0.009447408812474816,0.04567198816306777,0.14210586613242995,8.424229951933938e-05,0.03416292667352613,0.1285426651999079,0.07479333750314782,0.012378353856714788,0.12154906283864675,0.2549361762074155,0.007275995760958971,0.0008587075777286844,0.0002559566031575167,8.893117543313247e-06,0.0454359425965571,0.013907223498816668
8.873775579152483,0.04501911402572511,0.8797335472114775,2.027356846172446,0.017971041905529835,0.0619016307368364,4.237791301820763e-05,0.013877051572064968,2.4779458666568894,0.36197031876148733,0.003516353866799896,0.21446547467991725,0.0009725099367300715,0.03082348419321631,0.3725911280965424,0.0001341797797916614,0.10042379764679507,0.003705414628066393,0.00023929668073589418,0.03287416184506216,0.22530711531097453,0.14008745339203285,0.536418792991714,0.04924243452054767,0.319790480432429,0.017376945244126717,0.0023611324972557827,0.5263631312134884,0.001502923601457231,0.0009555116331533279,0.0001381643282003172,0.005838877433933225,0.39828493386365277,0.004544086380385539
10.759092587077074,0.00047968159468039876,0.26900936384924734,1.2207237244068259,0.9360636717093685,0.054259636206300796,0.0017051398106442725,0.03722859752041119,1.4814552850848655,0.7356428879334451,0.008699577786290586,1.1729919360340781,0.0025208079881946918,0.07075477558556699,0.48791168031413595,0.0008912017069155385,0.008396964889352597,2.3188104520780098e-05,0.00048508760701089574,0.14518520522753584,0.44039360230791513,1.7377884057478687,0.017387816592228992,0.641473581539387,0.0009613596162087422,0.012033096258236972,0.33726958089818626,0.7460859589127156,0.041967282760115694,0.0025070943889311066,0.0008778039167031169,0.0035042012455250215,0.12603397673015268,0.016380412803509027
6.183756020711361,0.025166636135728553,0.059318330511451016,0.0939841310434117,0.5659621073410149,0.010642770951422858,0.08652248859795561,0.26456744808346816,0.3506164509498908,0.02948802478127158,0.004615113400812344,0.11895433875904012,0.0001207254622063772,0.01047233001415674,0.026738083646924614,7.77642764516766e-05,0.2139822098480032,0.00033531925650534056,0.004684887535924127,0.11455108883786957,0.14125401987291814,0.19919727865281442,0.4630847859205135,0.7281140171083061,0.24379623819141882,0.004996442245338811,0.31108051156969896,0.3182107049313034,0.004721448348929729,0.00011242296843356629,6.912801487525913e-05,0.028708887417526627,1.753657517944672,0.005952368091103216
12.280483833344565,0.10375070596308314,1.2740463276019718,2.5747889117242018,0.13003315397142598,0.04180190600721349,0.38722587662028757,0.24766983650661867,0.1950884479451936,1.5689802664956893,0.014523415686168394,0.6935339117308699,0.0019321289336354005,0.0005395949722861996,0.13614456038722034,4.687703491996023e-05,0.2585419950354162,0.008232251606822043,0.0010182757097555682,0.35781427698121726,0.31332386728708567,0.6904073376507166,0.047486358423113655,0.00012846808153565972,1.1297258679050133,0.12954181328273537,0.07719853088125431,1.3376524325819517,0.05018254455694156,0.001936683794895149,4.296327852570267e-05,0.015641813657225164,0.4881349101835268,0.0033675208660475632
10.449553301919318,0.13383126635443526,0.04871745445297717,1.6731051547970948,0.0032555927491949776,0.015277131919011427,0.38865307753939804,0.3938704039750893,1.4769773381362923,1.5155824801495204,0.03107302620955177,0.8698184438539603,0.000608206375805563,0.010346711910136924,1.756890423510528e-05,8.975874882083798e-05,0.6629380369484352,0.004346304770437707,0.028676027119303088,0.11460792348111475,0.2627052335924398,0.6361451177664997,0.2221593536370869,0.16694228138774309,0.0030109290631207953,0.11129347459366634,0.022879802492742515,1.440403957408404,7.465435929861398e-07,0.0005877861785368462,8.718134707276021e-05,0.20813702578122473,0.0002576877974648996,0.0031508159349069886
17.404482814783265,0.14325879504273414,1.7779955564819472,0.01062105562300453,0.24900820749691568,0.1945596924591874,0.18585261229437813,0.20908401611180055,2.1258122035442537,2.012219808473428,0.021998727328835635,0.48723395187462204,0.0036062695979840152,0.05498253867144586,0.9963596274233023,2.5452956242522814e-06,0.15346970110691274,0.009287561016692184,0.008369450372907882,0.03033215422933296,0.3917332216638473,0.7092990442169256,2.0578787198323445,0.3953956084517215,0.3939975602636352,0.1496899581144673,0.036440413996178755,2.0013515762112695,0.027057164221895174,0.003603841591277366,2.2487212672090413e-06,0.032583383569152934,2.5311475750021604,0.00024802448181402174
7.164750556012003,0.09547131598684096,0.4584549326956455,0.5216922312237321,0.017869282182768658,0.1270735617348156,0.03564059731845921,0.4887499566503015,1.526798274433501,0.01940388128994634,0.0026925887588393907,0.1380794605065334,7.516144402394423e-05,0.0017731902766650336,0.0952755362420951,4.114284937640216e-05,0.6196133068114668,0.001668932438215668,0.025647288210225855,0.1216847135947934,0.36520692091938073,0.06883843967924097,0.022018595315940574,0.39986379165386327,0.15694420885714372,0.016380558628340664,0.036520675008285264,1.7544857699984742,0.008202450610375644,6.725857228370965e-05,3.5306763866616604e-05,0.025223946913570383,0.011404209523817916,0.0018530689191737755
11.204352357243371,0.17341359586775873,1.4170387205554247,0.0019053309375717264,0.004076996155843549,0.10410710737845111,0.04570302441435361,0.3488686988168656,0.1395587680479583,0.061734926379612254,0.012210295308330708,2.2931823888474896,0.0008790157551982978,0.0816417118416002,0.11874232226433973,1.6908449309042576e-05,0.7757608362989389,0.0010803049575124947,0.002119282016502007,0.22272760299590433,0.9154375607367485,0.006037899015316224,0.07812388578099551,0.030654716753189596,0.07326878995539406,0.13089500822829864,0.0001297335116768851,2.976468541920664,0.027895702632352345,0.0008885064613968144,1.5679516989858828e-05,0.044504525057814874,1.1097922805656315,0.005471689817936933
10.50442025029226,0.1347081580403484,0.2227558297956343,4.0280534785245764e-05,0.0015451394198199922,0.09494778089420791,0.1040893366567607,1.3165959632688689,0.05556358839003562,0.36721288325801626,0.0009152948613935871,0.7034332444239125,0.00031302716776651065,0.0024120249574417084,0.01993358687007688,3.0723376235540853e-06,1.1649718198196,0.002266173119013291,0.03584561763069903,0.28310736504634426,0.47328256315060124,1.0079841695652982,0.12588611406946706,0.06803768143020739,0.5649480113709908,0.12220006817320209,0.004413631537716527,3.3046713258495704,0.004784152048927022,0.0003147471714953023,1.973357914849914e-06,0.17398338017431692,0.14049932241422514,0.002752923485978889
12.730936153855307,0.1483093825518273,1.3083088228934225,0.4031530231141291,1.388214694691697,0.28073046479198077,0.014939303832750675,1.0560209040512607,0.3810196166086415,0.42334477579791807,0.005801786435582092,0.08659617717289875,0.000177119352029883,0.014497626367141784,0.025712659173198288,0.00014515178739913975,0.9276111172582306,0.009694405674426015,0.038265896033004954,0.09147324106136885,0.5472562951541882,2.738239151661901e-05,0.30242374753282236,0.001795627069252934,0.0788172984087479,0.06880668147676475,0.7800149351292031,4.1413964857309224,4.31900139292622e-06,0.00017009110639847042,0.00014730207475502374,0.02368477921554513,0.1823745118361851,5.290787047164616e-07
14.189110725993572,0.10395170187991092,0.27136247284256315,0.04298958711491576,0.5842223640825475,0.49036041370841554,0.03697850967725119,1.5988061693499804,0.0013432190933578018,0.008564263664354501,0.006671394783556333,0.030027667510729272,4.731106486632453e-05,0.004433629993330554,0.01326741581758424,0.0001359758119287471,2.1354948618059675,0.006782258696508568,0.08791545563972186,0.10839687019904243,0.35577935982458136,0.0015934095250318971,0.1359529978139019,0.03651072563722104,0.23295537328772314,0.14731522775145262,0.3030888833432582,7.247103102881792,0.023928544162731887,4.790854833443054e-05,0.00012936436524326503,0.054760359077918694,0.11801844658189567,0.00017548045595327993
21.878297247857084,0.07089445365183074,2.442652590228411,0.07251496728506467,0.7199767114491892,0.35630746055315593,0.010914593690774528,0.9969356058274543,1.9176443913945849,0.400016257465744,0.012263013470875982,2.310682806515026,0.00260367552689579,0.2840120900309692,0.5558345616564734,0.0006417841942427648,0.6404166096825737,7.100019399692175e-05,0.00688295728332895,0.20500653237694844,0.4330453783336252,0.9302250633518185,0.0016880110036572402,1.5001511701678818,0.30474139658307414,0.07414891390059276,0.23621062020366182,6.666306528809478,0.13878555566201128,0.002611398295986639,0.000612347301844068,0.06279069777256076,0.5112053158456006,0.00950278814775259
18.86902312062826,0.030708171332780736,0.6859374509380048,0.018509957598426493,0.47097930435478175,0.5408710829667542,0.5757184625578579,1.5554147994651155,1.072261748316733,0.047327073901534324,0.07719032941417428,1.3407226221009283,2.2300889626364457e-07,0.22916958032675702,0.05506571834371475,0.0003197641132922472,1.327986628115183,0.0002349840949059681,0.00011324865626138026,0.31344630021344755,0.41607199070778544,0.033374309294939876,0.5141220071037389,0.09306514554900765,0.14847569124430643,0.04914138547461577,0.17599858061805257,7.809131805816245,0.25765231719596443,2.477436375802751e-07,0.0003094236996680398,0.08250605316770802,0.9401446801135748,0.007052033079467626
21.78310266117392,0.29859762106830384,1.3999170685109885,0.22192266553971507,0.08654954951435627,0.44730588781378067,0.013264381560859061,2.3280224681146002,0.1997511262410043,0.410630960507216,0.030833535194038576,1.376505521177219,7.70966161154349e-05,0.1388007119387668,0.003435630294243262,0.00015360364442856212,2.203134682888086,0.0025580722367581524,0.017011348850883304,0.3135784556815084,0.5419077369551479,0.5692872039663623,0.028013500995248224,0.4420964998499604,0.2628439828481671,0.33697657383791907,0.06583384913200303,9.715593030815569,0.1327084095658879,7.79520941460779e-05,0.00014570185564673115,0.12212641807261157,0.07343993043029086,1.4833620882589909e-06
18.391561386948883,0.16524604074560725,0.014306557523676251,0.7461777864567052,0.27442420631614484,0.46323577437914193,0.021558395764425257,2.1533802142909027,0.003672109321458007,0.05380310159853265,0.004482569506883175,0.6998756134169718,7.186086830218121e-07,0.44690437014229184,0.02361046854187949,0.000210315213737808,0.968113716131902,0.004486921769037787,0.006267160207961501,0.15879515616152154,0.27371373158818024,1.2037331729129552,0.015255181859272916,2.831487774517088,0.2052119134341393,0.17946361933097216,0.13433961282782256,7.065411609843414,0.032633460192052224,3.7962442985758643e-07,0.00020640794594205473,0.03862459437378788,0.20291546513838746,1.3267262973744375e-05
25.283260276363112,0.1316321386708342,0.02796083139274252,0.9638961008048759,0.12143868103369695,0.5939193457384693,0.03028298020414288,3.1771931483707783,0.9222230153859348,0.3482451596094645,0.11370794096381803,1.9960326146559657,0.0005664202688798568,0.3757832524283103,0.25533982397697186,2.1101066577591476e-05,2.277436045343709,0.00018546978111314387,0.01383323571348789,0.4868839800980173,0.6058206701463976,0.4802037356568816,0.1578735626662452,0.1993542717143267,0.9363757479252391,0.2674811614614753,0.0300222617049663,10.403246608932049,0.08262314367225722,0.0005924426854553743,1.637445536407181e-05,0.2102171229481716,0.07069899050716591,0.0021528963793270507
25.926451700959646,0.18221637241531116,0.18160029193124044,0.04981929914780447,1.7829831585955713,0.6331854579003448,0.148931920952438,3.0530370330527106,0.009130992838390596,0.024219409184435596,0.08469164104140964,2.09981540564008,7.280343290544421e-05,0.9105561869026041,0.02867544196869525,4.8918154762036514e-05,2.015332627603727,0.00020543709186450466,0.03301615873424127,0.30767892671212854,1.0214955210479342,0.3713747856994589,0.18618003535717492,0.299215163820205,0.11370483646775519,0.10640703598590914,0.9394174551416589,11.02491009141092,0.04935479099029182,7.063456415767978e-05,4.663232951796812e-05,0.24717242719196691,0.018479686747348324,0.003405120904680504
37.225669836257545,0.1724161176933536,0.24489261569511117,0.022928339966619343,1.7508511051663824,0.7832762893734178,0.18804631802211266,3.2288358682817955,0.010684542608348816,0.36589662000932793,0.00019584588455671167,4.516035685192232,0.00013899216838439473,1.1541300804898105,0.06690305550879654,0.00010262450754342352,2.2379911380608832,9.149581015276359e-07,0.12709255366056932,0.535224773960863,1.6065468246443946,0.711178651604076,0.6593852124130559,0.8194859441850496,0.08342618406343592,0.21573237196630313,0.8806493195381666,15.3361202682919,0.010589673065804025,0.0001398657888458452,0.00011321108714050077,0.23267556739662035,1.255885613832257,0.008097647172284719
54.49563710898251,0.2015336815570023,0.07320789691092457,0.1426269008777022,3.6662100998759826,1.540328037866656,0.6713207656068635,5.191657193056582,1.2759716110766188,0.05082415640158334,0.10504797814053878,5.651946250366543,0.0007792241642927479,1.2166977972139623,0.40568780674029964,0.0005906453640313798,3.027279669956827,0.0003958917676349484,0.09015579191409824,0.7562045341380601,2.022155534661111,0.002149146463692281,0.6035002167592805,0.4396806233782561,1.2395034937225333,0.17209356631535022,1.62040797781832,23.793712428101724,0.00010798435142732202,0.0007786463950305116,0.0005866670452734607,0.49966667517237795,0.018914529130145373,0.013913686671783866
66.62872241924423,0.5211625659109296,1.7795791619477341,0.9127337210069486,0.7497484435538883,1.5833022678540336,0.538664238542327,6.763133649182255,2.0146439369782394,0.028906863739042027,0.029287839517438453,7.6286840254337305,0.0003833680590573145,1.2198304622051344,0.21010669903959406,0.00042454700939582114,4.313943297914121,6.541685425286712e-05,0.12679848672389815,1.4150868463906612,3.505202863430338,2.1773297834462064,0.7574778820127915,0.17576234163066998,0.7159523256236234,0.5005766324876421,0.2662660669760532,28.16036734154436,0.0035176567147629303,0.00040152110242583865,0.0004188043744724377,0.5084388915181649,0.00757741223120842,0.012947058288817795
87.92743332172354,0.42343313334975735,0.4695858112022618,0.44561757014962394,0.3040995641640853,2.366096879906178,1.5421765779279264,10.051125412137736,9.350467249355919,0.3937106527641953,0.0019207922409519443,6.242148476186303,0.00014248720363823437,0.7628608523575855,0.5373615129760193,0.0005885658282737522,7.227708810691356,0.00021860650365841338,0.03920033599627016,1.6827780955084743,5.256110146585229,0.17246040959335884,1.173180957205226,0.5469785938458305,2.1267517141208705,0.5242498938539671,0.024109163069671227,35.19309375276399,0.04401442409886434,0.0001466446946190687,0.0006141553859026216,1.010944353306773,0.0004996179820561661,0.013038108766969961
88.49913720216188,1.1532847544457856,0.6461759158466898,1.6353718974706504,0.3900935151845505,2.390710601809725,0.389654057994585,12.568040514994726,1.9129360956043897,0.412879936242779,0.0003300428928983317,5.785187996498804,0.000110829444029571,0.76791250492474,0.25461714267156554,6.809055647657246e-05,8.601859113479042,0.004342516333293634,3.094574446676907e-05,1.9366265013230033,7.195495531743118,1.9172024711336217,0.20286205138537605,1.7670223530163396,0.5557304283866178,0.9001482520916307,0.11120119063294007,36.1119030757477,0.011438879413075082,0.00011962143301632574,6.10773234973768e-05,0.8731972751982084,0.0019013502808424834,0.0006206709136872893
111.47272872925568,1.0616430894262963,1.252440471565813,5.315973530597655e-05,1.6984758859582298,2.7876939066633977,0.5554362361981211,15.984332887727428,1.260246627987241,0.0020648674646238084,0.045234584118534836,8.240772124740788,7.395100795541996e-05,0.7551795624183764,0.1972480426749767,2.003047827225279e-05,12.186506129896697,0.0006758132582130488,0.039675681849749865,1.9649012507023282,11.298792599716904,0.48517877806027,0.9329639489510566,0.08615812418651345,0.3629490015800456,1.0459320412870896,0.7448439516312907,46.81237457158683,0.03106026237115317,7.247030458577555e-05,1.6841048652519784e-05,1.5093897125963551,0.12740578328892505,0.0029163387736622823
148.75250057327204,1.4746474860605512,4.749171129499061,0.01825775926060845,2.9390186386083688,3.675728431715054,0.4114154902239449,17.905069315222867,7.892265249830259,0.5760331046531849,0.0030155238637760403,13.669474553165045,0.0036347933251383332,1.4856302988559424,1.6627806435512948,0.0003622579699463472,11.78146506568733,0.00032041703267709533,0.031027203372666984,2.268200207413525,15.369658772378179,0.001524202892496022,0.05428562296697025,0.0011507553702107918,0.14307755783415163,1.286534410125901,0.9668983058589539,56.488051767341815,0.033874225298766804,0.0035971746788041646,0.00033988472660071,1.766547419393248,2.0836475009198696,0.005795404174843532
182.06396166828648,1.6590638841467977,4.1781617287743575,0.24684855463777824,7.986297022142625,4.451097902748174,0.7594892286381423,23.35661365511804,1.9954983323532218,0.646656636700044,0.022948570422078148,13.679715505460768,0.001440614692908426,1.380890851343601,0.760654927653196,6.78467218023159e-05,17.010728456265593,0.0013037423100001858,0.026220201247774622,4.007436794057256,27.57006804641311,0.7928641252496866,0.21216787719251362,0.09810254969401515,0.1326764248329172,1.6366422518784547,3.6065391961809774,63.790909906705366,0.03256522521353273,0.0014010556314913356,6.683602445983429e-05,1.7371899923025105,0.2798692331727405,0.0017644923605649794
219.07878447632572,1.8827540166891523,0.28000914021655093,0.4824789129855488,4.608344643097112,5.0084668299686435,1.5558872174399028,28.2565241991013,7.267791146462562,0.3957726177873532,0.00535572454997683,21.768055781915148,0.0005653282122846561,1.9578906272058192,1.0395838842331113,0.00030877333941146706,18.33949732418874,0.0002558338686194999,0.02606995288974589,4.314877101177085,33.07699628583208,1.0064951507109294,1.654417750551245,2.3898138440702907,0.34698862761453686,1.7078653102434789,1.731510271006307,75.19650391201095,0.01889789674482049,0.0005924436363204829,0.00032098274411873244,2.1788070020023436,2.571213719732462,0.00787222409775822
197.5908256138777,1.386666545284609,0.04478707729083733,0.9690285736445394,4.874426848308404,4.896558929334066,2.27897750643303,19.202170978354843,16.453607391656693,0.04636026534083243,0.017907343761179677,19.437675571798504,0.0017265063833316367,1.1688099626326838,1.9431655143995739,0.0014857326626820336,17.821139675509038,0.0011517497845656935,0.002796991560384799,4.2173374335056115,28.116183386937504,0.021925343927277186,1.1986642280208866,0.17541507226334022,0.09489859124928851,1.1741935748516716,1.552009565732526,67.22153266437445,0.04132553539281592,0.0017567495329629682,0.0015007988920971316,2.2541562137543276,0.9505059578512862,0.020977333451857736
37.16987708247118,0.014328019787980125,0.04844653313841121,0.07188399129898775,1.2483138909561236,0.18527488940459877,0.06541420253699473,0.05968872432281489,0.2974156694757931,0.37446747661791563,0.013535180127075847,12.89041455281784,0.0042909672202308315,0.30832264318281405,0.2922351670403317,0.003662380670975372,0.8535020527151931,0.014002910650025945,0.3481771551803139,1.275398487715695,0.7813315000224276,1.885717097159307,5.707612835033588,0.6290652154784567,0.0475324058900867,0.0405117328241236,0.6103226883997781,8.533888439689129,0.1370712420285351,0.004367209918522801,0.003629927692091578,0.2987141372369684,0.03117612955145663,0.09016162668659085
7.956855333420955,0.0028002021081677923,0.4835534500180252,0.0019182067294612672,0.1264318557812314,0.007931957052714437,0.0029263537147660736,0.11219866830031226,6.432525903562847e-06,2.6382572019121495e-05,0.0017383488895819025,0.537143439001857,2.7886519206733858e-05,0.10557311644935517,0.013975837677975769,0.0004055388701520965,0.04074908627598677,0.0006160105395751818,0.18360980543693983,0.7706024179293675,0.2725147593219279,1.2442855281365828,1.8336166634791946,1.1863286803349724,0.12079015850965658,0.0018465352243672523,0.04831760769937933,0.06005389807786433,0.002237685134430882,2.669076915996733e-05,0.00042207506710053216,0.09483356001585674,0.665053544385951,0.03429295087191276
7.089345826323426,0.0418671714619204,0.8507813596818934,0.017098546483477993,0.021029559133422585,0.045728478480943045,0.00010484555358785216,0.3123148279157394,0.2835935972532089,0.259921167593135,0.011650510010270131,0.010632449908696821,1.6472951799039869e-06,0.273373256500895,0.04833858848048697,4.123698154177612e-05,0.8755243206471366,0.018700021845348476,0.020610418440633015,0.23812351790833067,1.7770171125808725,1.2990942166158614,0.07809098780462181,0.08461023647697488,0.03895169131869849,0.04684378280228899,0.0039023539048964676,0.19557880860950344,0.03770858449974646,2.140825895621478e-06,4.2766829416604927e-05,0.1783000121558412,0.014582681645198806,0.0051849286777615545
12.944998764845815,0.06651878651862732,0.05231648947997693,0.021088289345204493,0.10394697149122831,0.15366576124178136,0.19070757242172698,0.9244730433954059,0.4210916175286984,0.003386619635465421,0.0006688770516576218,1.8164797313745213,0.0019925203558081475,0.5985367838804968,0.052602318533226854,0.0006373579070929499,2.357056605817942,0.03261036048584076,0.4427609806196173,0.06140346034718675,1.8603428818381538,0.14442291538427277,0.5501775721420993,0.6666635050147017,0.033948630787468896,0.0720937583757671,0.07084184130237553,0.3893747239170454,0.042197045667536744,0.0019409863935417827,0.0006329267857221954,0.04094165118443085,1.7686401240373033,0.0008360545838897661
11.134130116174767,0.19480229805951693,3.6081798223487145e-06,0.1600520023331721,0.7000869605509918,0.08357101479204719,0.0056869215471124016,0.7873775260612517,0.3116633759810591,0.052389915120059735,0.0035548906266008973,0.5165376153756677,0.0008274570566298824,0.6001433118224379,0.001969936086174836,0.0008387322917629708,2.240788779294733,0.025765074207704585,0.6972908012769218,0.005193840895202143,1.156763279654088,0.1885292507951699,0.3300393837421659,0.004936322935955044,1.4014621298548642,0.09717960078524364,0.39233758233995997,0.7798992890362575,0.1572409451538904,0.0008578961570250404,0.0008127785857902682,0.0867494507909526,0.14778281835962406,0.0009953264249091432
11.142619312669336,0.08116994184231688,1.0423500627977937,0.4188530437527014,0.06382642303324561,0.1107325042487427,0.009164991621526055,0.37658701286340784,0.08740260934193328,2.0974443204064683,0.0033428675224967627,0.01353500312790583,1.3946379466011083e-05,0.3149034172893092,0.0010573312858272322,0.00013474323805808878,1.2968423144435033,0.011987071136305797,0.35802790057207773,0.15391945013974534,0.8399806048306784,0.005791937843902716,0.14481588693176672,0.5809502773983872,0.007680688950481415,0.12970626063478313,0.04728046125318085,1.2487985764927922,0.006365881614267273,1.5573940246730546e-05,0.00014300066289828648,0.004445352725961322,1.685323680589587,2.617375757236415e-05
9.68275972778496,0.12636206496556646,3.783403701365422e-05,0.002590738657708744,0.11094508077380173,0.09107347703119553,0.1439669825900213,0.08141584133217224,0.5427324024125387,1.8528639028077554,1.3809433070037201e-05,0.3585185178966648,0.0014747780882271775,0.055686665813825954,0.41248371986912824,3.974344207089488e-05,0.38307705706667944,0.007656651170495857,0.1478597617035286,0.11323651465387521,0.8608118313272217,0.9845915417044486,0.6709967507947956,1.1088154101769376,0.044991326337579525,0.09924089879570677,0.023459633146699896,0.8734205962561745,0.0037083419587060065,0.0014483782882328535,3.6103246440835474e-05,0.0019850537636274777,0.5769550236794592,0.00026329456359023423
7.775792218044785,0.0014949897350990267,0.44830803987352524,0.05749418840877068,0.16349453576761355,0.04880343360365116,0.08757407298452587,0.011427561436129456,2.052942827272882,0.02857025847295691,0.012893742410453397,1.4495287028733157,0.0007434222091661842,0.004119403054900561,0.28105235728719896,0.0005395738442088839,0.12313788194822141,7.617764179310584e-06,0.013516128637224284,0.014268799685930497,0.9932544912922574,0.7275877046429956,0.1764658846850714,0.0007996504016817308,0.4387799853092225,0.0031856341580827137,0.027030074356868758,0.45704324989802253,0.013942072519372435,0.0007422053183622877,0.0005535178442114756,0.10093700321348525,0.02023243594000485,0.01532077119519195
6.9271962600792945,0.050563778703004734,0.37404107292775046,0.4547907399889975,0.7665612631759192,0.03422153524954591,0.03420479120336939,0.032974269627890976,0.4135325644190477,0.5059105107079404,0.024943961025727535,0.8524841056375733,0.0004895857091879148,0.0009352015895918902,0.014109194344896225,4.2274202955063117e-07,0.41325160931540383,0.004814052258497366,0.0010250950718019465,0.11378668722985809,1.3911991520065847,0.01744100991750958,0.006477068834393557,0.0905667440910822,0.10427064029750877,0.06178848283791276,0.4479377523751136,0.5912429257598454,0.0426869862970238,0.0004877236859492946,4.305811734347445e-07,0.0606044288819154,0.01458242936421785,0.005270044221030663
12.082714418026619,0.11182085547506229,0.3475392147018157,1.9839043399056302,0.011244754652992732,0.0003954529248796348,0.4281995049796051,0.298159019189097,2.8361685544077453,0.42019852414957254,0.004994174009346211,0.5094101800439182,0.00010319238956352811,0.14371583439915941,0.025158657391168463,0.0002783745695369793,0.6691402505296936,0.006375827473250192,0.0022942495166499784,0.2895248042044038,0.7414676323751961,0.9419676671824551,0.39750190688233705,0.7991581300894749,0.020856546783630567,0.08460798912415018,0.05117930355826501,0.5849307342528336,0.035824620991719916,0.0001006774344280486,0.00027105816333057126,0.18312686669163497,0.15067116360657182,0.0024243559774994017
11.078761130577536,0.08012733294504851,0.1529765406254549,0.2739642020802289,1.0338397289593055,0.23127118078680273,0.13598267724115812,0.28869674223959146,0.05674133485296877,0.8270777485079449,0.0048808073330761925,0.0026051244398698414,6.754979424625244e-08,0.09668775744381085,0.011207631565045536,1.187233063426585e-05,1.2436961742327597,0.010793625440304915,0.007045784507882198,0.17199281959821217,2.018136040313421,0.0944208038218775,0.21370988046196251,0.1311794860179079,0.5388348244581945,0.026072198290771738,0.4936442278848918,1.3341374393499283,0.00731092530338179,3.04302466704669e-08,1.0436053567810838e-05,0.10720411157616956,1.4835788358719684,0.0009227380633529407
10.440674690054866,0.10728882924354462,0.6781447507040124,0.6852933341314802,0.5944596688825198,0.21275026371986355,0.0007521762647215147,0.2886411825263149,0.02152916261922699,0.06584973781434876,0.08080529097753905,0.08234562450764175,2.171275780696373e-05,0.20495129053012762,0.02367213721691878,0.00020997027869774505,1.4646820333168162,0.014666488080093807,0.023037954232070234,0.16048043176242696,2.006854017191706,0.012769699629522747,0.20168562695401487,0.014445314240429524,0.21082669070234372,0.15047926679247595,0.30538753274386676,2.319095442469137,0.18491133988691474,2.6927215006605044e-05,0.00021861333799794063,0.09837793941343918,0.22580065872555913,0.00021358118627955871
8.944638512001843,0.012607305205342739,0.00903380508022413,0.6354586428023238,1.660282959424008,0.13156024829274973,0.004514842600858947,0.12981184482184616,0.00029614056465440973,0.023816255301232676,0.00910836902220391,0.12563588590556907,4.1861416883356414e-08,0.033487641294223255,0.055195479112762624,0.00012820013012840417,0.7977248056561729,0.012959068340866688,0.045351827463945116,0.03955269349796018,1.5545438033155952,0.09757634907943243,1.0728254667986674,0.231156929228462,0.3111567291853176,0.05352315617802073,0.8150781702123389,0.5877574602139826,0.002195895670297002,2.3860263897500943e-07,0.00012232711861001662,0.006014373099734768,0.4859571156199196,0.00020444130033699638
7.161908727817617,0.07743203617812607,0.1346620396370827,0.12826938916389108,0.9023564724524751,0.04717711511633567,0.07690290363372117,0.21703677571481234,0.3761413785619495,0.16035504784428267,0.017682348033625936,1.4811347554541503e-05,5.4419744156261746e-05,0.007913991828199825,0.018853122598107258,0.00020985388372413158,0.4763273974530467,0.010889827970521687,0.0755168900957885,7.03092665528306e-05,1.1419093273665848,0.10516174541533538,0.5311069254250292,0.3969545874555084,0.48557756030635574,0.03430064979947972,0.5135551232327427,0.42318726543744023,3.031330660333331e-05,5.7826963036457354e-05,0.00021436593910348527,0.05481351847489064,0.7470883679141366,8.502025741696068e-05
7.4976667745622985,0.0944856388441904,0.8614622304157549,0.2265307070750776,0.1787443574443159,0.04188027518741421,0.017667218892279117,0.27685205020111636,0.046788820762208305,0.29256152258130824,0.020766652412832605,0.5655194434586988,9.454747048892313e-06,0.10087761615525007,0.002399607955420936,4.989143440116763e-06,0.7974455212082746,0.00011688202205784859,0.06805070864002974,0.1403958061882112,0.5647848571989984,0.06660631893404248,0.6888404700512938,0.08061583759070844,6.732841212653474e-05,0.014654851936608725,0.08748709105065151,0.9706075601490602,0.037453183782225626,1.3555343811347823e-05,4.614809902858914e-06,0.1308894576041883,1.119861973242407,0.003220171121342811
7.854049235146351,0.024784197098259596,2.117596597101295,0.8001821369449091,0.49662064340824824,0.06495014554748377,0.005996715856735658,0.12675712449875043,0.24369041318375828,0.1504115088109621,0.006088193798377843,0.008384345456908296,0.00015112768348664,0.0019873851054208864,0.055076452775104125,6.902837325129521e-06,0.3044757842842864,0.005317512846183296,0.004493958341464368,0.030940732985056375,1.288335131376373,0.03126417366368584,0.45839006502362245,0.646508798908321,0.28983211635435835,0.04075453209849567,0.20667981059357018,0.3838748580781887,0.00812657736762654,0.0001583632783143848,7.202242900415334e-06,0.03549226064410591,0.015985965783778533,0.0007275011689951049
6.580626863071772,0.018275413783053536,0.6440798176027522,0.34820508118719473,0.11187211788629152,0.06795566333533778,0.016439083103765448,0.1071770639911189,1.4371176631872933,0.6045402310399479,0.0024331289418271676,0.00024313972919857152,0.0003524357453452994,0.01670905820626871,0.1688535448873788,4.217696392416155e-05,0.310796203579695,0.0034587617837755847,0.023612547895011375,0.03601832514901543,0.8071737296186584,0.2275208364619085,0.4483607513333703,0.7170601051470159,0.006463848389993812,0.026657268062723807,0.017696686213741115,0.26618323208783384,0.0005538991078639261,0.0003467776666797473,5.0201104355755194e-05,0.055095628675617875,0.08839055394996691,0.0008918872538466112
5.263118621572549,0.004848897056653686,0.09235016826759773,0.5142478295121576,0.38363047285552226,0.10178035448798575,0.16179041561782923,0.09653358636348885,0.604810589368816,0.019692263881524293,0.00023015960374941154,0.23839892396438359,4.4049373479663094e-05,0.001751696978362834,0.03952044689132553,0.00021283492333794854,0.37343957100380143,0.0002822690173558175,0.002363055685826326,0.16841082625136047,0.672495232784025,0.0006194199319606771,0.006398150300792403,0.36864853644726736,0.021886389349451918,0.008799833219711832,0.1467718504193028,1.0057471903111235,0.017917365920679308,4.450323030334811e-05,0.0002125847024730712,0.009206278571290522,0.1952883293248208,0.004744545954789005
4.52198716187952,0.016003273980156652,0.2560955645043376,0.0391989526271521,0.0005335616551931903,0.09199579328781778,0.010772485734071266,0.14246962663355123,1.1202432136242175,0.17739728228095128,6.738522468807931e-06,0.30720224196431195,0.00035216370873793646,0.008177743278594407,0.14117170273188168,2.2871029477710398e-05,0.1701142368357621,0.0015846203611069793,2.2823887054559873e-05,0.09349733997151888,0.4460192670986949,0.0041318922764581835,0.03613306174798559,0.015078307195487443,0.32710598855395917,0.07607367210826019,0.006534631915188156,0.9930136493887622,0.0014816584256748257,0.00033305220501433756,2.390774724670311e-05,0.028586797750487086,0.008662037772362428,0.0019470010755742878
8.356225378848436,0.004118957445586017,0.12285592236959586,0.16010671222736975,0.8936537991061317,0.04533728434652726,0.023888551331807117,0.0003971398011501428,0.10635815774109426,0.5856354821634185,0.004074936969813429,1.3533569984867861,0.001631322664670642,0.15386729666848667,0.3076062489491341,0.00012140219447720127,0.0005333844970434675,0.00041828639541089345,0.09783761649988246,0.06963535284260464,0.2909929541935514,0.16512363421221557,0.05092217129370826,1.9254349023549482,0.013007934223575861,0.04176672785837163,0.3857363815825643,0.6517039330278839,0.033344642001593844,0.0016704917772390252,0.00012317597424358975,0.02094599281717605,0.8382467687631151,0.005770816067258402
10.421600529653656,0.004980925871066427,0.015060443786503645,0.04544154434859821,0.7697563729575004,0.12909219569756405,0.21421882867589492,0.2661428701821018,0.9898589568629497,1.6688628994007295,0.05339109552752726,0.04276066251023975,0.001208207825545182,0.005561572075625053,0.18039300043919604,5.1143111117171184e-05,0.6021281482424161,0.002456864369345206,0.11888302223098961,0.11771597891324462,0.4517002309106296,1.3690200864728574,0.33837880499620787,0.10041984144288744,0.10811532619228303,0.010302444684114901,0.5207627007290666,2.145067269425703,0.08330584105485095,0.0012289352684169625,4.7884357210021434e-05,0.04181918509706877,0.02188574877304727,0.001581497221157277
9.224343234594471,0.04818292907758746,1.4618215301862632,0.2755378210515912,1.1219443465394559,0.1004950994027667,0.008819692987416618,0.16216907149435805,0.22244103643252974,0.1082516326038895,0.0007141846135589294,0.17771611104184964,0.0001584814233765368,0.012650032058705034,0.023318455684261778,2.963276091481614e-05,0.4146321558697107,0.006005134482254771,0.1150457055229052,0.12743885044830214,0.7012042973486832,0.009166040503554873,0.07940477399199755,0.025078506420435406,0.12635136897701585,0.034925440307607344,0.6073523301993384,1.6213360901457978,0.004062207081950971,0.00016558235071578993,2.7651595893653774e-05,0.0650742833010738,1.5615012537530935,0.001321504935613523
19.13740749686158,0.00038784946266008863,1.2240013850679206,1.3283587286319956,0.5041952794299035,0.3521208858550295,1.4307942219950718,0.27245405220641356,1.6049451920448317,2.297160150804342,0.04299370411852686,0.05727741907041126,0.0010226094583955076,0.0012450516146278576,0.00035193533013708466,9.26944020462284e-05,0.6684698080399889,0.0003635408140533104,0.08539104093844777,0.085512490728845,0.7775563534957033,0.7332628120074013,0.3928072977709868,0.021423929373197745,4.214889110568022,0.006275032996367841,0.16103232606300152,2.444232512153989,0.00040563800374008576,0.0010328800081124171,9.207832857902015e-05,0.07048386683981045,0.3514381255797444,0.005337493659277135
11.035310309363373,0.21646919615777865,0.5684411285611243,0.19595945884596586,0.001568754226929833,0.22615925600911813,0.049038731377693684,0.3951153015561085,0.9909830917994118,0.39685387367574265,0.0020004360859039506,0.15660485210913314,0.0006258022647752042,1.2884492227615381e-08,0.3166838570477563,0.00016327930557784092,0.868813963369974,0.009993912126673773,0.007216496207679194,0.13280988859443288,0.4216172086619168,0.054318626985604114,0.7434826700049896,0.6231176511355785,0.21384742161494008,0.14833450106298324,0.018216250533890366,2.818083195703855,0.006141146398681793,0.0006087249950787879,0.00015779105579892668,0.13673953870973463,1.3151048439885928,3.944630545533424e-05
10.839569353971273,0.007651562511863113,0.030142337452716106,0.004029447227314464,2.292090998906877,0.31217522922053476,0.43006668553421895,0.26671535558122306,0.0017852220400938104,1.121384577252778,0.009597679414278767,0.001334219606192281,0.0004986029154716872,0.015233580815838529,0.00030881982786586077,1.6423162440517836e-05,0.6902781985895081,0.002670239547486229,0.0010292237509072386,0.0006415681827219226,0.7149554841578373,0.5902924597415355,0.0820649732463128,0.18408442266573924,0.1534464303149473,5.032334672718717e-05,1.1378997021522195,2.4949328839701055,0.0002320117981413016,0.000504575370759475,2.039879261116048e-05,0.02542675147242269,0.2680060905265742,2.8748750077578597e-06
10.858298643240188,0.08477961149167258,0.006171522703535942,0.07292016458496993,0.9232325230500108,0.12580714286276204,0.10776721454178108,0.1136890912543611,0.002034087878041146,0.9216624999452598,0.0652148892432242,0.7209624225899953,0.0012862362662494709,0.06659675844884896,0.2577094566804587,7.804158335597643e-06,0.18735598532710787,0.0031896485045238496,0.022846043563550838,0.18775648812184847,0.2364205904144515,0.17927395360685863,0.3766397833869033,2.2501735042656263,0.03849420702981194,0.07232590163472119,0.4426359504219902,1.9894127150114416,0.07703721683765705,0.0013144582845035773,7.481067996706969e-06,0.00248487190138712,1.3205204480364021,0.0005679701238987329
6.419115472302698,0.0049481393736929835,0.18682229259118718,0.015984280586442332,0.8698592052843691,0.11465980958042161,0.11780600877860212,0.34572012431487187,0.047153270770790234,0.12722194874864168,0.022513166776207082,0.34821691680345374,3.660249048988841e-05,0.018025720714799062,0.0003172197613238159,1.8487131481145955e-05,0.5300267546629506,0.0006250928716980917,0.02443340482823416,0.26793107121084797,0.9788748597833689,0.029214431456783888,0.18607007024982422,0.0726897235678097,0.012251414469617817,0.01780356930980838,0.4728556815809884,1.5433861047853676,0.04541597254388722,3.1493124650992665e-05,1.6283477846635334e-05,0.014287437961165637,0.0005825663101675093,0.0033163464009059816
12.101516886903026,0.038975959638128714,0.07715395197190619,0.001499620010169378,0.3707129030738168,0.38935946629492935,0.21156480413682135,0.37366059052210876,2.8897597635919676,0.4193936831086519,0.0013637231116383336,0.3110707510254999,0.00032393960939585125,0.04466282847046517,0.3679869510135173,5.3215724220106314e-05,0.8569509319821342,0.002250333665992978,0.00022791923494483367,0.08472076216650143,0.6423548575915881,0.011985954986469021,0.24993063826830214,0.29532032187118584,1.0162449036301289,0.06472418336503512,0.076501764431583,3.1750066461361683,0.01313568922856293,0.00031800100545224255,5.272373966896796e-05,0.08682863427033564,0.026069536801800356,0.0013509332239334858
15.299718589046233,0.009007761764988458,3.0499772011878887,0.008243272866039049,0.6545875338964331,0.2624390123000858,0.4962737084717641,0.26076138651153624,0.40753950476851886,1.1318945159491351,0.016030031516914182,0.1789833781103937,0.00019863966877768692,0.08651707434712087,1.6574858048326292e-08,2.2952258610908407e-05,0.4377198748806848,0.0014660659268159626,0.03656012292473045,0.0002836472925152795,0.9082745356985886,3.5914242584046128,0.00579017826114941,0.622750885490491,0.15887041400547305,0.03156936251011162,0.2667300898195658,2.558931114278842,0.04602917037550399,0.00018663546348105287,2.0112354737166497e-05,0.03291235641941882,0.036501368751071114,0.001222405995374316
12.250495044778756,0.02004436735685547,0.13391256683311284,0.4093339563868883,0.14403048121284434,0.3980702162475309,0.3804616189255163,0.5896687847077108,3.5868018934377175,0.2790254540545744,0.0001415958555034576,0.008994193182111228,2.812885443648724e-05,0.029088298558587394,0.23123651455417768,6.69878881021775e-07,0.8612484974444966,0.0032784393868436302,0.010891400303722322,0.06453481435060145,0.6487067140185907,0.038653484986105144,0.3743347451907281,0.378640671903859,0.09393374931874059,0.05907021469774005,0.009764295467353492,3.0322711481734173,0.006023874826376014,3.101417617682055e-05,3.9193720433355763e-07,0.07703848180130923,0.3811810753336307,5.329141541169398e-05
7.305043166782901,0.06906031297934791,0.4883410141086168,0.00483120865707076,0.531433008718368,0.11361591027150353,0.0009178571893090117,0.4332223419098747,0.07395180442003726,0.10103199672439782,0.0001228146671144256,0.93478506705335,0.00021420668509718755,0.09099222690976412,0.009775228873138685,3.704598999634496e-05,0.5557655132828667,9.428722887991524e-05,0.022478548962630882,0.11965474782449605,0.5528419225648766,0.022096589702469166,0.09473992814912448,0.007283342681542503,0.07728654476702267,0.03769098643383187,0.3000639619721453,2.515569838072079,0.00142767627051912,0.0002173847117492503,4.007393401871446e-05,0.13061448865100803,0.012305290797714573,0.0025399956189400804
9.596139152269224,0.012992784880896887,0.7143129474684063,0.21432924036614348,0.5391396461537172,0.2543054503332985,0.32150600192066614,0.37030524667298664,0.9438745858106397,0.03319424399981331,0.00902158731503238,0.19882774885297172,2.3867805936254474e-06,0.11353324771037183,0.09274241652514194,1.0544671764490369e-05,0.44609701545088826,0.0009307337474592193,0.05783882038040418,0.11940880345371739,0.6508679162797443,0.1550050534348989,0.006891275803582273,0.8677914135553337,1.294874124144662,0.013476886007331147,0.182537030053525,1.8935815221191774,0.047808303892092556,1.3147693112858442e-06,1.200576930483709e-05,0.03916850743622485,0.0007334005809984648,0.0010169459281251178
8.419062697180875,0.03641761044310475,0.0022196420621033632,0.20007075098604496,0.6265755341829661,0.23600443965195297,0.0751535016450376,0.5921534030583698,0.011846975357797766,0.017459303740405614,0.002018773538751175,0.630934740897629,4.3885649711292346e-05,0.120705324700689,0.028110890903885192,6.0771022682978955e-06,0.39127497297798935,0.0002710226558123036,0.08541949073837686,0.2011486126019267,0.3342454615698841,0.24749809769618172,0.022011276870825207,0.4936921830960916,0.29033561689605725,0.04575439232867972,0.30141605700827656,3.3758781198421732,0.00011149594708318754,4.945765774804332e-05,5.461694045043425e-06,0.04629124227756842,0.002845777359634584,0.0010931040418060156
9.081639887460497,0.010923173420225996,0.03270850324864455,0.24102457170682276,1.0591465530721382,0.11299748345026361,0.018561505214236506,0.3966369830771695,0.13821270560042156,0.016510853754454043,0.026802258775809367,1.2945382495177025,0.00013197917344067342,0.29157069271902974,0.011997938081264174,0.00011263953089198694,0.286726000488821,0.0002574324476444155,0.10903257185494539,0.2140046718686956,0.2717949077692444,0.0020434930877918232,0.27021696745042095,0.37628090159437305,0.2693341543291277,0.024978558172027827,0.5915518926547679,2.700183207272795,0.004896928186099121,0.00013320259618961687,0.00012334070380485586,0.034475903196930446,0.26925159011329514,0.0044780733310074
14.806165914074278,0.04656026036587718,0.03853334737946124,0.8002400948145524,0.2536905200431662,0.2920414402853498,0.1333843920335622,0.4807115194795496,0.44946361494737674,0.5288062050236529,0.04010050894336446,1.5586898696711509,0.00010669295863568268,0.34902385782194956,0.10327073791007416,5.815069021602328e-05,0.4820118157137134,1.2941595653745061e-05,0.13759675100474267,0.15522796939305233,0.07901800428823823,0.09895686642122965,0.2954240030944196,0.5727945425138242,1.3979208361826585,0.021468703711921035,0.08556705410736926,5.235873608334175,0.11107302165509798,9.894580683709523e-05,5.86060893641171e-05,0.04423150249908429,1.0093519614682482,0.0047975678267092705
10.092529752263347,0.05624973974668439,0.38535911258874056,0.006498052946521485,0.59411666500242,0.1389801793753394,0.028490934062935975,0.6495619621896893,0.1875904193536678,0.033710089225488064,0.005462266554875244,0.9836438862909022,0.0005010546124805113,0.28434014185242806,0.042626780430290875,1.8758994948280267e-05,0.5166255772115522,0.00016816409990971882,0.0941837467430653,0.1833537443523929,0.030313462983783786,0.1710866884352772,0.054455656636026695,0.0310308469060371,0.1394882199577349,0.05667949553110183,0.3463343883596949,4.08565792824653,0.0023266699011002404,0.0005084797470203565,2.094163917022646e-05,0.10814101155718168,0.8723528826347388,0.0026518040936161376
13.605627537045855,0.044589009536528855,0.9000379308584284,0.010408934857460743,0.519656112101777,0.42109730541386653,0.46127212524081,0.6902530502618325,0.5798260716283145,0.05839545449095483,0.040958444638344284,0.3735223616400741,9.799874087284346e-07,0.2270268443979517,0.014163933883447246,0.00010105055603242852,0.4482250409265731,0.00016341635025030112,0.05439587951585225,0.07647794653378258,0.07099565451393774,2.158083238677692,4.2268971416059655e-05,0.053382903082716836,0.21076478879686994,0.021388222162576683,0.2046420029930019,5.071449138413705,0.0028505724578347246,1.2826522364420345e-06,0.00010161614046823272,0.024088109916455748,0.8656747915061311,0.0015910539411222108
12.105096327147837,0.07613209332389197,0.1059491064339771,0.021397591544273748,0.3319998328897882,0.36273253204017364,0.07958949841370229,0.7459417569367189,2.1382542969034093,0.5731210905358111,0.012912569606565932,0.7615873596780817,0.0008791374728842223,0.2797347808551596,0.39428263919705314,0.00013253097402807123,0.43596258505954183,0.000435259253256488,0.055680782889273826,0.21961923107398568,0.19039296386467766,0.012647387459458228,0.13219266983112565,0.11172501426470871,0.47562938439125396,0.05120566247248954,0.07552631756879223,4.373137528251793,0.0023927114795474747,0.0008972522156231567,0.00014761313738147525,0.0625499202149393,0.01803859825863,0.0022686286558418066
11.448353077970006,0.01159396410192837,0.06350125141632694,0.00022979290970534023,0.4592482267087885,0.3128597438701224,0.37243094811517724,1.314283904917089,0.21653639461277868,1.6309703161052749,0.049426253934876346,0.12396092089600134,0.00036536916031054836,0.1090211210720789,2.6193747898834374e-05,1.0641366986551208e-05,0.8039824270169291,0.00018633263591147427,0.0029463674876154633,0.07111633908636011,0.2820113542286474,0.16706784298400992,0.11712485628047668,0.21507585210231264,0.03988098773379447,0.012674106657784729,0.20670739079778697,4.549122145577267,0.018557756434752208,0.0003638607618573494,8.904784326758678e-06,0.0352255947359923,0.2610284976857764,0.0008074180430623462
16.746398569470845,0.11526168969477459,0.221887801268461,0.03362950682243606,0.28520223060913613,0.356220343296621,0.032366468872503384,1.7654604235662892,0.29681466691278385,0.5007886810373855,0.07286646348669426,0.5228770503279873,0.0002477463326803762,0.12147516866460807,0.014670450945366044,0.00010471731079892716,1.2017053035300225,0.0012089817305011867,2.647444031438502e-05,0.06498852746797465,0.2092455474463706,0.7358886607280442,0.10162463285856235,0.5407067170881408,0.8061226862288524,0.11300258835039885,0.19113359363216229,7.610748048706177,0.02661837937964739,0.00023693836685386392,0.00011127189612807218,0.08903128590049941,0.7141246015107091,9.210609576803004e-07
13.90064204295431,0.08333364949639245,0.13603478461525179,0.014771660926064464,0.08478449821373253,0.3770093960399556,0.0742186614934766,1.8419771455706933,0.037251952186621085,0.13732351479339916,0.0010830437080622303,0.6037635504555889,4.118510787195122e-05,0.2131590535114262,0.0028267634803635323,9.719905120677945e-07,1.5642972862359605,6.784441455261306e-05,0.0013240253715903264,0.12655927443376108,0.10631661977086468,0.08268570446353923,0.15564368374593943,0.02095746422603452,0.20537114531111295,0.1124303573616972,0.04325374604544776,7.609520235428803,0.00039578095943715763,3.596864136945792e-05,1.858457370613908e-06,0.11135581976373242,0.15268556861572177,0.00015982811796197172
11.489896779527442,0.025818720370003677,0.35586960288756425,0.4520639581710915,0.5284409663442252,0.3881025903724041,0.19270078937180374,1.3236849897433143,0.37296405322189413,0.0022046009065241874,0.00030140011333150294,0.25722159767112407,2.2805123703053026e-07,0.4345400807084463,0.04159008487025973,1.2693275137020365e-05,0.39975113691602554,0.0003783916895445192,0.008161246974262164,0.03292444802104576,0.037576078027439494,0.8046140962015967,0.06534350519223832,0.13930825029240887,0.07385149550218721,0.06749014648519241,0.21668567484182205,5.2392657118852135,0.010844361626014461,9.47544298051663e-08,1.2678434152828483e-05,0.016437073104761564,0.0016527520290738067,8.328147167098451e-05
23.482687457719027,0.09709940750029362,0.6913895478933961,1.400109243102042,0.7896789481908991,0.6313662684727679,0.4287122872633516,1.278106137802658,3.4688645153244293,0.0023164911204184343,0.033074538915337855,2.27354301848291,0.000628825898605171,0.830934261597871,0.4020637643301416,0.0006225778090943638,0.6151653442792949,0.000834035105459947,0.09550898812403916,0.21776618268383488,0.3496445126262597,0.36499414918482215,0.0007083593643043618,0.0023033404986650048,9.412195355798853e-05,0.036498432201891404,0.22281359178918062,8.946147927269372,0.009684386834188907,0.0006338545280663975,0.0006229598506798337,0.05248785958524172,0.23234873590565883,0.005920842230292279
18.36416430446183,0.08047731457427103,0.19200414252848982,0.22020928330194525,0.4694965290550338,0.328916277806923,0.0017063712922658692,1.3089939005849676,0.814286995417887,0.3359419093416446,0.0013516329995000686,3.2797487513028356,0.0018067600904358996,0.8253266767009795,0.39595875449779483,0.0002972240443444245,0.3398376881464058,0.00020661850624594126,0.19479176666867803,0.41241439539448793,0.34620699770223406,0.009475063307254812,0.035737392517032014,0.7278526459874668,0.002910638721200464,0.15706067248695083,0.16122903380459178,6.666930521875051,0.03232915547905562,0.0018313304171290066,0.0002810145988124592,0.11713182355072675,0.8944521614410781,0.006962860318110126
23.11703497762475,0.037461181944795266,0.4333683090118071,0.6294816123554837,0.6884317274927857,0.4301018685925286,0.23022091000390268,2.429204892318416,0.011666047879444438,0.013739714659170154,0.05632820472305575,2.3860209620230917,0.00013298750617429897,0.4527551962629887,0.004498551189219826,0.00034252035085825664,1.336157347852665,0.0017779521205121876,0.11325667449206764,0.5775385300983237,0.623781049799869,0.10626436657035365,1.2408146955365393,0.6548111663749696,0.5067282044992523,0.11823161698886919,0.36490805576031776,8.90633669027739,0.005724376228899116,0.00012133236246372219,0.0003239505490295551,0.2558880320298729,0.49306110206012815,0.007555147709507926
22.227674776573302,0.13837045877324808,0.06580472892913007,0.2845148612632451,0.2158106445925948,0.5541902516541285,0.1367382536399718,2.549298160816263,1.028960074215155,0.24923448797935083,0.009179227302327246,2.0966499887789873,0.00021363884003280627,0.5477369991939117,0.16402350315557918,6.526199666335318e-05,1.2350100705371994,0.00012668380226739425,0.1253963999849061,0.6487798446177832,0.9591152704821954,0.27876471925093155,0.05787126062121974,1.6449267784089479,0.12112893938797097,0.22429873951830415,0.06113776316160659,8.630492372380942,0.0020321057097955936,0.00021715592222254222,6.362515208358677e-05,0.19316896099446354,0.0013290180996644425,0.0030245274102096162
25.142593702205026,0.03132252476093528,0.10028827175501734,0.7490975540786826,2.430141898248394,0.6417130947429905,0.37405719604459575,2.586797525987074,0.00023535937916522264,0.11038804243084484,0.001070517352315257,1.4630817891523193,1.4577529242811232e-06,0.6813445119661101,0.010464016360522877,0.00016893444712702852,1.4365071607991606,0.00014008660463536298,0.07192403289108822,0.2715644364146088,0.7859044753600608,0.43297743540938544,0.22163060075273688,0.03613777770371844,0.4496244768469031,0.10720968174655493,1.2623670727266845,10.671901127318796,0.037679398107676426,1.0342890585714265e-06,0.0001642738148807269,0.16391911433666487,0.009776334855586575,0.0029924877678104743
38.87471042711601,0.10217316438990842,0.01127688689875568,0.5173105376131757,3.506084810743108,0.9863991193680133,0.22954776821916908,2.6719153006856198,1.0675404897513965,0.015747767939421342,0.0035034099776341593,4.224575108936126,0.0013927667981086936,0.8917568379939937,0.5507304993474379,0.000620273939696591,1.2995988452259217,0.0011320443047027006,0.09453388929143376,0.46189065642290617,0.7886039839856049,0.30051203839133267,0.11600413219168768,0.31108695046921175,0.026748169597497897,0.09432999331015932,1.5442142403152532,16.898503521936497,0.06654318187685232,0.0013542421178468498,0.000609734197428339,0.17627266939942518,1.903292825916529,0.008904565564143043
34.898887221611176,0.22309495698848741,0.017409290955376498,0.4500869791614078,0.03242916803519974,0.6847656906738842,0.33434739983643347,4.793040506867649,0.3065075546404579,0.6528497664967826,0.025035599718427778,1.456720520508008,0.0013319824459850761,0.2835673221027356,0.1678265419123183,0.00012376392846628136,3.1586449832868695,0.0006415828734027073,0.039088631726155315,0.5055953490026005,1.2277130978206763,3.599500055688245,1.3723893219373902,0.7117916443124914,0.2886614230597439,0.2864935182245828,0.041789630493349834,13.706697139216224,7.697122587886586e-05,0.0013027275969206525,0.000125110192712015,0.3606738079521527,0.16810045051966221,0.0004647322104926349
36.52172803541738,0.23268276857694692,0.0013916123002658736,0.48782226996625394,1.5272345348551084,0.7530293530848219,0.0012857514978211752,4.347793973776076,0.06326070074004032,0.34885433212767303,0.00016584241109575943,3.5629149375304867,0.0009132270767029763,0.7367236269466183,0.1750776732669444,8.468099599197816e-07,2.357370768866069,0.0004281001455404492,0.04722970194693707,0.8757969080175754,1.1507419341946443,0.1753701321847305,0.2200168162940354,1.5051136336092692,0.042269014809126516,0.34845451044141545,0.8132350352316651,15.517025493216112,0.0003032766375840339,0.0009144079776595196,1.0389316143249225e-06,0.2877619841366973,0.9377889590335037,0.002754868776393785
40.93686894055495,0.19781479875014152,0.20223808818696515,0.3456172944878165,1.3363774907581316,0.9627301033181849,0.45916352584714676,4.416354579158982,0.46657244109875307,0.15306557851368446,0.0010103609126534728,5.220415714212491,0.00014753759774339902,0.8095798580438831,0.09122049673213706,0.00023584328696737658,2.176029395893538,0.000869707549026376,0.06964792319143344,0.7513020152656859,2.7935213503972944,0.9854326579513547,1.078271442479788,0.19661772144569692,0.45907232813606685,0.22267645899179553,0.5961245599056609,16.54695500305281,0.03125645279218309,0.0001460497524013704,0.00023156426570456666,0.2736957879611295,0.08495859827475122,0.007516212342958114
45.73776439900246,0.30303635385562616,1.0516511996225262,0.08618271315221962,4.8142527460715865,0.8362645231333903,0.0010438081022071453,5.4391700750055065,1.6344091556798146,1.2941008826826987,0.0002318335456194577,3.4583324670913544,0.0008207051875704676,0.8272838118967135,0.025331686968918802,2.839979328036333e-05,2.492405939709727,9.47629412691851e-05,0.003959771890428634,0.6210817926727918,2.034172442519211,0.0040174198068710495,0.220597602198116,0.08855314493441406,0.12853546323280113,0.23210397112508066,2.8307288026115227,16.926762748884492,0.003344835840229357,0.0008157917881232373,2.352528112627513e-05,0.3755672498963004,0.0008141236528858932,0.002044648228036884
40.49673731120078,0.19535953122628186,1.282776473346343,0.18726130850006129,2.5644001191652483,1.0301967390028135,0.2954530814172431,5.128970072829517,0.021991978751983467,0.10564536688388705,0.011601351639928434,3.062416306062253,9.597236688158343e-05,1.1506156314544207,0.05612758284033359,0.00014620912999245726,2.1314552697703055,0.00025614079343913484,0.014381384585751642,0.3647652544125145,1.0478782616749822,0.5084450265323924,0.3019993474433569,0.0017642658505821146,0.14418866358809812,0.14831631237206028,1.3028271881900122,18.886037155217775,0.0013180554357032721,0.00010373925594245013,0.00015963586630746607,0.19552766286330428,0.35130297265242555,0.002953250078642152
50.419059043901164,0.2794776169419462,5.577063293340625e-05,0.29081374084782796,1.4244565399938887,1.3169025019048577,0.3988303777742211,6.273074196043849,0.8289951463618859,0.04349470642846556,0.031010509725826953,5.932569681355644,0.0004555626345004021,1.1227004234442313,0.22465299819929965,0.0003041634800954769,3.2026508947980625,0.0015062756502592647,0.0006416907225235544,0.6791737231996345,1.7711336639413962,0.06123984884740433,1.0309787375869452,0.3863376801924964,0.48083601983844276,0.2613323613319188,0.6190457301371085,23.33430780821616,8.301869367582937e-05,0.0004813996159356007,0.0002901505670146816,0.4035188130450887,0.010874668308403656,0.0068326234392145635
54.23015146011704,0.626919347066933,1.9103099934807584,0.018958917168622608,0.5433989231869418,1.3351319798112784,0.11661693389696569,7.910794989754307,0.3038605138914583,0.24200869178669657,4.7982178305999396e-05,4.243090186442285,0.00013302974206819628,0.7504811664188175,0.09164808107553568,8.197781861443908e-06,4.227929911112084,0.0006385641313782619,0.01364464867847644,0.7858669893783098,3.454259101353327,1.7372121210363642,0.11141388013650454,0.6967788444324832,0.502845368884477,0.596768018053723,0.2394917654364187,23.29454189516877,0.00883425778043673,0.00014201164869110305,7.941320661090361e-06,0.38475634762936645,0.08147978173315468,0.0001310785195769264
65.03398874774369,0.38049095160943874,0.0728797911280693,0.03021753451648635,0.9844881414141984,1.4554289504793303,0.31044254760205786,7.544362631412358,4.550321651123611,0.0686518527502143,0.02260953477698552,9.147558372269241,0.002038499975748381,1.5194462504298067,0.8581954131091126,0.0007421268477891874,3.98713823684386,0.00330227022233535,0.01326629240300562,0.9626567056699019,4.093695950047132,0.24190722219247587,0.7766582692749836,0.18681075258507257,0.20717439246656297,0.4251635852768025,0.284611588349468,25.319562688084453,0.15870623211905457,0.001992077239240529,0.0007197449746987896,0.5164527446235502,0.89623761858573,0.010058127340917586
65.40278769890857,0.4670117576224337,2.4460662373158777,1.046090579189723,2.098616581527065,1.6646157549157483,0.47163441307234283,7.9418833032671925,1.6824539561051968,0.48657119617118205,0.04014853535731576,6.154078315575393,0.0007790242464520892,1.4711720540886466,0.31048127649970764,0.00046790730111041106,4.195995047229914,0.00019937615428804525,0.0003376780562327814,0.7151959024940069,3.616872870601402,0.854155471394875,0.2052123650850761,0.004436677474636652,0.42309220137568754,0.41913946292102394,0.8818861484912158,27.219294692700473,0.0007925420001282642,0.0007993213482855422,0.00044572085869621015,0.5562462507862903,0.0203453553851288,0.00626972229581534
76.23258963020557,0.46955155591018904,0.0601340257132205,0.050765198386315054,3.0165269910639116,2.4000803962284025,1.2534493364843673,9.142419997474741,5.719363108787113,0.3924725335898277,7.339384878271808e-05,5.71476663021861,0.0006017879703914806,1.3533492150824096,0.7579328475848195,0.0004987888776388863,5.226322555570595,0.00026586233856496286,0.015335290056962143,0.6512280077601733,5.05217141477841,0.1316971571078571,0.10272260381430358,0.7081192952587154,0.8355261422446636,0.3039484639700487,1.0789490359923966,30.807929648260007,0.0887496176846051,0.0005966067554795031,0.0005085856471858023,0.7759359198755187,0.11604710247125131,0.004550513398093858
69.34652674755333,0.8184367568409163,0.5650839344723817,0.016832944793999785,0.23274744883430457,1.3432616731392601,0.1440771319637959,11.378674646637073,0.10707255295073809,1.9646397088996488,0.015594676192009188,6.3966295924458585,0.0001374354052123079,1.3378499707230493,0.0245671984869955,9.470326230208855e-06,5.851103824235618,1.485355676845845e-05,0.027195532669655267,1.2337631468047425,4.826668057542515,1.7799412839366124,0.9410048289662102,0.9752216088419293,1.1784389867723537,0.712135320043872,0.12048307057765367,25.211165001410006,0.00021569337992373078,0.00014871897916397638,7.641180913841904e-06,0.7949886489280672,1.3464233908445347,0.001991996771311292
89.30877025425836,0.7261034303173161,0.18140055505734246,0.9800097226967334,1.816500190365305,1.9144901181493452,0.3648500886578677,11.686728395974814,2.5712890123316456,0.634887949834144,0.014868258426585927,11.390072829399902,0.0015157922135470478,1.7284801726176466,0.574454978893187,0.0005844077166166704,6.189958803030739,0.001374626303374145,0.0005166658602803718,2.096767905183787,8.54958852218601,0.060932342622258134,0.939168780957289,0.8358793298098685,0.7029315323517005,0.6987139097774459,0.7096960543530842,32.977154088669515,0.07083663645578095,0.0015108110520785497,0.0005979281037838273,0.7987138019352363,0.07749253779604871,0.010700075158077233
87.65045445102423,0.7217048638155334,6.323246075458431,0.023532745995276026,1.336685060106034,1.886620030672923,0.24477606035228858,12.325466609896115,1.7761430260232038,0.12412151383347869,0.00797672741089991,8.794254372037278,0.0011857594512464998,1.6048256009887607,0.37309781079901294,0.0001829172161968717,5.433071181811605,4.402330307798776e-05,0.0016880303959778658,1.4857493664742825,7.876691435252173,1.4018499100154542,0.33146462428449514,0.05702340455589223,0.07792281244643894,0.9053140167749961,0.517484127688718,32.775445494919666,0.01488436873780731,0.0011733095924369686,0.00017559806369837875,0.7397263464530893,0.48343304253151037,0.0034941836662312105
107.77219593713643,0.7784134447564471,0.6142945204791589,0.0013510798134510774,4.3339417675090015,3.088465189909513,0.5933098179182207,15.12497901331319,3.2767576453091465,0.5069433203324879,0.019502169057183365,7.601809109206662,0.0010577567810114658,1.3818455567473475,0.8538821931945868,6.144488402029665e-05,8.677323941146591,0.00042666079784619,0.04082362728839478,1.6446454003734732,10.847023073358072,0.14467881347611777,0.002013355002446144,1.068042441228931,0.19969100257442163,1.0081205469660073,1.762439881080495,42.809709914842465,0.0016533801146401432,0.001091350772667187,6.168269624411428e-05,0.9262423782527018,0.4611479705082577,0.00044648744521939474
122.52523827139764,1.0617264801189117,0.9072373860244995,0.12361512628442475,5.06320361566032,2.8055579818568903,0.5659619787700976,16.421352278377363,0.2401639809003873,0.41316803794568113,0.004216777167130951,12.448900431217908,0.0005484890718749988,1.8133798931165022,0.2375212052181884,6.648155736426978e-05,9.198092288675564,8.801221705280465e-05,0.002075237450880775,2.2969947162157047,15.023444153301574,2.316599821892349,0.9290900312181424,1.840614058663995,0.009699124614876507,1.0138377415172548,2.4677336110973047,44.28593857628167,0.00620371232754785,0.0005542829821565434,6.898504918316335e-05,1.0143433076384363,0.00843992448772941,0.004800542478659294
123.4335796183942,1.2690867654532956,1.9170328049780865,0.006828603685478493,2.9786127623714105,2.7604610051678407,0.1380578070008895,19.342346122632893,1.905464094612022,0.1408416031976823,0.011298520791543257,9.97615655809001,0.0014301835370657526,1.587668636448285,0.7764550368220888,4.6820523822962006e-07,10.27662242909045,0.0022381925700183936,0.013310640361107795,2.565384904525209,16.10840932812321,0.020698368508252414,0.07832027480626602,0.9644099958404261,0.0692985272578966,1.296285758122181,1.2358163424446043,43.741322317737094,0.0010179337951423172,0.0014490496440335635,2.2241359513865406e-07,1.3187787458989266,2.9273021472164342,0.0011734670455164525
145.34568584295715,1.000421097675246,2.8865735455146013,0.030430765293019694,6.403242194872629,3.448477076011569,1.4497799582356825,18.997131640779944,2.360628801612915,0.0342667751291899,0.0028191817528967996,13.82335551636324,0.0006106704984466168,1.9143671512314189,0.39942039331220547,0.0006355894221640461,10.935877422568119,0.001286054786737063,0.013311837178232018,2.5993867058675386,19.61076551463422,1.9972013172502725,1.2587808084935328,0.04889420046365649,0.010250661132943602,0.9178704853675324,2.8647589247144576,51.08045037081176,0.019939588868802875,0.0006000704323461362,0.0006359166844408001,1.197673678885404,0.027911521566439546,0.007930405545549805
167.31660980146776,1.6091155586660402,0.6538318644701858,0.7452444805130733,7.5729240779390645,3.6994086048909063,0.4226445567779549,24.67081971473731,0.16358320370106455,0.22396757637272047,0.0983049576898866,14.641923331178656,0.0007719456080565398,1.6417276142777073,0.421863101719626,5.049099833181712e-07,14.061174345411542,0.0002450279981331108,0.0989676537556254,2.3775277102830183,24.71518795850695,0.4325248036600174,0.8732139253192728,2.0627276841347872,0.017629152475822796,1.343689111255803,3.735869168509024,57.8716435514716,0.06938091494671822,0.0008045766950111403,2.1749657271241542e-07,2.214971592387284,0.8740158927030314,0.0009054210053242343
193.65361675229926,2.1607788037079536,1.7594638478279352,0.06926986264000236,3.877455298416312,4.343724267784509,0.3218808224280903,26.327408990446603,5.361013874864696,1.020788142723989,0.27533681596947635,18.48432318003687,0.0027930521583461035,1.7171429789069985,1.5144151529196352,1.7306829344986736e-05,15.150337617249429,0.0016398338970421992,0.0911743537163371,3.6264489356780345,30.276056750231902,0.4616884963942029,0.07460113079722695,3.9502227156456904,0.1844306335335769,2.1589697824888385,1.4356887798406113,64.11455665088245,0.20043368306532805,0.0027579126175394627,1.6076694391181982e-05,2.0774326943873778,2.6100602517735876,0.0012880557449234638
192.7738696763196,1.8385218316784082,0.12819034745728922,0.053134556490593385,5.07285033068171,4.462974736847774,1.2588664796767857,28.671240098756634,4.707400043307576,0.10528011479287497,0.14818180486738042,18.172963459057083,0.0007602228883505248,1.8394509491611513,0.8489750165977388,0.0001683351240605323,15.262334317351316,2.72560583096122e-05,0.05658852238520634,3.6401730528980294,32.313631516208766,0.9898384273460136,1.17032325994868,2.37167467111368,0.04834248953333454,1.480447202424564,2.04197663211472,63.31428935240808,0.18795044157286042,0.0007538462396042763,0.00016198840633052772,2.30232309657446,0.27867208962052925,0.0054031867296896905
134.38540730742528,0.7790457947526805,1.1744656809233016,0.0022054349101486605,5.860593913245167,3.100966579855573,1.208004883235818,12.112690783885235,4.610176578852874,0.057366955810329565,0.006346775323968895,17.03078541212981,0.0015667544053158124,1.591911888186381,1.081427255360585,0.0009153551259427924,10.65952111317668,0.001942784064708533,0.00014376028242064288,2.3953885737661356,16.704787986618413,0.01098079411495293,1.770950438615106,3.3338275791811802,0.45521009474004936,0.7419921264804608,2.4002158192738885,45.257008745504386,0.14403009663201405,0.0015951774979500782,0.0009427276727405098,1.436448989115231,0.4322566203808291,0.01969383430502544
33.00431573352157,0.03559353801914838,0.03004098368829304,1.9130331115641706,0.41557103460850275,0.014155160763884596,0.03425380737892254,0.4584313419733042,2.3879935275487805,0.19306940640233064,0.08536213455012207,11.62020465333479,0.007804262716195464,1.090026536738877,0.6252611140048286,0.007146172613469996,0.5009693283579983,0.027638648323932043,0.5561037404221711,0.29671161090070514,0.03338309389994477,3.238875323026914,4.9407174594312275,3.255413284972726,0.07465961824412745,0.09311430440501964,0.12130810730078437,0.5517653998028542,0.19103256850810138,0.00784242302492413,0.007233906715483167,0.03886317378256703,0.012350250233219652,0.13838670626325805
6.725226022452412,0.07761662160131368,1.8704728377706128,0.04053912935568224,0.0027190490266322475,0.013469901959129987,0.2211181121562867,0.12878900892783066,0.1453512372740458,0.1269211636219541,9.261228414617015e-05,0.00014718281542572183,8.144221981837796e-05,0.07307989218247347,0.007713168959545899,0.00030242447556747405,0.5098538611816635,0.0013015204371214601,0.22402629503874347,0.0002809799703533102,0.5835797037901683,0.0336761763021905,0.42127066909486716,0.009992503390833383,0.7574305548930588,0.11383227871912203,0.004245579693245691,0.32414567007764206,0.04968496928495967,7.896872959857986e-05,0.0003104583624532611,0.014312949881177402,0.9441002731259619,0.02468882584878492
3.4410770844785734,2.733379026710609e-05,0.14965520249221081,0.9209678425837687,0.09041155257515769,0.001965889842611528,0.0004023740000774305,0.023616464447012292,0.07964889655511492,0.018826264057981587,0.01221823981396333,0.6809038367342466,0.00019606993731438406,0.03241662993887001,0.02967951166035926,0.00012244782643242247,0.005953959490742274,0.014410832601263426,2.446778229110722e-05,0.022892775181496284,0.21278849833809066,0.034637635505032814,0.026917494814601362,0.021259774281699406,0.5209917425147282,0.012812848653198677,0.03563797273454914,0.09669716866571615,0.002239466447765211,0.00019186802040617744,0.0001299706870178672,0.036253181199114096,0.35328613436536926,0.0028927369401038024
7.657327626122974,0.001032282804253042,0.19754999007446,0.14828680324230264,0.008163962069125922,0.031664348989405844,0.18687963784490305,0.1309142949803488,0.0418829868319895,0.29075533021417005,0.007077790016314656,3.0481208014740764,0.00321347384036469,0.07033882203764082,0.20494448250766742,0.000651901256072027,0.405514736182501,0.025472804939602894,0.18873408674481537,0.0506813489982022,0.03248873987888238,0.7675447684170829,0.5536168162661412,0.014665477976382919,0.38076901056762147,0.0003145538756698202,0.001197208902965565,7.94007003319097e-06,0.006104794974215054,0.003212084264218282,0.0006412516677643477,0.05023775108245727,0.8038124959655886,0.0008348471657352751
9.400648462573681,0.002133258717413424,0.029170938178344406,0.29301855195571935,0.34400994755568437,0.03199882553388662,0.0004600211907308146,0.08837244815975472,1.3015217993720005,0.21162587751295256,0.034237383697680854,1.827767073255979,0.00020244529302789873,0.04049075096841185,0.06252900412730106,0.0006997124843755265,0.037693253530556275,0.026505151407705742,0.4191966486362631,0.09497027487377796,0.049232493434370306,0.026664589162110564,2.743879580287313,1.0183153934604612,0.04771963020258874,0.04697332911277393,0.28392368169015725,0.02583910667720434,0.13885537917343488,0.0002033147521320019,0.0006733790474090089,0.12100673059421764,0.04702978290921847,0.0037287056187227485
3.0194753931701883,0.01807169993336247,0.2789518719058104,0.28092801346126745,0.03715735271535091,0.03676888932249172,0.12455176314100447,0.00013741788295621094,0.12417239928671155,0.024691130954472867,0.06492352833180003,0.03290324313336576,0.00014998523151019946,0.0053643295218694514,1.6141481157966497e-05,2.9128145046165166e-07,0.00019782796871478658,0.0021922825120873814,0.1540094316169807,0.09645335402356987,0.14972578954533142,0.3570164153715151,0.04775467655433913,0.3569676697456891,0.01616765169790563,0.0013821445469504993,0.011833050389781549,0.19052319912200388,0.11213671595429776,0.0001508346550785214,6.460413943103813e-08,0.08081125783752381,0.4125336226435062,0.0008313467961920081
5.107392472835994,0.013482029286960748,0.2457886073431972,0.24500151313329746,0.7582947489364843,0.00099967280105622,0.01618316591830408,0.12762795859114556,0.009321264423608233,1.3447528728417995,0.03271288634688012,0.5720389054350278,0.0014574454033224556,0.33361656593355254,0.1027385154527811,0.0003172364247591858,0.1992500454609469,4.031782735280377e-05,0.0061757055910754725,0.05849169563984563,0.2699509256694202,0.014940430304642559,0.028651919663008698,0.024883320179971937,0.013739146023889533,0.0001258868353361115,0.3801667211596688,0.06525714871494483,0.15785433506130045,0.0014431521983653804,0.00031640341705546296,0.04806902634963076,0.025536919940640498,0.008165984526720875
4.805609623436365,0.05121785200069164,0.22383560426354054,0.4498398602859152,0.45716594117693216,0.018907535470108174,0.008353586409195386,0.07179306847533636,0.642250068566137,0.03992178649920742,0.00698061024696226,0.05726556286762147,5.253929475053443e-06,0.2613419187997788,0.037959337622854444,0.00019209737626738142,0.5460634972130772,1.597965701385288e-05,0.028669881361068468,0.06626298734810576,0.4713726222029817,0.3839873381585577,0.10110003488133214,0.12018230385588506,0.2122837895883664,0.04538892442733423,0.3055042850743015,0.06796052562125346,0.004599458843427278,4.3314530399455695e-06,0.00018585159655094857,0.08299911662173634,0.034632499432847685,0.007366112109461405
2.7119457177621586,0.013134658632016953,0.01932956154823052,0.27877436646397213,0.1688096956068751,0.002350160887994916,0.009323430435441843,0.04691622205547038,0.571409988272102,0.04187434098671805,0.002253952028985016,0.41425645027918534,0.0006759054200934265,0.35791263112223876,0.14848621932299455,0.00032469417026316863,0.11850030707270473,4.729427234511385e-05,0.029987040922827536,1.145968795458945e-05,0.055772492522282745,0.0059229698012203185,0.00671146610635924,0.024526354271596905,0.10518143950363057,0.0009592821996409107,0.04627593913722005,0.019220234129887853,0.025286723039589884,0.0007079549042039337,0.0003069777628352597,0.03320023937621625,0.15459701310779947,0.008898252711261033
2.3988181322935556,0.023207349357815047,0.10867243959143043,0.05698691928871809,0.3817192431174778,0.014372308031602271,0.05741979709136212,0.054437007075384604,0.13234332112153283,0.4437624705808108,0.02171089218909278,0.02199056075098498,0.00014768976409961618,0.09071893393611803,0.012950286711458836,1.3090593144866677e-05,0.012438230617597107,0.0004042589102157453,0.0001716651643596402,0.0015037654879195125,0.15581270854693355,0.028520783026824252,0.04360940480085031,0.04647530776919715,0.009147949400408783,0.009654132093105398,0.22960631113321897,0.31153935354045226,0.0663122465033395,0.00015094129243958216,1.534079105814705e-05,0.0231177656321685,0.03795900811184138,0.0019266502705924198
8.532812718166507,0.011586974959847916,0.00047034986628960787,0.034293850726480245,1.726117206245303,0.20795376394475906,0.3397708258622865,0.13816305088317535,0.009596883283619123,0.08321862410855115,0.07529179536984687,0.6946807410470682,0.0006287138245314268,0.11323139310722234,0.0025609962227802667,0.0001341141689571433,0.17936890721709728,0.007556632336203691,0.061457253807914766,0.19472081709411987,0.003304424525323167,1.1213667913567504,0.7820750438165949,0.17417160550081653,0.5723832292665219,7.306897574599157e-05,0.8642945242499959,0.8809098889271959,0.1256376599095782,0.0006160687001327027,0.00012271468229791744,0.021760631374619734,0.10408916400539635,0.0012050087994843837
11.456360105410381,0.00025255834508446746,0.4285619762490973,0.5959715073650295,2.0638215264237023,0.22992366127601255,0.00997726015562405,0.1646746227663323,0.11903001611134915,0.28594500717450194,0.008532938725633672,0.013164117174575675,0.0002969566241004026,0.13212970696045043,0.25497485552348687,8.207467499607579e-07,0.12799333129932472,0.00287159034569369,0.08584973242799136,0.012326625848870294,0.0003568491712694098,0.4170421177918683,0.873738227057735,1.742906296821089,7.15888718974469e-05,0.023399261725733773,0.9487042574664142,2.116763606825647,0.05205225424738065,0.0003178346820283235,2.0950076280071788e-07,0.020923007366002642,0.7237754668649068,1.0315474034094388e-05
11.815857382402706,0.01662650269866668,0.3706816484824009,0.031621201252560426,1.099119186296611,0.24695742268601822,0.9106813981310387,0.2813016758311152,0.1974599024967742,0.6115702577201126,0.02273042988111237,0.11421230508016476,0.00041071827150795817,0.24563680914215283,0.014827914101259101,0.0002483691836799537,0.17023157582365692,0.000531636393210136,0.019153618182898027,0.015173773265128955,0.005809334884301967,2.062785430143605,0.15183441114432059,0.832355388737331,0.35741893629140764,0.0017112745274568,0.5206599645723278,2.6087691962538964,0.011931249318902062,0.0004085653084202293,0.000248234071201079,0.02874389601516531,0.8617735396385741,0.002231616575727434
9.706163975693208,7.447685153155015e-06,0.02139791048042156,0.0006278444195859654,0.651053377605648,0.15866188210420096,0.21181459029842392,0.16608905310683722,0.2232864635897377,1.159171130170512,5.0838425786209754e-05,0.9767890161538576,1.766949959638318e-05,0.5734547497568686,0.04546236013539648,0.00018352930323759368,0.0061885416568726315,0.000992128952347165,0.008910839444215439,0.0035643668615490567,0.05395508718458202,0.41211025790310407,0.1639474939358662,0.13840441598165729,0.3647628668161285,0.001327409602682634,0.27754308461264493,2.890784108067729,0.0436257235321711,1.9675160833475966e-05,0.0001730642265938091,0.03347547449660533,1.1145491214033107,0.0037624531190524058
15.842969478190113,0.011499970080802545,0.1342249770471245,1.9268104162953603,2.664443947241444,0.37823244127679884,0.8412435307788901,0.3014929190620984,0.3581361302457876,0.7142397911266894,0.03846653885980321,0.552217856160601,6.56886462776811e-05,0.7024525198168009,0.026781041857418014,0.00045783669451476643,0.09874242204943137,0.0013536209922815196,0.016681965217616144,0.0033682839791228615,0.008426143720637885,0.8732721227978523,0.045623503099749066,0.1924073375384817,0.055077147147407496,0.005891392791023524,1.2439995946269704,4.595824935879773,0.021565144002690224,6.283630077423587e-05,0.00047630434282663767,0.016163127840342694,0.009115696499033014,0.004152294173688417
19.82475226042075,0.008499742619522318,0.38134650117901897,0.12345688481195444,2.650328824585531,0.3372912626894203,0.24208398713340057,0.12795873925788007,0.35739317074461485,0.07429719381809224,5.7096939872810754e-05,2.8664171513149515,0.0008419538247167012,1.2802520719951387,0.24393393168170718,0.0004350553192642543,0.0030694847450307996,0.0010408949452455055,0.16619332840303008,0.0014366946702402458,0.03457877756646623,1.8794696194687344,0.0016376533233994947,1.3616256566239815,0.5269299812539371,0.004184713246982224,1.1668755011715173,4.785810494610631,0.09388216622440597,0.0008434404202930069,0.0004367146296611437,0.01386163830160668,1.081466461002066,0.0068154718984345004
11.289882167213706,0.0016507031358444647,0.0010957233180850633,0.0018218365331088124,1.1580050267111373,0.2875649446024247,0.35972068726439327,0.6896889423102984,0.0517682209476748,0.34252673557891694,0.026348185548920634,0.6704668165719616,1.3737255266094448e-05,0.7955729897739784,0.010035667754084722,8.434343951936712e-05,0.10119196828545055,0.00025003621534183576,0.057965220690078346,0.008329731191583497,0.00010260110063086311,1.353735990260717,0.06874029590315604,0.42922513146142904,0.22684394919303502,0.0034500412920484805,0.5511261778325125,4.048215346254295,0.00026605270436550334,1.1420838788405113e-05,9.34768620501649e-05,0.0006153956655080595,0.04161498439244495,0.0017397863246573656
22.956053307741566,0.04683305271603675,0.049033635342583266,0.19348689506783304,2.973384721526032,0.5232049559555552,0.19606868019245582,0.9439292301926471,0.0038356368936941798,0.03969950206850257,0.0009945464401014046,1.8291181901237135,0.00019830159508445224,1.01933167843605,0.13155983310870298,2.278084545744734e-05,0.35699647390249023,0.00010640368354604493,0.06517744133822757,0.07615464964309307,0.2935615013282143,0.9411024607344366,0.0004885004094901007,2.990800277975968,0.8897429155056096,0.03108511569321495,1.4382785623253236,7.076762273703082,0.01710752075470731,0.00021003635720096678,2.7833490132643872e-05,7.30464097400481e-05,0.8257554650369805,0.0019211889456594953
24.471694552896665,0.13978183818671724,2.0198052919095573,0.28526581660638023,2.0941763142176675,0.6680809281401138,0.03726088627044996,2.2583488493151966,0.060151897177588697,0.33793120780840735,0.048134837178585584,1.0710160094894987,0.0005631362061447076,0.916698675987461,0.17840301307472362,8.121698583222259e-06,1.003546304418615,0.0008499229126549885,0.002115267984683667,0.08559156420790025,0.28337416714312785,0.3984296600606395,0.2614576486110495,0.19331986756314185,0.058768763032138766,0.14299596855551244,0.9995253356322651,10.33038171121911,0.09536736188392102,0.0005651263790478225,9.724719678303715e-06,0.048520044913685646,0.4512252999756337,2.3990416787054114e-05
27.165534066481456,0.2816198034193534,0.14564839853256303,0.03288447967965209,0.03215693302301058,0.7779615136151345,0.05378786893826435,3.515804439773825,1.3236357681596673,0.2979130411549009,0.04372825650641361,1.5657473200824987,0.00024525477463153967,0.9125329467359825,0.24626486099876702,1.056451716904928e-05,1.4498909201921655,0.000397777394256456,0.0010176577055362216,0.23383634543913592,0.12819404645227256,0.526419703987636,0.045873513371661866,2.197039863504424,0.013003094488251904,0.2535719596668454,0.0006043583190281732,12.64674756060231,0.03837410586211374,0.0002446842505340287,1.0627343838852046e-05,0.05817851089834771,0.3420928595989709,9.502749229217154e-05
60.93356996103991,0.22295710875668456,2.082505876505012,0.2860504410685305,7.205577438279581,1.6605610212946873,0.20814160805947735,3.6960710309206206,0.8528620668996834,1.6818858401320822,0.021123261543187413,6.11401897489575,0.0035276573085688484,2.063635909450901,0.8954320994310203,0.0004906716720867349,1.8177862763953618,0.0005893570402647106,0.0043485869969782315,0.3419065189407011,1.4293502976661767,0.3682579052145046,0.1674866531370259,0.9904056652506554,0.3022984010258219,0.30840377908032024,3.2802874608154866,24.22540985851721,0.03015206043935448,0.003483962036661992,0.0004904279690042701,0.07111138741829288,0.594674924520423,0.0022854323577894144
56.02516519892889,0.2635777421828819,0.031037390167129107,0.13610010599620984,1.7323127772038047,1.4961722120928547,0.39238353685220967,5.433611372758029,3.4405232957962544,0.17732397699696867,0.0028177831681007836,7.448765165027934,0.0018790909627917666,1.7616845822118452,0.791909366319258,0.0007669016271323429,2.414486736983335,0.004095959418452474,0.015066979244043783,0.725664536484396,1.2442209026000415,0.002859719179513425,0.3598141997132965,0.7502969350053222,0.2664278513815103,0.26593918501912384,0.6103867579161109,25.36393599362372,0.06661919873556028,0.001920628781431426,0.0007608745568798164,0.2390102370087172,0.5749421779728623,0.00785102594117126
76.66078582678378,0.3464893084040928,0.5884125891469728,2.0860348646715323,5.819303764611565,2.217987107927694,0.8329555974876873,7.595402213798574,1.804029627247576,0.49323978242390987,0.010589610334939438,5.756547340986691,0.0009660371584118084,1.8554984169429098,0.518354243748627,0.0007805718039584316,4.875224904673444,0.0015694608235999122,0.02762341540236484,1.265653093811724,3.287494958199808,0.1829202147407645,0.06484812141760171,0.1139364794441922,0.27388751312457954,0.3184149357324598,2.6141307872928885,33.19970700714702,0.19158007467120453,0.0009606251051634407,0.0007667860827345974,0.31001848850418773,0.0008475959772075483,0.004610287937692636
91.38544068581152,0.7746587266406357,2.0585946399712376,0.059697982875969474,5.722669620583056,2.399124404175995,0.4435096451772431,10.965188362798308,0.072244999825611,0.03772390660537423,0.04489965421516263,6.420372936984663,0.00025435476375556653,2.0002382037482334,0.21153903441217559,2.6228239279991932e-05,6.777326658222807,6.277572356605639e-05,0.001628095434506496,1.1277307053839236,5.485342999113394,1.2595601206914535,0.14562337235570721,0.6442937367326071,0.13395080861783074,0.43859264412850585,2.842125165111583,39.41771353039292,0.08790614551414548,0.0002623169293100312,2.8755517580693475e-05,0.4287782796619241,1.3836237573225925,0.00014811794045552044
115.53591233470047,0.8444402345945674,1.1886248634630765,0.022206891069089425,5.945247146569515,3.2715735063979663,0.9722924600166231,15.71009996502226,0.09553291762871888,0.0014684222118138493,0.015190035556816467,6.77022006644105,4.226156684564386e-07,1.3689740888043294,0.08548739208334542,1.2444368792833255e-05,10.089848707514424,4.990627000121086e-05,0.020701066164084635,1.2949268334791975,8.465629764603921,2.294025276681862,0.44986790528259873,0.5686374149526162,0.2415416649061465,0.7494815508781344,3.001565857723883,51.076499658748794,0.031158434907675437,3.5839491361443373e-07,9.41066102754445e-06,0.9581236635405633,0.002473800301099636,2.0284587892101097e-07
160.19168993280735,1.1613502280591694,1.393148269008328,0.182638059689263,3.6247307094963577,5.118234824108972,2.4678032135382875,19.743218417612088,8.758503794213242,0.5884957131818321,0.02034438189569433,7.696510879086831,2.620730797426691e-05,1.9175936351589724,0.7126853048221757,1.7875607779363826e-06,13.251828345021133,0.0011374302365476396,0.016927333792040263,1.5472724495252823,13.971591148408242,6.244008498774579,0.0020848242489102074,2.363105006363125,0.09226559356025262,1.2353495939527706,1.2145915088057673,64.9247238424123,0.049074161717888844,2.5534950515831855e-05,1.2594494964969055e-06,1.00275070037477,0.8893978999854881,0.0002693764882518725
177.71506990860254,1.4432151718857493,1.8058274942642942,1.439110102275042,6.722710794833513,4.4276483152476,0.6590872691678168,24.017685464040763,1.3468700097238726,0.24419600507748745,0.0959425546134014,13.757137100023561,0.0007920156133325704,2.4405278565144166,0.6146150592196269,9.087399195819813e-05,15.026797100391413,0.0001977573761497158,0.022093399422003744,3.0998229833183792,16.600221313081857,0.792302660086851,0.3310435809773264,1.7074519285679608,2.1423918777598057,1.5638843870738088,3.1227171859304765,71.65752879836324,0.12112878592822426,0.0008237000317534725,9.413483100839848e-05,1.382815870587713,1.1280123966150117,0.00028596176711827753
147.83112375726537,0.7100248911166525,0.005589889077447639,2.597250371899799,12.652607121567685,3.671175563865178,1.4280395304207476,11.755959111365113,0.9723956437993763,3.9518048349572754e-07,0.00040163060449246107,15.336233169289919,0.000815947155268524,2.5595144849733766,0.5996467124961768,0.0009157364086350712,10.986506560854705,0.005156313514797311,0.002620763202895976,1.4605357285562175,12.508501305101115,0.7762902795216826,0.9652885007039052,2.7524336938267924,0.9447258839951089,0.6537715238393298,6.071617806565292,56.387987046369645,0.09560879229499672,0.0008160348639780462,0.0009212635449669399,1.196925518714241,0.7230613454614979,0.007785197113865891
28.03361812570786,0.08538633291851959,0.11841526647629863,4.0035355513269435,1.9907430973983038,0.07079274517570744,0.4925507599547247,0.2146320226782092,3.1935115779783314,0.52750124173891,0.011776317846660144,6.093871282066928,0.0028569729596427873,1.1174754120403203,0.5639353009289503,0.004948566123331155,0.06086601137351919,0.024412449672065538,0.458118273189987,0.12182910314923315,0.057855516131763075,1.2877540106436085,2.0370769076830757,1.02097891016247,0.0077804330314032374,0.0766549070021153,0.7464801389807181,2.5163318836264446,0.38959355977203525,0.002838441669612364,0.004934063310012043,0.0005425716701891605,0.6617286855012275,0.06590981152660226
2.727236377895895,0.026112872254045794,0.6625536507948916,0.09378224697198612,0.003121214804861349,0.017764126816136757,0.009286833905808159,0.12727128960398726,0.04694674969158078,0.007276489052373642,0.03151811612939762,0.38719634353908366,0.00018706978546461736,0.12258347688879366,0.009574106770267207,0.0003546148817911126,0.19735379471710754,9.782229648152702e-05,0.17500075970179832,0.008042017942737874,0.10162750421005996,0.05046780876169993,0.3452985004971365,0.08358796045062057,0.01134611243681621,0.016939272236871458,0.0005482203776045874,0.11282113330345885,6.947923337565524e-05,0.00017060435562751334,0.00035574348638873983,0.003827651364599574,0.059246921097017936,0.014905869536022805
6.792477697000523,0.010544765019091754,0.003273058742633269,1.3699630834784475,0.5035979872164659,0.011945481428926713,0.10914487402335393,0.0013800241181332476,0.6378690996408307,0.13042545948665474,0.007686720540727499,0.5510003068183111,0.0007905365519055027,0.0003006788842992316,0.14717494504776785,1.5688624543868667e-06,0.07610638469428233,0.0032844878048088767,0.01680546809396142,0.0014883279547385079,0.24513730339423265,0.08383205017300513,6.480280471917877e-05,0.31261592506031965,1.4554090712271612,0.030515689910822572,0.3547805472220207,0.17286821709845882,0.022461428019007326,0.0008067174352930824,8.522248553452414e-07,0.0003281232221260368,0.5290599488482437,0.0018137619524622485
7.3988868993573735,0.0021572650191731034,0.7379266729432633,1.6116840105334413,0.08113780207854938,0.06507070516047224,0.0993162126842598,0.05320060510525667,0.050357055113020625,0.1030860533684908,0.0014515000857800867,0.6150416855287171,0.0005778782939025183,0.03266782085277512,0.026316425720276034,0.00025737229808555886,0.20221519042581945,0.00849786524914091,0.04323292404067058,0.0033705432103252548,0.017406593201528427,0.2175438629800412,0.128285683690756,0.3908319624960464,1.4598428824464178,0.0005379334248167536,0.04786561049562887,0.17270911580006082,0.00724157511157172,0.0005644537195106643,0.00026565692179577526,0.004068414910283432,1.2139047820013262,0.00025278444617018
6.4456152549049355,0.013030504424282163,0.20197975948662253,0.11861614982231193,0.16672069898171207,0.14578280003132268,0.06976511407452932,0.12128596140676053,0.003038532320980113,0.05289472984586877,0.015422419604714872,1.4705128923446598,0.0008268457069618753,0.026944074091791784,0.002830037519421702,0.0005015632221580698,0.5111316190077996,0.011864123519481594,0.3036661980229792,0.14280312914946966,0.0748695567070831,0.13843273297504424,1.2269439661647388,0.6484623087538793,0.06992313146462527,0.00155260596092285,0.08056005679487872,0.6541029000423605,0.0009603071641907254,0.0008378574933834055,0.0005146155735561096,0.010699864148510072,0.15209818591918167,0.006040013158753086
2.35232251246908,0.010702825943799456,0.37803398580809877,0.00012688680409364032,0.1364204519809522,0.006210176808417081,0.0065205120237522615,0.05153044361052976,0.008222700325048255,0.02572357059417249,0.003496134832020589,0.15869302032313126,3.4135302973691676e-07,0.052206041613161024,0.005573438421277549,1.2619924412553568e-05,0.016093433171538232,0.0008439066351492532,0.07981359190791243,0.10626344979655714,0.24712670345643936,0.24443799176383846,0.42561893884223234,0.0004730213611670534,0.16586012363734504,0.0001804958805520555,0.058962995963108805,6.0956627750685266e-05,0.0002551059826031933,8.545341374073479e-07,1.5220263072537367e-05,0.16185575131532662,0.00033429208165897876,0.0006525288827935839
5.0599453032917365,0.02421159491026359,0.3190606197162055,0.7182765071412782,0.17429162713879373,0.011304843520944734,0.05054097696302753,0.12558119414298846,0.4080062272523565,0.11632086581261204,0.008676261268272084,0.07755993159352431,1.852949227100466e-06,0.09844151000532265,0.06015855760764542,1.7589194496442797e-06,0.1251031254372648,0.00029023755328816723,0.013164805387618045,0.18590332492227343,0.3951171711623376,0.051371285288429575,0.4246870380075683,0.9739190744172409,0.0001708630942662527,0.012970715259253444,0.05059472775823033,0.00011276096431370561,0.04583641915861326,2.3452064775226952e-06,9.55280086666366e-07,0.114311416963934,0.47390582581455254,4.8882674076800424e-05
5.047943260758361,0.0042785378314242,1.675462528466232e-05,0.35240368871704797,1.397703502568735,0.0017631153272183204,0.015560766071236973,0.11348116844911427,0.06311125566583028,0.6064328561205015,0.08105106748859908,0.05700402945062233,0.0008272533910747082,0.13885763982649546,0.09797461262363076,0.00012107458319624684,0.13100741122748263,2.2132312407249827e-05,0.0006230060378909628,0.07720016291799314,0.13384453465411597,0.3880760950721709,0.21247559603208696,0.09042877638302653,0.002354231784815964,0.024058162624616682,0.7187548920031952,0.009059605630425648,0.22926474718200185,0.0008416938847135633,0.00012693512527138553,0.01147857282155171,0.08632116065337028,0.001418221671212303
3.0268160626054605,2.037295415013348e-06,0.20376093535729753,0.006729638441714413,0.3028541606876855,0.004410292065633752,0.08294955007541795,0.061702711625174454,0.9943647293898445,0.026445957512404777,0.0027464094749459697,0.0011890666073088934,7.214956112746237e-05,0.10043555270984597,0.0027443148914020614,1.289100039569156e-05,0.033891957632585186,0.0004919051244469825,0.0009952416656016367,0.07967062150656883,0.290723713612176,0.0058554952467202845,0.043908447446101194,0.11780931584048433,0.10280359200655391,0.004080255349070235,0.21973843556378012,9.170460756787045e-06,0.00505207057616896,7.683224150938604e-05,1.493238984055075e-05,0.006295431617802519,0.32493041651601734,4.783111366231696e-05
8.17346801273072,0.04812815668252987,0.02905892948297106,0.5357861423360366,1.853257994192043,0.07842459410892802,0.49958670167764324,0.1132141630483201,0.42195769213251666,0.07987569628166279,3.4703748514208084e-05,0.05762920047551592,1.3293900969485252e-07,0.19310909944156324,0.034783311310344976,0.0002245915897902092,0.13643942582456123,5.298028563612779e-06,0.020217699546506613,0.10117291531444464,0.0876876313557864,0.9675124262270959,0.39551855350546766,0.045967805895693964,0.49196663315459166,0.050986503716112845,0.8071645909829971,0.05371288341341364,0.0996813516730154,1.6904391534291822e-08,0.00022948083188519062,0.06514454843677572,0.9045673087057091,0.0004218297663167604
9.188537397418807,0.013676439903881215,0.012809378678302098,1.6949732709882754,1.002564212283579,0.03133108838082575,0.018452921903040646,0.02225913488589994,0.001300004213333778,0.2764993478273332,0.040986071631831496,0.0017409438522644003,0.00012715488448049114,0.12488884966321573,0.061100140132003586,2.2310893191020726e-06,0.05214828516157406,1.1833959088283808e-05,0.03535220254571612,0.032607320357864934,0.22849101686251244,0.05426981863780259,0.06006440203362635,0.051920849647791416,3.665688268392446,0.02386181021076188,0.4769695423136852,0.23017991775004135,0.001649720313827512,0.00012064432782195352,2.445115113963179e-06,0.02308136623669643,0.9493353375596449,7.142567520766593e-05
5.710321121205006,0.001047585437497272,0.15555621655504137,0.07036468397075134,0.038218262291639576,0.013214601995357778,0.011587878297935032,0.004377749363036274,2.0465448104287485,0.2363960304182935,0.02061722439029343,0.0013032579094000819,5.126928815696113e-05,0.0850420716429172,0.17535587408562375,1.6126777448332225e-05,0.07935264490741188,9.105945687442854e-09,0.03623898297706956,0.004027078883483416,0.22847937168278562,1.2401488890634158,0.08086908090663636,0.07565996884797284,0.14046154358973573,0.00016503724989890556,0.0707385379618467,0.021144555922919524,0.006657335986229071,5.4857768256609405e-05,1.2089419318179404e-05,0.009129287805269018,0.8574543402340394,3.38660406300575e-05
8.268116419334177,0.0038752997096275217,1.9740246128402261,0.0986454700346366,2.26422696394044,0.04622819550865029,0.022192056356455242,0.03683628759568737,0.11470575637541759,1.0105278787538335e-05,0.010499821497361738,5.6470799103219075e-05,0.00024352031347492234,0.20658634731395675,0.024475583775788862,9.811074045123103e-05,0.019993047447428313,1.1813467015998912e-05,0.018726736126327224,0.03777896597074764,0.1677628910083191,0.07010615577649414,0.298821132628868,0.6525730682916148,0.15183447588944451,0.02681294791337997,1.1805853981256216,0.5046547654957477,0.09844721936578268,0.00025852463812084186,9.34949500118987e-05,0.05189104416754881,0.18484289356652647,0.00021724242511276626
8.813402647771346,0.022774250143664757,0.7233618951474571,0.21221859230310502,2.1423867570352706,0.0740395245723992,0.4133025737185845,0.01851813689471442,0.34851632997807236,0.08511288686102911,0.032624723069919925,0.02224652151199715,0.000560593120700746,0.06365799774104576,0.047135985612853266,6.672194843590764e-06,0.015355458265481901,9.76179279880662e-05,0.02675814300072087,0.00418887772891839,0.012491075673919385,1.5638645436161716,0.004468288941225006,0.8403542584545208,4.914446061671267e-05,0.01881845727192785,1.1878598878313502,0.2532838263617241,0.0017995479309630684,0.0005624436972804784,8.169829883984206e-06,0.037127685414150756,0.6397498810490877,0.0001019004097588396
6.360630421286495,0.0715224309699172,0.23981905132081432,0.1682149031870732,0.008309277517046477,0.017696453418887773,0.2319967066586819,0.030181264707075113,0.06337406338869388,1.3071767604587703,0.09705805570579272,0.09575177133830995,0.0006043594323634555,6.10740808911298e-06,0.0930850492802105,0.00012678213054687654,0.04059647269062518,0.0019428019423492207,0.001418253337647278,0.07478177523939677,0.0007283141213255896,0.3867147015757838,0.22274301603196336,2.39523880275303,0.004743743585469376,0.03341701836025632,0.004743537232800062,0.41565762812330304,0.04200925745300092,0.0006044214803813727,0.0001260822611370532,0.0025214571809414866,0.3073739857393049,0.000346115255506893
4.841609893563643,0.0038140399803337074,0.2639380478909244,0.040473416448870723,0.0031919797651145565,0.00021548321778819425,0.0523246252757146,0.09310874532418892,1.6447599991775739,0.3881749683334693,0.021776243594658202,0.06680261274163278,6.17847705590018e-08,0.0004750663624392562,0.10740343655254218,6.073540480699935e-06,0.0744167318552017,1.2804999563407145e-05,0.0142513491029693,0.10772911683236834,0.06000375346380262,0.055987319332809767,0.22615971994848622,0.05682101472646072,0.4792658271571314,0.02642036954372169,0.0284432171506938,0.4144033173668006,0.05898922612724752,6.40844396101274e-07,7.709912622216471e-06,0.0030642051561391853,0.5488456631164916,0.000323106936233782
2.2418654094282484,0.005293392969335794,0.30179401657375043,0.17551536021755007,0.19073729249562543,0.00375249319414452,0.05249308033470554,0.05684074794673095,0.5502129867156089,0.03753256529291748,0.0006174023665658158,0.02370761929993514,5.581914519037485e-05,0.04249222587916279,0.0004605146143338799,5.687776544157305e-05,0.02466132952669777,0.001412504684522951,0.038484955006279006,0.009670786010833066,0.046089650008612815,0.04443510314509509,0.02967833585980201,0.09549251899962664,0.0006734266239466445,0.023979765957902077,0.13294594176876212,0.13209326922258643,0.003386870861254615,4.9928666161574234e-05,5.6378905151020876e-05,0.018728173023787018,0.19846358794663788,4.883995908519939e-07
7.365138333322982,0.011997076179952262,0.04930429585556123,0.21683897498571372,1.110027821242723,0.15369859040053255,0.4297159684141963,0.06700969090329324,0.2677554768492713,0.03717656474352846,0.06454158468192159,0.11498162619544777,8.613608664008316e-05,0.01139590093024131,0.004881039384053457,4.922958661581726e-05,0.21413577981119397,9.519366274282741e-05,0.002959303300378209,0.008641458376428832,0.045633573508374464,0.09048718881425168,0.060771024819966976,0.8179981229162749,1.6762095290012515,0.003159306463017874,0.4983643172178188,0.7858628937537671,0.0029289766169218246,8.093580117219992e-05,5.293075853615528e-05,0.0003654379019683106,0.6179184098915023,1.3974267722716797e-05
8.905383770558451,0.02570527975426989,0.428924725286954,0.3074682436951886,0.3664822618837082,0.1841987640939269,0.0065062099381082966,0.09615570867296133,0.4064807316295196,0.007932382583413807,0.0037463945809498253,0.0711550832910786,0.0005558808176331427,0.03359922125003191,0.26695904149284283,1.738745841359036e-05,0.34264184377818646,0.001192588618633505,0.0010332137679984921,0.002227852159928532,0.00116537261783871,0.3370635889818722,0.48458863289957577,0.05604551323950964,0.9132525016188784,0.04273344371757615,0.12667454976388534,2.4703032310655506,0.0002816861013757667,0.0005656979651144006,1.8802637985291455e-05,0.008576961604100491,1.9106714812825172,0.00045949230892291875
4.660497541422844,0.028338415456553308,0.02772386090420585,0.45985476092275496,0.7287094826730619,0.016212379844359758,0.030214708099351333,0.25176056490684484,0.06563575181301098,0.0005352169410627143,0.0022023866755260303,0.1388576923122764,0.00021108794438950013,0.003576323052278243,0.03154826574916711,1.8780902821891245e-05,0.25139285410339535,1.4594607467326091e-07,0.0015624959686984451,0.01974166135164375,0.03726565801042826,0.6530501941108314,0.3500888385490604,0.07369319991709902,0.031193646954173072,0.03093755281380856,0.37973941480974016,0.4234311060359773,0.0029543187113032707,0.00021382964098320812,2.1324283738371843e-05,0.04919079247834114,0.5705564511178922,6.437842198976213e-05
6.526879291159839,0.051222421564925825,0.17327449086755353,0.5374388100524162,0.06348781766640244,0.03170631166578036,0.20039179170978114,0.34343052380101685,0.3371633079154052,0.0008139554906481136,0.0036578720656486007,0.1622208630701179,6.357295280545343e-05,0.0012843442721833535,0.0013508541069599041,0.00017726251906777175,0.6187265324361483,0.00042551899253221565,0.00873438269384422,0.032115193178065916,0.0027306077836040774,0.4948107028282888,0.03108171784420786,0.04321318948511588,0.04026933417629289,0.10456057545130906,0.015415488425111853,1.8297450459181182,0.05620351019529621,6.232177170793718e-05,0.00017387059514956582,0.09691345459151103,1.2434727083142825,0.0005409367585394424
8.844615558434782,0.02220905578543329,1.1057495588154018,0.2684006639971624,0.46654642035114235,0.029786188078763192,0.014058837290439856,0.2015592548556997,1.1198665405397388,0.4304222011741951,0.011430884058433339,0.27375062752968554,5.029058936888738e-06,0.04432709549680435,0.030036725989711053,4.872953101445953e-06,0.2153550765036628,8.901303795550881e-05,0.021117494298016307,0.019166121701593077,0.08566775120833493,0.11342400975179763,0.08319593473946407,0.042431833907250596,1.2887568606486175,0.015889162893946387,0.3415855362009349,1.5227278064483276,0.0021234650057520405,5.065426853806467e-06,4.489533688308489e-06,0.024045578079187415,1.0505792879916844,0.0002971150830656441
4.742238850219412,0.0585749180221061,0.06803420400176453,0.0003205589601041494,0.06705634288218165,0.08521826925589214,0.004771787062734108,0.5429159268618149,0.2453055604403346,0.4081961905446426,0.05083155427747452,0.18733046820241606,1.8387750371255622e-05,0.002315290460025022,0.03079375292295856,0.00034453150619628945,0.374483659582298,0.0057961376107431165,0.04654331032156126,0.0012497125493768637,0.09079290013859524,5.724502728825316e-05,0.6561220011319538,0.9621428348628508,0.03394571226392072,0.07348126939345545,0.05491832268074618,0.5942120314237612,0.004225359132365083,2.3480431518635937e-05,0.00034134878201255795,0.08747700097259295,0.00030582206123608844,0.00409295870211829
8.055307760831699,0.04651060003832878,0.029750081243363313,0.43453470464087723,0.48814998629947587,0.07402081784961309,0.007311078460886594,0.49165999122575565,2.444795146445952,0.1495867358881611,0.06727254058958197,0.08336310838254567,2.624011548289031e-06,0.0030858482794109804,0.13636753892887007,2.0482670445111962e-05,0.22062332494086034,0.0012822546675961435,0.02260135005129072,0.003713790413493587,0.32757759744902054,0.0034729224947273886,0.1394417939043794,0.24307532812877186,0.17257233704796082,0.08051380883000821,0.4042231244224967,0.7884790564859987,0.1200374789928495,3.57627306079414e-06,2.153542332356348e-05,0.05366588501420241,1.0174875026573575,8.380867948490731e-05
8.312053151115707,0.0006269496903438985,0.07830762636765967,0.08856943657027036,1.0146535517418787,0.20988474668513388,0.4400791661827985,0.4894361950261924,0.04940688189557092,0.81021909914703,9.083872954703393e-08,0.002020687662944389,0.0009459707174118511,0.008691587057173452,0.05387085993291479,2.3324663884568637e-08,0.8218949503230485,2.3357846699442837e-06,0.011027540457907048,0.015277336820895037,0.42618867202168303,0.53555419358598,0.09690824138392401,0.008908418478124227,0.057820927359237675,0.009666924768894261,0.5657931360135099,2.378951140331933,0.0045046657744021255,0.0009642793776292297,3.0483684645109555e-09,0.009427697416781409,0.12242746965771618,2.234567028626966e-05
13.99687269412608,0.026194012727998924,0.00036338291795096685,1.4377168552991544,2.5014285772885394,0.20438191708823508,0.025523005041071297,0.27119427637885,0.19150057417208902,0.0227347340780457,0.031450731039502085,0.9270183499658724,0.00014186636093169855,0.1882085717782514,0.03337631783469372,5.5391054639634965e-05,0.48060844684524934,9.911022052183647e-05,0.0006741448217102666,0.0411024993733535,0.5096257066610793,0.01704414389077345,3.630246034846916e-05,0.7725758252702394,1.0835860033684717,0.0227186617695679,1.3523735996531845,3.4063086923101324,0.07989119801238548,0.00013565396839385998,5.918457884929239e-05,0.0072551206904049505,0.3610189688561602,0.0004708683494301993
11.609898258960953,0.02946675654628349,0.03739698078007704,0.0023409278766306236,0.7340989230345223,0.43163310371719726,0.5001996753080494,0.690005809415172,0.605633368364739,0.05998867536074883,0.021583707720380114,0.24693639598788422,6.547854600845405e-05,0.009827197718651499,0.016994848241854158,8.675737295419e-05,1.0638866017582067,7.551035026958543e-05,0.00540933941917055,0.039211940647735755,0.41672081724245486,0.19926978307528956,0.04105324668376603,0.21030355062936892,0.2205313921434835,0.01249399681881542,0.30857512359006617,5.227139798751372,0.100414118954843,6.029002711048654e-05,8.825783541836112e-05,0.0849235311273192,0.2931436133568792,0.0003387405582309399
9.51249641356052,0.08404973236811035,1.7555390709561849,0.003546225926871465,0.0005425766735158501,0.13356970199420387,0.009925998371771848,0.8293953987903486,0.021246863826404,0.04306977193939625,0.014244659901960272,0.5138971842206814,1.2689196811490905e-06,0.011182048903951938,3.0808143604512325e-06,1.8327293162101684e-06,0.9549506156392127,1.912353925515541e-06,0.007966948545412888,0.07515485838043753,0.5326546438736657,0.11751361340940068,0.14283817767693532,0.7327219741000517,0.12273620930168738,0.08158209364965123,0.0003855030993793755,3.152647470813462,0.005315187109332352,1.2997357722381888e-06,7.188485543245898e-07,0.13447833810249363,0.031229696215680575,0.0001017363687048
11.94511613758322,0.028867787436926935,0.17340719680083883,1.2786095427954778,0.38367725611875714,0.2531470856779915,0.39935439549831575,0.8730913952086248,0.0019672259111567273,0.25721684035988435,0.0633088919440933,0.19884251450784643,0.0004080135192291969,0.037703270097316506,0.01941872012903407,3.06432155140408e-06,1.1966130652188016,0.00014757037940779785,7.470841835033009e-05,0.19770289190456503,0.47966462174486385,0.2769296338582624,0.48252368259111816,0.038862369383549346,1.1425957489880343,0.003819550807479501,0.20502117254680607,3.290292344641862,0.033399468642556544,0.0003939266335828865,2.5027284724071905e-06,0.032817865316901736,0.5950258705863016,0.00020594286526148635
13.877181977645284,0.05676441878740405,0.1499959063757183,1.1467789029961102,1.9382308504911132,0.37531728153340044,0.14622287514462778,0.9847182210038952,0.14329179969361922,0.004814031678917974,8.80300457084575e-05,0.0001909556819181376,0.00025277277975999514,0.015243381211220161,0.0014785320119945562,5.342266173737813e-05,0.7273412206748014,0.0014518863838237606,0.015681517939332784,0.002982232192126062,0.41023819072825135,0.6287725819858316,0.2617845241808583,0.24060597434005002,1.0994256602752537,0.02336925110121556,1.0557724364973087,4.410229920605589,7.696017489494872e-06,0.00024814052419399544,5.2143959416672856e-05,0.03108143930540987,0.002659536466627057,0.0020362423705570704
8.094713692693915,0.06026411145342246,0.0029010871235950826,0.004415885094310176,0.026018212305761027,0.22517157566703372,0.16515258673615124,0.8821081513658822,0.9553382460231742,0.16368010563321558,0.012902828006272923,0.5399355378023772,2.0663395339673246e-07,0.1679497812332383,0.052780556898007466,3.72507328260126e-05,0.7596349976813287,0.00028787456358899804,0.0016520367280464126,0.09348262341791724,0.30874713643404245,0.030033264763222167,0.08642546482743424,3.5352378396621873e-05,0.12155440079049488,0.019095266118345177,0.001443406938260351,3.310223303949152,0.0014316004924732858,1.4334683659231562e-08,3.6027516346936486e-05,0.0390582209861255,0.06263901473275346,0.0002775633320798123
15.412773136372547,0.31175543818827045,1.8430768789569265,2.3447966774938878,0.430103812772279,0.09336819527643068,0.3262294836061382,1.3135352212552531,0.01397880306474239,0.23803077110075066,0.00934591631439437,1.0527646708677532,0.0005325415446230304,0.03065746433596222,0.04614391922228234,0.0003596130676741201,0.7112048879806656,0.0023329878485123905,2.2142079060563942e-05,0.3246465593521666,0.5136391284522536,0.04900923593269685,0.00023586788795315015,0.4095148672767643,0.16441758381553853,0.28626479546184563,0.21939735484431766,3.1358067259296463,0.03824792018941726,0.0005461530043315068,0.0003608779308767822,0.0831198208883804,1.4187184833356086,0.000608337095145232
18.957907342228886,0.08068130087970177,0.9875318895460352,0.4381469812953429,1.7536876098317633,0.3458436387376862,0.08214777976187997,1.4515399297692502,1.201605050684363,0.004061804296529743,0.005646714512528151,0.6035679281650115,0.00020895859129238693,0.07562577673965716,0.022737632164439484,8.612056220635858e-05,1.3689012833124299,0.0003189656407657622,0.0007002778770273857,0.1915091122110205,0.9195933598502749,0.24617859693071262,0.22787108633309466,2.231304925171907,0.0010562852116879668,0.052659747790478585,1.0869077798249314,5.48556465052927,0.016380802697204405,0.00020140809723247796,9.654300906190254e-05,0.06975390887744107,0.0057558148887935645,3.3678437867408996e-05
23.121243521786656,0.22183315545256962,0.5482934674295493,0.012787505764049831,1.6216462794504203,0.5285532770883138,0.022621624356249377,2.0346796668283718,0.011687617820028555,0.15439539761009946,0.001768138401168768,0.6877633230466978,0.0007648044412025885,0.06494589028769934,0.26851098146873476,2.3137954026787653e-05,1.9820847985249248,0.001149485663296415,0.021473689239710086,0.18257164210071036,0.9258184676045889,1.2249570912248733,0.2012511230563802,0.03736528642350995,0.00020482421686482714,0.13681365441827703,0.7949525497744212,8.997869742601518,0.001283918109243247,0.0007840808800025282,2.58112863953419e-05,0.24268616780369237,2.1890855359112824,0.0005913855477816079
17.90500857153529,0.11152642704613287,0.09726507936300091,0.029547274638578983,0.3104600709180135,0.36937265595651453,0.030172037356469693,1.498008395124554,0.4807555192667169,1.2265619102384504,0.006688095661730154,2.5665979216948944,0.0009385421997294413,0.19656007854249727,0.16073019050007262,0.00029489714842003605,1.3728632316950655,0.0012073066830260285,0.009877295750146932,0.2907363480154091,0.6727496019556831,0.1673204031035283,0.28425865680027845,0.007052154932504529,0.0029728299888245155,0.1438662146461633,0.12528810840758117,7.238783611196197,0.0023813966456273632,0.000942240641918438,0.00029438132842928846,0.23598173329693156,0.25924639002938293,0.0037075707628160095
20.961165994711493,0.1332174401898963,0.27237577349593534,1.254407529844278,0.07165848195395032,0.5161968666026786,0.2186241838803924,2.2856678641222286,2.034387663723215,0.005916474992297565,0.027737883236573946,1.2098592245861688,4.747066803321755e-05,0.1259159928036809,0.13330992219619867,0.00014857676221948884,1.6652050789354202,2.117504223997548e-06,0.0006119059567412384,0.30808553083115786,1.124825879757669,0.004216773961501131,0.06120916219241283,0.06469056527896294,0.6179781862935235,0.13667339010296167,0.007496919070148804,8.309216617858992,0.06699846440183722,4.903560508829437e-05,0.00015616244516292375,0.2684231143929383,0.03381928918590597,0.002036451879100745
27.12590893512625,0.1937135689119506,0.039467433220476814,0.024576632212646474,2.1676765213855926,0.7873873424700711,0.09894908382170248,1.9522900660798848,0.09241086454049657,0.022723842617293096,0.00036405597894486095,2.215340655552279,0.00037312502927597024,0.2655650494787303,0.1849595513622891,2.42250500482831e-05,2.1929708126954317,0.00011307909318246567,0.0004990500745132979,0.3358537708471156,1.1964794703882193,4.340148025471667e-05,0.024365769984919648,0.6388237719512032,0.08405609349671192,0.1308924602689073,1.041470458671214,12.641835496431304,0.00639848981281395,0.0003556207646133772,2.4011687320165623e-05,0.1509378812191545,0.6338798155148488,0.0010874630328406782
29.538136423717138,0.3605977856336087,2.1110312247222955,0.4000813092857155,0.12672475239099848,0.8319297382952235,0.0022520466129906385,3.2175295052050132,1.3480120307591283,1.3228449907185869,0.013959296625343216,0.684873980434017,0.0006771288110451151,0.08239961959631399,0.3317252761669429,6.717016131461502e-05,3.4346727094837495,0.004096801320003665,0.015062529052795636,0.4703188201388134,1.3385025900643568,0.013858619601457362,0.39033785855453573,0.002507389440888949,0.3145409618587381,0.44054719645819496,0.023019459315162177,11.79473902865292,0.040030209297162174,0.0006910615391002793,6.530666897267351e-05,0.36326854428850863,0.05616601808196011,0.0010054644812786773
29.4041136807279,0.33684984288644704,0.6964400064889649,1.7914446660157237,0.06576404075772753,0.40090065153062726,0.05761314182086378,3.0288302686065998,0.22162079726560388,1.072163686957023,0.019192713200986044,4.258328706603903,0.000957629096962486,0.23593016022386248,0.03488922235918437,1.9383115696760196e-08,1.97076335688554,2.420682605636981e-07,0.023909448685623346,0.8464299953043334,1.136545003482858,0.01433707205802868,0.8241175869985014,0.32057587119914865,0.06369445779976714,0.39256944315132924,0.0542842971478344,11.146551029739353,0.000975497846277292,0.000964813100472258,5.156355746366077e-08,0.3740370693026069,0.010607813676518772,0.0028250775202953104
35.250465782827554,0.16699668234972956,0.20826273691516733,0.21683818396151086,0.23185687886385806,1.1883012450905144,0.6830603438500691,4.207363736909949,6.687373333900488,0.00014637661219377103,0.005180516841959886,0.5059372093805211,1.160154554284841e-05,0.14311868855566787,0.48355573160019066,5.406554574179961e-05,3.487108472285846,0.0011400303958494589,0.0010437115761585266,0.6367279608024348,1.9506894357757902,0.1522088571837855,0.0801512481926393,0.062106494981145566,0.24659722391027727,0.21571523949605387,0.016729549705705796,13.216152530276066,0.048256435921570716,8.954631309800732e-06,5.173505216009822e-05,0.402494055906171,0.005051253562360653,0.00017526124912127343
39.77548930826754,0.1765726313312899,0.11483879880487079,0.00599641721256819,0.6359791164664221,1.0348838276594612,0.8222938701021997,4.126786992050636,1.3050842782679848,1.885088479965269,0.07479440231203292,2.755521846382081,0.0001461596312048891,0.29685811935603146,0.03523407022789045,0.00015073948037437962,3.462943258591638,0.0005611862133117387,0.008120868309138317,0.4747667078587588,2.462616936195776,0.49945048689698335,1.0518854896036371,0.06202503603166044,0.0062015984057650795,0.14722291657980138,0.2427696302255863,17.202898614545223,0.17012589348880036,0.0001530656800664674,0.00016311836435830727,0.38093847529941377,0.3284067141486123,0.004009562578685328
44.285617061427004,0.5667975678242942,2.264304774058989,0.19434345941021666,0.5465260460731368,1.0839996936368426,0.006271718071550004,5.173454277443251,0.13920601611478178,0.22644659268380615,0.010029494746836424,2.314998849850534,2.771654847875753e-05,0.1871627740515589,0.009865759248256025,0.00019578056316338244,4.582053335283012,0.0028723902400156205,0.0008305879570028505,0.5097890711642267,1.8982650704480097,1.1075402275348403,0.04469490926665258,0.5194091349163066,0.42522918647209856,0.5666458605611546,0.32510767829148696,20.812857094574554,0.009532971372289667,2.6181797288481613e-05,0.00020230464722635548,0.567152777437261,0.18952264655485732,0.00025511258302594696
47.04977205843861,0.3826331000277979,0.004214959114964621,0.00047233156500042523,0.07876399600349922,1.1973339848315945,0.7362382806103499,6.2433779402899185,3.3959863699190005,1.6943428439990162,0.011597433069508289,1.7726823403438157,0.0006279414555177039,0.1540707032911516,0.04092318263421536,1.1511862805995474e-07,6.358854210090902,1.4980102306226903e-06,0.06876097129033325,0.465376442446505,2.6758351688156203,0.2223499803617803,0.8025897726920007,0.010624812518945774,0.03439355590539816,0.2959244917072846,0.10466225578227337,19.431152412410405,0.006351925923170022,0.0006138667630173633,4.6485644178878717e-10,0.6546335431312643,0.20419155782043633,0.00019007003020778503
45.29468410529742,0.5481621748725951,2.262084048218504,0.20835794800543792,0.01894648168375624,1.0831845423491142,0.010458530065806153,6.357947081060662,1.4737326402403066,0.007483606959570512,0.04026669422034187,2.003223534955749,0.0001832164614559818,0.33311310855972515,0.2701190409359065,0.00018563133208369454,5.000833381926529,0.0058518519749547445,0.03632397939464545,0.4810742659695688,3.3563283822942687,0.1110564902767671,0.036042418170457696,0.21704944063576062,0.0016894810025510844,0.6977778026698126,4.6319751594324885e-05,17.806322573197683,0.0003204837653578399,0.0001726199733299178,0.0001961779405461985,0.6054498927910628,2.3204280507350243,0.0002722129064933662
52.7173374231476,0.46331812245756204,0.04574487168741977,1.9534866369922037,1.3581578593379393,1.5096279255007117,0.12083915257673185,7.103137540553442,0.1443966878517544,0.879242632822837,0.03321458123430086,1.7793469759879705,7.138951829034856e-05,0.22526029173989892,0.15402737564875588,0.00017520220953013378,6.544873151575496,0.004141180207387499,0.049118335571761186,0.8343593212793469,3.7384219071809897,0.0009071892848222315,0.0028911662766648877,1.4965200526721205,0.7962138751804764,0.585320366488038,0.643361677617265,21.5393810999578,0.009509183921359578,6.739282029247713e-05,0.00017313661647701495,0.6827515042291726,0.01878567646471123,0.0004939596840659241
58.9203205600734,0.23360150331373325,0.0007305027913737237,0.05640230112753046,2.9781406167583,1.4674918871375144,0.28874875584186105,4.809796043749984,2.9003128284299056,0.5881407988420673,0.03957772193437989,8.441485300510449,0.0027217538184798424,1.5045389317947264,0.9677429492821444,0.0006651880249973388,2.778477156179481,0.0021046678573215408,0.021991248638210305,0.95472004435967,3.3287877497318044,0.010966642384487383,0.1679655880066528,1.6963540212440236,0.43338408923892474,0.430233880474771,1.1564870476109301,22.63867454779707,0.006488334492573347,0.00273712435776653,0.0006680026612129352,0.3072112940525893,0.6950116741585487,0.00796036346991351
57.50894170370146,0.29392274497276816,0.16023274510604343,0.24757312007345128,1.6710284866234444,1.2913538238917723,0.5280260353422309,5.8391649479434236,1.5732417702561012,0.03477212352482823,0.0174403079431795,8.742431893969211,0.000975200695365688,1.1460220176458464,0.31286333987735687,0.0007853820973726025,3.6423452272720063,0.003605693487564931,0.03731786717426388,0.8410751021251153,4.073843673519816,0.11065087778716724,1.7035035805701,0.010735083777179709,0.7176607319725301,0.30675610799219144,0.6867921541055518,22.667262273806788,0.013522945711998002,0.001001026008867415,0.0007667043642101947,0.8171650945296753,5.551083688507393e-05,0.0150481086971601
66.49404319258505,0.6399708963206217,0.07337644160216628,0.6897950785042655,0.0013820038442697098,1.6546036977192233,0.6285096062827458,8.35716326112252,4.819924603417296,0.0003029872148581375,0.00996640710826876,5.412966793356676,2.3050468334857157e-05,0.6282947096054976,0.25764863416852263,0.00011011692504268397,5.892149565737571,3.118963576883914e-05,0.050327264463973,1.3763239181180513,4.532741862943228,1.0636174923947168,0.5764174142131497,0.84450298821979,0.6617421004732393,0.6165151734011797,0.01857967152231416,26.658077818811904,0.00898114407882413,2.4357962510237234e-05,0.00011173562552848753,1.0146258499618424,0.0006506947512197152,0.004584662609922353
71.9216246988637,1.007411994618753,0.5963921028744296,0.0007395323509791031,0.5512101322866784,1.7921553393344485,0.09664691433214727,10.447796966121079,0.32330181319408247,0.5333177888134069,0.3441612630517058,4.375395135169932,0.0001014784478775816,0.5812200687780744,0.12825216936327977,7.384709188750956e-05,7.618158307778393,0.003619756961723643,0.010591736078013454,1.4890173587183502,5.585278475570286,0.7102231036668012,0.12714950550756582,1.7329515160835813,0.7116155296587215,0.8007308421954121,0.2449318147376376,30.701741190710734,0.18188052545510755,9.890484989113529e-05,7.874984055220998e-05,1.1527027013698024,0.07251955230299012,0.00015858154937440036
86.39457196123065,0.9590511213800288,1.502195075987766,0.07830674252859789,0.8251293084028961,2.025313604476989,0.3101713202077801,13.157912150345318,1.3110574633307248,0.005891541853614201,0.0015442657905135682,4.32840662174773,3.982273008847277e-05,0.30303538577520706,0.15349641620114673,1.1609836519300606e-05,11.347688393997556,0.0019467554286697415,0.012386801236470405,1.9284214551621848,8.888394955547362,0.03992551198845926,0.5312948401719331,0.43929182130031785,0.7796651993589364,0.7178982041794149,0.34581613348811346,34.63612563415741,0.010530576183912134,4.3378637391186405e-05,1.0035810391925184e-05,1.6799330037342568,0.0712867505777809,0.002350059675186734
100.92589528622254,1.214900553171175,1.4285136402834901,0.036724416382233976,2.3680034452184042,2.8166806709401655,0.3141253612688407,14.44416022826293,1.8054366638533828,0.1687715973029031,0.0412480241078384,4.748093954954499,0.00030709852467302877,0.5591595257732351,0.46674417481925295,3.1997939718371645e-05,11.432905789235905,0.0065453549927987536,0.0010310143575001237,2.271482270728483,10.9270333044806,0.0708395349403391,9.383590662939313e-06,0.362073682401878,0.011511131846804322,0.9291461919425091,0.9798822979621874,41.48972441183307,0.01624271409602938,0.0003085953788264033,3.113086504067655e-05,1.2761402520956477,0.7379698370409045,0.0001170356306073528
110.37922675434072,1.0937157125782475,0.023679662194034737,0.22033113229027906,2.567755947751646,3.179105894924323,0.7368096634864248,15.313960539762858,2.9840532282681176,0.30939125598175615,0.003968080758812702,6.83693958836854,0.0002387841614964844,0.5895395611106596,0.5475688989844306,5.15831889044612e-06,11.380304039345768,0.0012289488235995973,0.006525615280029018,2.143017992516088,11.608172217704483,0.04745266244612745,0.2252962020644556,1.709259082794596,0.2044995719306427,0.8756828147074208,1.0131973748834495,45.112360750714416,0.008064814484929666,0.0002445209985753824,5.633368043515482e-06,1.6025595055965374,0.033479149442365984,0.0008127482986749372
108.46026287060319,1.005171985368461,0.6613463460846336,1.0352365975919815,2.453650485862649,2.700042297652645,0.30909878193519064,16.223222963028288,1.568532287716752,0.2044881987452796,0.01172432693416097,6.234530542071414,0.0002390032996485687,0.7513990474806201,0.4056130502276927,4.6128118250426006e-07,10.981817097472357,0.0032572672961716197,0.01390580797868506,2.0542163109065688,12.626171931314005,0.09973563703948152,0.03774920779536123,1.0731436536990189,1.9622255365858476,1.2127057553215579,1.054532454938035,41.5504487719646,0.0004883163662838637,0.0002503183080025461,1.3010437055339562e-06,1.525919766700894,0.6989915510915259,0.0004058095004886535
130.25256530366147,1.4198424986070453,1.4563558584196454,0.7441986936971017,2.733598152717711,2.8254938699564955,0.24356950386226017,18.466977033879832,0.03114895547578323,0.0011179179421754587,0.00498488399881185,10.895899221688326,0.00012508462165232898,1.0613497969285761,0.12754809675496817,7.058331942176631e-05,12.592713998634416,0.0015806626802666011,3.281043692105166e-05,2.335853193234643,16.211229497138227,1.6412944378230392,1.0217552794229614,1.8247713799804914,0.14184061300469678,1.3591105006501012,1.3847379560435724,48.712894822467625,0.01628738284003456,0.00011659227544949612,7.106068462341234e-05,1.9058734945796887,1.0893895010653607,0.0007319688295801912
161.1182063833873,1.146883584046922,1.3633746167537326,0.15777391958226633,5.148606539762654,3.9139569876586178,1.3838121055310435,20.848794924792934,4.897579753561939,0.3802517448560088,0.01189744292391621,13.351854853373185,0.0009059819685308984,1.0228653211668646,0.69854706518326,0.0006864278623519005,15.398143491138782,0.00018982422454640887,0.006330788056796909,3.1925970916233797,23.832538627100796,0.12912043973675516,1.076871754883262,0.13898452349201845,0.005295598179327306,1.282454188184144,2.123928570802645,56.73166469104176,0.08562956728762151,0.0009121552457406653,0.0006682873930857265,2.659451156659488,0.11632254922929351,0.009311810083599738
157.20447530975056,1.4201964924522843,1.625205308893064,0.2908880421983886,5.090802641980768,3.4247408602958234,0.35758149937083417,20.572143179761984,2.2537583175708944,0.7055128912546679,0.0019396830682268005,16.443192598450974,0.002509184881397027,1.6439880903905866,0.9426180800349835,0.00016627273884704894,13.493214697557827,0.00034689957822129806,0.00033768208761201043,3.087965809587955,23.79337610321013,0.06935413971386363,0.6618289948604629,0.7594115427290259,0.1103516882867874,1.5741282204460147,2.2006570115132114,53.261754576963334,0.005280486625530823,0.002500939915053258,0.00016731015693023928,2.4587188625404512,0.9426282430014961,0.0072089576329363286
182.85887714824574,1.873063775988711,3.3521967971684656,0.09908210410913317,3.7926681483160047,3.92388652892862,0.2330457704787357,25.86240731015997,3.855519758409258,0.3840826372234656,0.15333781163148144,15.529871005435469,0.0026155443585268974,1.0898898969106843,1.203603343051188,5.125212929642016e-05,16.73221376889063,0.002310892341430672,0.010293969795966957,4.631155273576926,28.723334830309224,0.0681780658615596,0.34745662974454466,0.1313419719425913,0.0040269073119463044,1.9834053680722006,1.5063002218952455,62.07278793502044,0.11464682674736293,0.002612413432991408,5.45828830000615e-05,2.5081868691166633,2.660898083710553,0.004350853293473573
236.15327200904167,2.6065477672543667,2.198144140091231,0.20516099631541843,6.918648768275007,5.720068192331053,0.6136440550590588,30.246424601537615,3.4343722005101314,0.11100338133438746,0.11046148390886515,16.76520144302534,0.0011228790395016019,0.9533802294364501,1.1679886553118624,8.117531156262065e-05,21.902157398659902,0.008933486565158863,0.004795873460428872,4.920096018159592,40.31742872350793,1.252882430721744,0.03173995543330458,4.204287361057085,0.0027262796690144266,2.560241676515397,2.91147600154015,80.23794543892934,0.024173782744383726,0.0010946637835437655,7.851397143698845e-05,2.9753277981212003,3.745485847959676,0.00015078950056356458
248.2362444222863,3.3221584079021564,9.461859002481349,0.19702534770430066,6.677289691258597,4.614332483446521,0.0003916818190449257,30.870093798687844,1.8448041767545331,3.509143252612606,0.017106140585830803,24.49774669706559,0.007262695891208914,1.7044793210345173,1.8117683798321231,3.665840484577285e-08,20.802546131000383,0.006540433714588103,0.012811846354726486,5.100145192834559,42.76352243865147,0.012771282733770142,0.0253263975535124,1.404104612650375,0.20866054351500263,2.9335069446637276,2.935809744902139,74.67464278000243,0.007341533528385726,0.007274439849251043,1.5746938918108442e-09,4.000513332393897,4.802656032570084,0.0026096200586546332
177.16632791126472,1.3870719142962518,0.9846486886531705,0.35455574787317273,4.216943791188635,3.0860303243773712,0.16208210026059516,19.735641154393473,1.8638138038789949,0.12433188678822964,0.010222163596760975,20.380072998355374,0.003537569978236961,0.692909387699577,0.9602013856058794,0.0006785304186602383,18.30779345552012,0.0003046725142350779,0.0012925530404445885,4.5727588731914945,25.32374269276903,3.046495010323629,3.2796768165301544,0.31216966633585186,0.0006804906467306173,1.5322754898318478,1.904449111602486,58.883520720521474,0.03873113493085265,0.0035367805554679796,0.0006802187018295209,3.794105885539237,2.1760750882705038,0.025297803074926906
32.61312369088912,0.006142128697524622,0.09567027642827919,2.321544216523223,1.3762916367456783,0.08500304707303774,0.0023335233365515203,0.07597056647703276,0.05988585385473362,0.9617504932631139,0.017490306808006947,7.19126772901453,0.0034854710835371555,0.16269286384957274,0.2139939579489919,0.002891560090310718,1.0658939367884186,0.0033085235021722234,0.47874123646968936,1.3438381896280955,0.889826673183691,4.168808870058108,3.1440747030084313,1.048240224968087,1.369884003098447,0.04195803677827765,0.7290160740194395,4.946978153991896,0.07065398851733441,0.0035100537600620285,0.0029070367509564554,0.5533912571959321,0.09459370446347809,0.08108539351247679
10.540294106240287,0.034029618213475256,0.012051576755205984,0.3427739365440763,0.020277346063855065,3.171368928942295e-05,0.0650980720510726,0.01666218266089524,0.0675429193955718,2.1791277348568014,0.003447871322147035,1.8017997749715629,0.0018208070606130233,0.007365284228067989,0.07031413671801261,0.0007553530543599401,0.03636523836402617,0.0009477254078353031,0.23934752061104644,0.5638140611818913,0.10559500825739097,1.7402887173638801,0.8195036840408199,0.3872991200347631,0.4101356297914116,0.007620315804623328,0.010132073106170238,0.4557922985215823,0.006004842923968499,0.001780741920444865,0.0007609705646951213,0.2937943192020367,0.7944950067858175,0.04351850477287772
7.01779684395852,0.001970049679793825,0.3241264033126678,0.5064372212227448,0.01704793139533942,0.02259899128654113,0.0013135258976357837,0.16429074269809715,0.0931122023394383,0.12613738428945384,0.0033905923571092298,0.3907268574057204,1.2820347526771008e-06,0.06543759520132311,0.005531869463629593,9.442628046410477e-06,0.6227585501643533,0.018405053342712373,0.0006330821136270977,0.045118845811131354,0.19384556315570006,0.9029661348677503,0.10433013328406018,2.243423399099891,0.5702305977027574,0.0113651905174702,0.0056491102785399235,0.10058478718847165,0.0037367896677150095,1.0429727381660263e-06,8.485591903998267e-06,0.1974295091824387,0.2692565051784999,0.005921972626465344
19.349947516051717,0.4165030235508871,2.1617369777468203,0.7843691309732164,3.0696035163373327,0.056835118512017925,0.3011389731683698,0.6287657206650079,0.23589899916846682,3.6358382763721995,0.1958461675247916,0.10764614372349558,2.897870685069233e-05,0.4739918566350122,0.0021254766513956547,0.0009104389195083175,1.5828916783662113,0.042372658162023194,0.11732838951944326,0.2964511321799327,0.31410210687433165,0.09325661266770449,0.5347549564378835,0.00047794464330132893,0.14175743908348126,0.36224688392220394,1.6426552040789637,1.0055081214976371,0.00010019555862838691,2.453839735321325e-05,0.0009196528693518107,0.1410319250802944,1.0027652983079223,6.397974967563085e-05
7.046717861497994,0.07642480992479864,0.021486805413876937,0.6150794808446333,0.17366476332399064,0.01677446400132579,0.13747763332004748,0.5062095850280854,0.22618635753371988,0.7156802799706836,0.0032244388142022256,0.2505126383836051,3.522877781431121e-05,0.33059932501904277,0.010874367914466795,0.0004797156628645266,1.283065813971885,0.02430086134385292,0.20483180523810143,0.10344142197428209,0.3976790273032555,0.81985766204224,0.06930221059642369,0.10991691591751077,0.052960037196354164,0.10623738424656408,0.05811145149976689,0.3238929014570302,0.10428362436817562,3.397180316047604e-05,0.00046769993413265574,0.10554413035212962,0.19760648415483523,0.00047456416513614604
4.760349665853207,0.07794040368302392,0.005025291149033094,0.0002202584726912942,0.46147719354040234,0.008212449197688649,0.052371811798115064,0.02059524242897717,0.6400799700314788,1.4526941809871754,0.0008829400969613426,0.11121728214660613,0.0003287729218843049,0.002819186000570592,0.09438363017991735,3.2904846405085324e-05,0.09779891179257076,0.01334274471845466,0.024490160238799838,0.018258113926296744,0.10910658236630982,3.3550504142977455e-05,0.16566669209222487,0.8591172751571325,0.00669089690300488,0.05514659346748266,0.3136829191159817,0.04718817842679007,0.02029586575510134,0.000329270947523475,2.928055648862439e-05,0.022895545619023416,0.07301725030333468,0.004978316481613762
4.993658882634156,0.027095653015044463,0.001956259094384514,0.03169007741170369,0.03654598563911816,0.0980348788553169,0.23261034994717772,0.03752496500390567,2.2959771735453827,0.029241031169716467,0.02340034951874683,0.00013699886266941682,9.965383090605274e-06,0.04320920995061924,0.05811918000639863,3.8897770537017605e-05,0.24318550931375263,0.0073095953077005485,0.010528166198026625,0.00012424963459890142,0.1856740256348275,0.0574920432429367,0.040946211530951133,0.10261702979058018,0.2656725068738102,1.2023370415180006e-05,0.06856387386605638,0.4822121703508923,0.004085453846303587,8.661405270506511e-06,3.820040364437776e-05,0.06221151732286799,0.5405303610053314,0.006856308362377055
8.182230557071557,0.10576687429439201,0.017790766636822768,0.3209226541144597,0.7646092151502388,0.0004727768196370494,0.3020272198087751,0.031500251076363374,0.520260013929652,3.114428850037348,0.0343521812193387,0.10795376436788462,0.0012115871567558371,0.01842223501368341,0.18801318553811705,3.849584101111005e-05,0.047632333361447475,0.01279968002963267,5.265665359876452e-06,0.12794442537768141,0.12783200122290506,0.7061924240638048,0.20633396184472189,0.6150007303637216,0.1172725789002447,0.06703866562078267,0.4858109512241712,0.008441783060147343,0.0022863651503410376,0.0012077008062258197,4.227321253926818e-05,0.0821788847269662,0.04205036218337982,0.004390099253005539
5.197553647064915,0.01115167569622113,0.7434153723374549,0.015468646840728696,0.02536854914429373,0.026732122924791917,0.05767720548002838,0.002549945507205527,1.0281622195223872,0.009144466252311861,0.005161423632137258,0.7140749184671474,0.00023960537965774992,0.009224214944273865,0.1330940507422726,0.00012152722011470426,0.0002556001071549843,0.00314504103834048,0.0898371091327915,0.057753697110764154,0.45323951924440836,0.009149614020409844,0.03230076415819657,0.9928332510492868,0.5368521933245595,0.0002591887330224011,0.00015125720493906495,0.12881630763701785,0.03510670110050568,0.00024385196362134153,0.00011866900620327536,0.03727543511360476,0.023353380529176668,0.015276122499884024
8.657523394703484,0.05023085627712087,0.08577704225094271,0.010926934654414869,0.27852973647871027,0.02556180352121264,0.15380675665571028,1.7137606965433018e-05,0.6692349138720748,2.502269692814155,0.0023311754713046667,0.6135463290486016,0.0032944430684021192,0.022447824746012916,0.5610864242475824,0.0001515786722883591,1.9573942192320485e-05,0.004943299351340863,0.04226151402003855,0.05026663907847262,0.06182684933603707,1.8598225931372603,0.3663255336804358,0.09135097583281143,0.2996779845115611,0.008840627991564869,0.08055606700453631,0.35572581683364124,0.031104423922867015,0.0033650372674260288,0.0001492605362420833,0.09766601207619108,0.31396158539390784,0.010446951401459514
2.176015600740591,5.541248708638261e-07,0.015799522241159342,1.0323793079109222e-05,0.35860598171401403,0.00529518479557649,0.04548079455450487,0.006449693087964653,0.034890063321585674,0.07373539986308655,0.00019181207864920388,0.29373656432737744,6.515064070496503e-06,0.019912481014357355,0.0008785181539002078,0.00012659140811893715,0.0022955463048257695,0.002210353902435777,0.20472898553007876,0.15754358561056164,0.27453342452197455,0.04374261220071957,0.24243201408744594,0.011055465477129166,0.0173730648531852,0.002378057546117171,0.19730260094403917,0.10905571370321311,0.013315726895336003,9.179435524898025e-06,0.0001280951473152223,0.013526645531815559,0.01349745943557234,0.01576707007098613
7.841851725716099,0.0697474617204203,1.2404325821188917,0.06595515609579422,0.40944285934438585,0.024878274805934998,0.014120975707411006,0.030759541871743786,2.692773732265791,0.4613697533163322,0.00129852528873796,0.20037977816748617,0.001073211646826266,0.0016599288285406018,0.290914487262311,9.986155580924097e-05,0.05192017044833564,0.007235035525663555,0.10481050630329257,0.10843617022270963,0.08005492040121111,0.2493227793704275,0.1422244468872914,0.49900859386187363,0.06264333327278948,0.02694985177233543,0.3628586339595191,0.36500746547340995,0.0059326273293319985,0.001078111334373869,9.142447646070185e-05,0.1641065227508162,0.09423508903584209,0.011029913293999173
1.9077484448477628,0.005339059918335073,0.04533820499963201,0.07335559264589246,0.0013633791212649452,0.017338836302053476,0.004936399449429529,0.06593279364834709,0.0062098112915967415,0.012559052291540855,0.045372524008482906,0.02392129883605136,1.5136863119384064e-06,0.0033086682583962647,0.00040418813333056896,1.2890780108962082e-05,0.17250631552714266,0.009835443478334673,0.11687319436864853,0.1419531827137596,0.1967553990767426,0.015266433864056505,0.004589443349535991,0.07884901107448777,0.3036399144114752,0.06773206452542865,0.0011120143016977242,0.3521246624059845,0.018610050513997126,2.5899569161959545e-06,1.4172846832127393e-05,0.07427708765975187,0.042540051334009094,0.005673200068188026
3.490313642920622,4.3189609527904514e-06,0.23754938959121372,0.0025999211622607095,0.06595234219331636,0.08461360608683245,0.35081727486492364,0.04159371955936493,0.7109695015925653,0.12987990338136032,0.010411553048196185,0.0032856325813981147,0.00019852941023095855,0.0010331097529049493,0.0021442096181904097,4.44413418925786e-05,0.14894883894552952,0.004168775112332201,0.09412110246272108,0.028433747283672817,0.1234274975529057,0.20269616649507036,0.006474534470528052,0.0065261837972773185,0.27209943779729856,0.00041756859677114205,0.013210143508329638,0.45869579492133034,0.0001900972062479804,0.00018870401194730064,4.45103296924007e-05,0.07191449149479777,0.41075847912670477,0.006900116661861922
5.738092640976376,0.0061910972160043026,0.06287773422354972,1.1171720537434715e-06,1.6335748294663484,0.0888968924721981,0.11868801864371442,0.03714867121159414,0.011666142197714575,0.0032842474206065076,0.01814215706394397,0.4023875547994369,6.634740691203669e-05,0.016370551761215168,0.008600151715755868,0.00015145092462040316,0.17636430402595477,0.0018458218358915063,0.09712874441226374,0.09350117094486629,0.733920034161049,0.056765866811705666,0.04549080407578605,0.08000348448293385,0.15011087962414899,0.00027354516690007675,0.8422153129695468,0.965932422414498,0.00033818120511627857,5.948929765784226e-05,0.00015260314120586673,0.05281527815814539,0.022752501090990505,0.010375233462047488
3.391937931145256,2.5803581020837206e-05,0.0030874081289590104,0.08744751979346159,0.018360630646639408,0.04244817524146563,0.15338910445199333,0.05393241399745348,1.1897916804172903,0.017655124349015647,0.022855688360059526,0.15396469778351254,5.299805591421289e-10,6.085106596716427e-07,0.023810170476329367,0.00010848114642910839,0.11313234427490383,0.002337058090969819,0.10581382482402547,0.21560500463683938,0.37509614232695393,0.12137811162622082,0.043589585134288344,0.03740359738788418,0.025549471688377238,0.02347794712213517,0.034213848279116256,0.3231491279104963,0.005140095877832404,4.876989822481663e-10,0.00011778792704829287,0.026758275474920858,0.162704152830689,0.009594047830586238
6.108115179093622,0.00022097486236951288,0.7249208108819295,0.0030442069865789538,0.3803018268183877,0.06419321901565048,0.07405663899045409,0.15126026628470562,0.6524371531338492,0.19093247470615943,0.04421452533739297,0.04524167315104095,9.707390584057063e-05,0.003820084087196957,0.07177112249506344,0.0001026756188359402,0.1621881164260328,0.003908492119631148,0.113304078859424,0.19188507987854453,0.721228995244553,0.05977069414555162,0.02129677730862454,1.1974368527018115,0.29690069027299826,0.015913590500580888,0.13402319216341763,0.5139919463584763,0.008723561964675917,0.00010493677141526374,0.00010352584920183707,0.04011446889808974,0.21322481118213318,0.00738064217300526
11.149175148869594,0.09263142089053503,0.024728985037076982,0.29306544520399813,0.9567913742633366,0.076829037844725,0.005245641705153951,0.07739082369249663,3.02566014925239,0.03808134785105738,0.039672199675888246,0.48906330902705897,7.255602040033199e-05,0.022603374574743283,0.1862572425021867,1.2096073194875603e-05,0.17326905005319318,0.005745055710689083,0.05162535347588723,0.020038548939938852,0.21684585802563663,0.5733029710981057,0.08396627127011615,1.6637756030235236,0.09344973763590984,0.10850314702315057,0.7391872697299339,0.9458939331850605,0.011638871203075543,6.854816646392131e-05,9.29248326940455e-06,0.10313192024673423,1.0278022939446316,0.0028164200400317245
9.197306725244548,0.008882684031494037,0.7991595008802345,0.10971814522202328,0.38969707294946493,0.1784719991297493,0.2093800161171839,0.076774292167145,2.4159060931027008,0.0024479971977982933,0.0025907445932899197,0.11532292899000118,0.00018433867207161644,0.02770130182345125,0.31291504170168416,7.267651331197706e-05,0.14817318306747262,0.003241744462033843,0.05360492018289994,0.04588255277403926,0.3586900030918467,0.1362954468808412,0.13024461432830164,0.43792852460824605,2.0793909217433897,5.6230440222350146e-05,0.08565609542776438,0.9246652974857741,0.019405723885302685,0.00019427844661264597,7.830355664625674e-05,0.05941210514160392,0.06025328665459172,0.004908659975354454
6.97001217640621,0.03162103096990702,0.13778135482764586,0.20042010590661952,0.36125291795898,0.11335935147367392,0.017230099452914743,0.09123173971556009,0.028304855321992572,0.04588727703745855,0.003613020320347282,0.740016704099128,9.039020565848987e-05,0.033808090529910954,0.056380972053085586,3.221828595139231e-07,0.09709515484569003,0.0023471585113533843,0.12409107505600749,0.05684431105541514,0.29770104867862845,0.14859679576818413,0.011638393533785147,1.5433167986802137,0.3140914195752868,0.020821683524973968,0.15803425822881983,1.6293444399347374,0.0012064648155349922,0.00010248073422101142,2.3145166252832886e-08,0.0650054307174357,0.63433507806421,0.004441929480804465
3.2645214836641876,0.0365686521646445,0.227143709172279,0.05188433819184697,0.06708474923109775,0.04815148532965193,0.021598888558682312,0.19635363013669768,0.02416615520512858,0.261048727877541,0.03356457631993717,0.05224713265637277,0.00032826617896970274,0.015810366226351152,0.05766681364453742,1.2891962839545098e-07,0.26276341353332805,0.00403537351509898,0.04651600193701385,0.05371039516164589,0.04221006703761097,0.37271618041319193,0.04369801460224949,0.049784119549536675,0.0411788191859929,0.020433510112315974,0.02839947812478467,0.9228464523672536,0.03632726452470021,0.0003214974686429406,6.09001689297577e-08,0.1595372869209607,0.08406997448041548,0.0023559540159097977
12.070546026340502,0.0007104039972560618,0.013934916120972567,0.7464337057087986,1.4890307690930338,0.33566329069328615,0.45379801543082965,0.09153021420397049,3.590204182262808,0.21838192036188436,1.7709942298672236e-05,0.15346478621637064,0.00045632406162728425,0.06584162144820041,0.44615149517434455,0.000392461772309188,0.09466385451017079,0.00206603463178873,0.09531632714882335,0.020381938578138477,0.46718723336202433,0.00045327273266433155,0.5048186672884443,0.019740392513972832,0.6539860527663937,0.002717812088929128,0.4756433116318458,1.8861553329342378,0.09690971092081416,0.0004485584455012397,0.00039903319485720185,0.0884169156489381,0.04908243542761199,0.006147326027354493
9.329438817299685,0.016399899456789803,0.23354709380230332,0.20238032654581664,4.857235944534357e-06,0.1363684192286179,0.25144438622820336,0.374627498044943,0.7868279569379677,0.000891569162339317,0.018045752434893068,0.5559908615856836,7.54837311067434e-06,0.026269598812902056,0.006644486921874146,0.000296749094039448,0.4859707864696449,6.196574577497457e-05,0.06562627855776176,0.17022223224141778,0.17580124625534818,0.07228344142302333,0.5196266022020117,1.23559088966384,0.5704271247869244,0.009646784637770578,0.0035335625379863895,2.3188868683635455,0.08742206749989825,9.910227954155379e-06,0.00027684954213981423,0.15123416518023078,0.841685232380075,0.011385805718908678
6.461564047428136,0.06742638510424996,0.03551205998420889,0.2212099696060762,0.15444657713625262,0.15770063480156962,3.993055067458135e-06,0.564777719409896,0.040379676461812904,0.6115086930894635,0.009189569327591433,0.016218496796077217,3.6347151210905094e-05,0.015795670368438007,0.037753123657215296,7.832076591795303e-05,0.5065558007618587,0.011134877030377242,0.017020348816991694,0.09220728126914533,0.33537410743148693,0.08147722375696659,0.36819630314140833,0.7450742386845735,0.3120967315382414,0.10435322444325984,0.06623649217508401,1.741955522865237,0.03532835944944316,2.9404665465306807e-05,6.93159425227633e-05,0.11077517525238337,0.0010933617758319926,0.0005490417128113272
10.424788167960575,0.05787863520805587,0.1637026141220573,0.14144245762334232,0.00010184438850986733,0.30703674678203624,0.29419995439815483,0.5320870615757118,2.1084288085897325,0.778736556948327,0.042411689186356454,0.3091818908495653,0.00046701294143684373,4.002917298280734e-06,0.050995825021084205,0.00019519398654909407,0.8415836088216634,0.012414786124839755,0.0031873473722093507,0.02191015131653292,0.33279250552060685,0.5917687605347751,0.6349935917807394,0.01340779428431351,0.7665438809105987,0.024485849167070993,0.020873566108412303,1.9846486046960181,0.02741970311897564,0.0004571638662406159,0.00019924039813341181,0.025453445989140674,0.33540770061671277,0.0003701727953726215
6.573621956102182,0.08719426975914464,0.627664681106059,0.04810074066244044,0.0029640203901084364,0.1609928488288053,0.014625077993830261,0.8090447216427399,0.02701313285177113,0.33904291190915015,0.009014908114212976,0.019056296115782974,0.00021211670369957936,0.0003446072708760022,0.00012947898903808787,0.00019856314580974518,0.9653907661661312,0.007988229646869214,0.004449215887744467,0.031617539004070785,0.255975415147487,0.10361922988176711,0.0695070933736504,0.0455568245955332,0.02033140304135585,0.0463594888229365,0.0008250433139276732,2.3331940189868634,0.05251657063335162,0.00022435659925105263,0.00020352954578814304,0.0759083496632095,0.4143286918913551,2.781441742143615e-05
7.902416802598129,0.03682656805422415,0.0451512309850335,0.010167653143147881,0.13325697185281707,0.09007499192267208,0.022488310423672553,0.24867494763233977,0.3072585632022076,0.5099926141969199,0.14184867361297362,1.7482574296370406,0.0014335592102648947,0.27957204856216733,0.24726014199141233,0.00011849867523328937,0.26862973201949264,0.00031582595265780566,0.019323557078340832,0.08375902461746731,0.15943770526878048,0.259623976599495,0.017225026621811516,0.32488201412076917,0.08679824685248702,0.08511246356575605,0.042052284061848716,2.0670376252091773,0.09395327902327139,0.0014616065981900702,0.00010546489648485673,0.10989821780502618,0.4533149528756232,0.007103596329322933
7.313738075893218,0.015250549315097998,0.2048469635424775,0.3832808879864639,0.08717522362294762,0.07231323690675903,0.06540393853410142,0.3209047016191755,1.7204622935952378,0.184190221083629,0.026572705253711287,1.0529145814650485,0.00017472356571689057,0.16457572768821563,0.09918497126494037,0.00026327254312244084,0.10104539678602008,0.00015137700485530606,0.11213476288914254,0.03224409985869861,0.1169279528096342,0.028053268113052306,0.18426249740981268,0.05266736280926019,0.03530416389419845,0.03086436125512036,0.10037538396827587,1.608245616650364,0.0033407694464530104,0.00017474580723913255,0.0002591592165277711,0.2009506084994223,0.2971212982647942,0.012101253223700977
6.76292229199301,0.08621283425116896,1.0891477929820783,0.37222953355754657,0.02364580059717102,0.020598971918765484,0.03266546363036421,0.48428993009995114,0.013024047116349625,0.11486962075281806,0.003242529932920444,1.1399517779405703,0.00044064725230639107,0.18674269954544187,0.017523242367567367,7.024946978771754e-05,0.08271839271221865,0.0006005592835131674,0.12804880091364335,0.15804114094044172,0.17310365934044156,0.05072911403661648,0.13819344558398058,0.01934102901298973,0.8495456174099235,0.04299503700619605,0.012563519397208074,1.2414562696312887,0.007559789096778467,0.0004430537611291345,8.101505175029502e-05,0.14269295472880944,0.1220236438079069,0.008130108863366925
6.968159394122988,0.023176902203686133,0.008539542865452377,0.007657690958566264,0.07863448752200362,0.014951411181625391,2.4444173076693217e-06,0.8392821028238558,0.06599288095002219,0.0715840874481495,0.008729401899548775,0.6735938752948419,4.231163103210039e-06,0.07150888215637345,0.017508595903469676,0.0001500718857199359,0.16378469275888632,0.00018444532363607759,0.11965066020780145,0.3078250264884515,0.003361071092496279,0.2637233754561983,1.2933233719778687,0.6003387247109909,0.3987554716173653,0.0034666313702282916,0.021622480114321767,1.7546887119630556,0.0037969140996310558,6.105166349143945e-06,0.000143410367341593,0.1298384231379255,0.01172200256097058,0.010611267035742663
8.847481102996094,0.11791396807534352,1.6107888043846295,0.2796246424015571,0.39554049057495627,0.06048517628902406,0.07495120925022243,1.1573022497151932,0.0646928937259854,0.03229082661628908,0.0076478933305928285,0.2543101319931711,2.1334139521628882e-06,0.07707182507290855,0.0034349588002684727,0.0001457302673095636,0.3992159004965823,0.004091611424938523,0.06800926238554687,0.12831897605541473,0.008895968906379963,0.23471502891414892,0.047236797024635964,0.0001780608507621867,0.18229321051614153,0.13767271771665426,0.17668571471167274,2.562404530374788,0.014883495804616325,1.3530696915561975e-06,0.0001534686299214943,0.1501516365607748,0.5958085982155784,0.0005618374264427696
14.325129309859692,0.09065595970052252,0.037759964235307,0.3362162799335347,1.2040112774373073,0.17548305195880287,0.04884277790455022,0.9698971598786009,1.6939290831509477,0.0004466192127214818,0.00026651039234591305,0.704516642425467,9.883084970461993e-05,0.2510914367084102,0.00021834942292686002,6.115496492147386e-05,0.6728829938798292,0.0022689856672335304,0.042688641072981905,0.06751142041585503,0.035601699494713875,0.03995607319113587,0.0693025528185044,0.7196769281968302,0.029735919741069008,0.0439484870232087,0.7943736945892951,4.935043154946683,0.002007257566569182,0.00010326855300135857,5.906173644749087e-05,0.1433671194278684,1.2118480368351767,0.001258916527217918
9.346458547248446,0.060321258282777394,0.8485928345485192,0.012689110679326042,0.004617622794024528,0.12820788898188,0.05295702512514082,0.6912937515860224,0.04915718181324935,0.2874822356780522,0.024607093109053263,1.178383667628768,1.1166207154640715e-05,0.4151125690409037,0.0007980157359241503,6.378183044432055e-05,0.2341703588946004,3.962619434648786e-05,0.11159326375791366,0.06633388412499286,0.028403551419989813,0.8901719156949811,0.37417562892302547,0.0027515598555551885,0.0647692116271419,0.024400781797989792,0.0013512061148378191,3.4823436995746158,0.03959943709588424,7.193313384011117e-06,6.848059098668435e-05,0.06883300957428765,0.19682107867114834,0.006329456981525235
18.729485069060303,0.03216050359510039,0.22496192996352654,1.8585859362031565,0.13332437593494242,0.14514313445168062,0.0036651807523735923,0.8248241727589063,0.19263776988965045,0.2564434617982533,0.0009817199734636602,4.037357875881362,0.0013379693495103025,0.5388739903576621,0.10312245444153148,0.001062837636956481,0.29586775726767783,0.0028226337764585066,0.11474729083806788,0.2977766412816478,0.003322695138950497,0.29698876453417256,1.2169909668119958,0.13468230610200854,1.5310809198028186,0.0578995599475083,0.06219043470731667,6.087957606933355,0.036586292588960796,0.0013192886237821664,0.0010220364228747383,0.1933957768619932,0.01500501035110411,0.025345774081534045
11.927421059022302,0.0583330373967274,0.026506455669471712,0.04569351959543023,0.1372151494886417,0.17516270375835846,0.08291748667749228,1.5475478576358257,0.0817646094740395,0.061349341726985175,0.02110392977601792,1.210774865421707,3.998596482885105e-07,0.18922936698809117,0.004237405704462507,8.324068192795434e-05,0.42913091674308584,5.252173401789137e-05,0.15675085431555685,0.4200773486236976,0.017046073306935517,0.5315937033414023,0.9317933546651442,0.0015558053808183766,0.03530446284522893,0.08726816421911505,0.06979347143117408,4.65920766474042,0.01768937879638225,1.097486935829682e-07,8.028828843526654e-05,0.15651628271147255,0.7623135465706435,0.009327741705251073
14.20578247753947,0.16940145896752754,0.7241832942269015,0.0007439396244459091,0.516449936288594,0.2589090286191655,0.06275089925359759,1.819994019626513,0.1786684317386267,0.7606040788764149,0.00045365822987038847,0.5252402943646407,0.0005043365407299068,0.2101248069703224,0.051046819979046226,1.4459433698355486e-05,1.174969679005831,0.0030949651856354513,0.006902346596034213,0.25610921250899565,0.1733477590682008,0.29501058037127215,0.016846439592192074,0.010971768769210745,0.2850053104996723,0.12149925801799705,0.306634261806867,5.872119757290939,0.0012814534636329327,0.0004970094748229497,1.217546313935837e-05,0.19600573072631403,0.20576598302510093,0.000619323933518615
17.859479515807344,0.1873665712991366,0.28140535814737855,0.613411935257678,0.043992807108752544,0.3372703596800354,0.00045963473802577233,1.7880509831800893,0.5749888427450457,1.0566519580104816,0.021123066811770515,2.3176229623593207,0.0009471914683116372,0.48043556689130845,0.18779187973502834,0.00013718837936661503,0.7488172553236333,9.849078389437458e-05,0.01679623720770396,0.33409543059988145,0.18991218267992413,0.0002955962089979493,0.05421943093213309,0.33714354287538784,0.5823503327311516,0.1469658449888298,0.008652412972509354,7.350228614153175,0.04203152576382044,0.0009757555799625432,0.00014891625472602022,0.14438433814917329,0.00497597358384663,0.005731329206865301
25.301040565758257,0.06476336223320564,0.021633274553242644,0.5043746266183141,1.2949820328412074,0.3409400551706522,0.003376436432450295,1.3873203483322052,0.3572709865006514,0.2955918063124584,0.0043552366290340455,4.693073792173786,0.0027168093916664394,0.9385590100017499,0.4072387651571999,0.0011207252335919788,0.5194804073510256,0.0029740220664284727,0.06595324233286547,0.30332031786047514,0.011265163608394115,1.98182104859874,0.7286058638456978,0.028141109311493287,0.03392975306691298,0.02486827027414161,0.596578644499382,9.69574795403067,0.06812191057806485,0.0027140956159483367,0.0011245091106606637,0.19118516281921163,0.7048042224241765,0.02308760078255176
18.54201087184661,0.10130867031778808,0.00018389628124508485,0.0014275303027232852,0.6397151014361495,0.39454595201837345,0.02894471930880987,1.444779807109151,0.5022343357416202,0.7415259495091189,1.4674737319529893e-05,3.2663127142290107,0.0014523478848475963,0.6874189099485875,0.28245796092733827,0.0003766676062504544,0.5736677422726855,1.231196231658991e-05,0.07579349365964345,0.1823062040268013,0.1977699590024917,0.06957033973323196,0.22657448438382907,0.46978675109632895,0.10937708051636733,0.08238967880127043,0.25989755858795166,7.826489307212921,0.03788255749711534,0.001424246502878978,0.0003617719694057354,0.3005060593773504,0.02258483708489586,0.012917250800794667
24.952738683207212,0.21951213329413696,0.5114618734444182,0.017650039055206672,0.019126587139775088,0.3708101569800493,0.01750460115601734,2.567096625606299,0.01975717131992978,1.0757651677491635,0.012418756678038472,3.9702842693198637,0.0009127081908930656,0.5804677898884191,0.06435721979786155,6.508309863244271e-05,1.4438497781162576,6.322342275231639e-05,0.0666562424453693,0.6549896823917063,0.1058295004344028,0.04599764669811477,0.7144238438670308,0.40075406188653967,0.3405757317291982,0.3628185715043015,0.00849606975895859,11.042495574373161,0.022899482058785607,0.000921145811394202,6.225854202959169e-05,0.28528033801935415,0.00011702256193351084,0.009318326867215735
26.768017687184493,0.09110033067598503,0.32284984674491995,1.6159624232370466,0.3984994505881875,0.6179000341567388,0.67105725436575,3.030230613459267,0.11280044468529164,1.0563700810729157,0.006906365514887417,0.7554690684282668,0.0009378465888700806,0.36785508806656203,0.019756679403319766,5.58571869444897e-05,1.8930686916643755,0.00015354661711119072,0.06374895716677614,0.3742050808430039,0.3256604597106287,0.8360583547495272,0.718443373297601,0.25960684264283884,1.8763689839814182,0.03627051244725072,0.20657094735529552,10.927701949674272,7.097275427634667e-05,0.0009540949790697911,5.335093483248698e-05,0.14762491170617376,0.028668649281315794,0.005036623203771237
30.89548782074113,0.30863082675643533,2.3071241216823326,0.6183063863128192,0.10502166076574239,0.5555517592704932,3.989006431392224e-06,3.0010046754400967,0.6297615699899388,0.001442816520204818,0.0005805334014798502,3.185435166187479,0.0008039427493349554,0.796763934898135,0.23197142841654197,4.2512476059104175e-05,1.4511628951138065,0.000850565048716609,0.04281195054040176,0.3329242691080268,0.475676669784632,0.08603828114985655,0.03949712198731278,0.12856305186954836,0.8907765104238606,0.25103940127618185,0.02771151868323651,12.744680482240378,0.00041869967811298566,0.0008123343471275584,4.804605037801663e-05,0.23640649903626731,2.438377999772742,0.005246200757021386
33.131039733451324,0.288479526503035,2.1798243900601224,0.119504053787139,0.07716057288824663,0.6425570477376616,0.029510934333532274,3.994960453011511,0.15393234529394795,0.034435994105629426,0.010244835707293247,3.630638029834574,0.0003384173563345813,0.8935869788196918,0.05058710410506362,9.469052667729125e-05,2.2696925632510294,5.454278687234753e-07,0.006623697283225467,0.37837278329597895,0.35111937006753646,0.3246349118400558,0.5785829831937587,0.01997468477178878,0.651478631495798,0.27126324847027933,0.03504121275081371,15.64065625830112,0.007769069850413025,0.0003235069301560954,9.564615999676094e-05,0.3082137727621567,0.17502789463924737,0.006313578889639621
44.508764500475195,0.2958196297232926,0.5224409088035716,0.09445714848074155,0.28274485249159054,0.8261195306782573,0.004080221171074194,4.054800074943815,0.9167432571766485,0.009927239777441008,0.13938403337258012,5.8607802151894255,0.0020145479659362795,1.0591257761296269,0.5361150990815534,0.00015265603703588183,2.0264248105493237,1.925085866858424e-05,0.04066441921979222,0.5790998113586767,0.3874087704704965,0.4243826698953697,0.3081396882171696,0.7297120031667469,0.1586569287842663,0.38013728640650873,0.08954051188223862,20.06039777935966,0.21262204817475605,0.001995992352492366,0.0001629312806480857,0.34253030110494126,4.1519460189173385,0.010218087453506202
47.948021563183076,0.22604385175658478,0.11291179424493139,8.50242209774854e-05,2.8870379291882444,1.3616169059590268,0.2786354272296252,5.349253126264764,0.0019244745112053214,0.024344911208446555,0.03471074701868267,3.6784898352689415,0.00014927864085947159,0.918580486277992,0.07405855368450578,8.46125048120053e-05,3.0315664191848675,0.00012913108331053175,0.03270555099242443,0.5185973716748361,0.7769483167506244,0.2571590970345517,0.4328359049530152,0.6008704347729317,0.013784307337049568,0.25258109466560913,1.507176778921214,25.028867306586488,0.10707471912016756,0.00014193382439574626,8.693927619500731e-05,0.34868205413333797,0.0852174164389765,0.005669828453479881
55.02946334348218,0.38020442735437743,0.08978825099226206,0.04615100572997261,1.9217628537064926,1.2528155485480985,0.0011658536706723832,5.454117685418706,0.8350596115058887,1.4792357957213453,0.043692257229541086,6.419716562507754,0.003265734148342764,1.1392634497571101,0.8083939905914285,0.0001889986503563681,3.26717756614533,0.0004223111300167314,0.024082497546203046,1.1512825854257436,1.7406839824280071,0.8718425452603947,0.0788620138905985,1.263316629182801,0.14021161355984083,0.48060645738452046,0.8195502731996679,23.50715222838452,0.12563865895668638,0.00333468042958364,0.0002045518942174002,0.4341429081097137,1.2365906732112433,0.0095391418107386
57.925455712630495,0.38497942692298753,0.001884927388399383,0.10860537324490448,1.1533156830570248,1.9215026562809072,0.9173896230769207,7.142665250532328,4.0449651074023745,0.21066729044737384,0.052863045552077,3.2611481997042304,0.000145665144199851,1.0308602509708324,0.427033480144042,8.670300110127535e-05,3.9120891635868076,0.002286486950591925,0.04981259021342712,0.855857101397165,2.72646884873242,1.009286159162562,0.020323345425872802,1.3240442655921192,1.0798646764039326,0.3555900206180906,0.3507679623961528,24.805696525133794,0.1593350020025024,0.0001507431195002098,9.500922275478273e-05,0.5014099310280001,0.10922520006908952,0.005039998706012656
74.05240486830947,0.7680879119223174,2.2814018923562127,0.1799947046990787,1.567424622190735,1.082351552528608,0.4292276187505189,6.920244992014605,0.0075696013466623555,4.540484319519554,0.009931676845312813,9.985565298472148,0.006721042355718228,1.8140066409696889,0.8002510502962655,0.00011063111773681207,3.599364457434652,7.327865971933531e-05,0.004390275948741334,0.9891865438698437,1.06592920026371,1.377787767001918,0.08057286004756688,1.4664937958605337,1.2758362235358556,0.7533233139616823,0.8135543071849379,28.67532748958066,0.012027311567207214,0.006768239346826169,0.00011368970069199827,0.7620830210413653,2.7689446814325622,0.00725485648583621
62.05968360427878,0.4743622846307164,2.508290733299225,0.4737535292798834,0.3169728535416478,1.6614597355477039,0.5342131369011786,8.472922863060907,2.323754510406609,0.11030733321342696,9.55052591362022e-05,4.786011232024924,0.00029199433321385593,1.219269689494265,0.1958096590287794,0.00017317376164865424,4.515114706880243,1.0234532460405981e-06,8.485526811114578e-05,0.613160617177513,1.7866888509809338,1.0608950276249447,0.5554752582347074,0.21649247830243393,0.602184556119637,0.42508010318284184,0.08449006258118971,28.317915099709733,0.016958141788161487,0.0002755511977482341,0.00017924033017396578,0.6448296806091947,0.13674320924166464,0.005426907813047762
73.11719763904489,0.7966531641543793,0.3591882728035727,0.04325151865377366,0.0034880345124925893,1.852455219226817,0.086007966213221,9.981396765366782,5.318565033335577,0.7453047986463639,0.009016210908544322,6.002831461633915,0.0013548343069202356,1.2062092988279096,0.848673143285594,2.684892342976956e-05,5.91121962404548,0.0014254033104722527,0.004867117197173581,1.479723145103495,2.439381585262193,0.012362833843851543,0.038813367544819496,1.4759445208525372,0.03185262728864094,0.8335530863774279,0.021430306103463168,32.141945293171425,0.008292442349099023,0.001392885874180116,2.5637765225558844e-05,0.5648259427657032,0.8925554024432941,0.003163846947136734
101.36512170258558,0.45624554536908457,1.1916629025969396,1.510331475160396,3.0801358008671484,2.579591128055041,1.121501833583402,9.216644530669685,4.498239435233095,0.12288614445474054,0.001570210104499228,13.0944295398898,0.0016270940649658835,2.100062933617464,0.6705706652845793,0.0017763966555523376,6.414743064779446,0.0043241085835910254,0.004674759762247066,1.2676871229923201,4.213497709061948,0.28670782692179037,1.5599644529088807,0.02547187270586491,0.13096856904619467,0.5256238385811778,1.2065136859724683,45.14699708145467,0.12757999198766243,0.0015992640996598379,0.0018125704502192131,0.7709879145171166,0.0010542302136595362,0.02763800294027174
80.9786534815651,0.6109473557704406,2.235436918262389,1.5709647694314213,1.6804848221161166,1.4605608846321967,0.007590705280734502,11.920124230184813,0.6964337281498526,0.8477333210345933,0.019362702750740732,8.487407855707026,0.0012945919200047548,1.3033765090487643,0.0690351110383348,7.833522722979911e-06,5.659105581012988,2.3916858766213983e-05,4.197808155889367e-06,1.3632355692306108,2.7499548997365757,0.0033082157210803376,1.5339704668027667,0.06089329473969147,0.010190154266126336,0.8697286011426405,1.0370765980836507,35.52794318364265,0.005806102610530316,0.0013197116405538427,6.4095624877438995e-06,0.929667509124043,0.3100341067438413,0.005623623987796301
115.60195006843406,1.1491417126331158,3.351831438277867,0.7712913427118596,2.3719689744105557,3.015062587936599,0.06895317677531919,14.329640937646595,1.6636348408763741,3.073803210130869,0.00597976430686235,9.695119924347836,0.0031915422803827607,1.5450566141783855,0.9079831268388564,3.735288356028199e-05,10.158359303828343,0.0013079537879257276,0.05736065585264991,1.7504736552912787,5.78527313624122,0.0011949078465438886,0.044558407028498816,0.31382156586496107,0.41171802164869364,1.252765346571065,0.9860610611854684,51.5123118867521,0.013064691046982246,0.003192086230960228,3.316068031322071e-05,1.0962207956734689,0.2593674860800176,0.002169400588531922
122.07079660769134,1.1378126089347618,2.1298373480637562,4.495618397942713e-05,4.276643686770189,3.0128381906064887,0.08245840202006001,15.750704734967023,1.2988924727111106,2.5196369711513658,0.005003020037730795,10.845975887431539,0.0033771207778838758,1.7150979073497123,0.9692425193930013,0.00013567009614271936,10.55718511126398,0.001049365669355185,0.06361387991468319,2.1188400090263726,8.486228062587102,0.2351655066862797,0.08951912874666985,0.3721071222357378,0.015283672361027336,1.1460598140024667,1.9213006466831732,51.497486863640056,0.023286312423194178,0.0033585125525147936,0.00013887851176837496,1.146420795052663,0.6409990280414164,0.005052401798122629
124.3157782738329,1.1945164848935843,3.1180530931837422,0.03322627187949128,2.033119756016528,2.8819689500733907,0.23447735988536936,16.905691865609015,1.6590578108114997,0.986933898646798,0.10394475691990941,13.839172423136565,0.0020700123753042655,1.7004359911314246,0.5784971550903241,0.00023933195808642518,9.71718183821328,9.00076553317446e-05,0.0027508251466523263,2.4189206897572677,9.199030784570345,0.2790124913836941,0.9626091235673548,0.14448459190313664,0.0411752320776242,1.212662374148801,0.8592623796908161,52.56085040583107,0.08030119115102483,0.002044046562873283,0.00024008858605587772,1.3275154006320709,0.22492710297092638,0.011314538373545211
167.20844059613978,1.5122746870259198,0.8579071828581426,1.6087314896663927,3.0388678790059696,4.438582461836014,0.9598898349555487,20.60658923053002,8.441047015944216,2.360896466810624,0.006390476739703996,15.50079377000483,0.0034693459042662673,1.8417719242244222,1.557909616546852,0.0006691198258402818,13.030690191907617,3.3335221763987456e-08,0.004254971212762439,3.3577658504478,12.529266593215176,0.010315563028547895,0.7331778892877023,0.08497652069203696,3.6237122893838,1.0966052030074713,1.0112333578593058,66.98450712077322,0.11735373027456786,0.0035034901831207136,0.0006831891569091841,1.7914934310313688,0.07853605298640921,0.014574616477963086
154.0521096106973,1.5359977252421375,0.907251454907703,0.16682559194368526,3.2772205711069775,4.148801960995986,0.7267529704195169,23.375264386492795,2.9057716443848434,0.5431632961296673,0.007044875207891251,11.302910406786939,0.0005871781241643638,1.8475988235088276,0.6471389764531086,2.2485773565295895e-06,13.866586028181564,0.0036853609317620646,0.012691852088149339,2.7409012374458954,15.840428286266896,1.1738250991122468,0.2529350062337857,2.095862571891292,0.02491611158002288,1.4945723190509612,1.3309954096054766,61.89118408326898,0.0032689831184901288,0.000601989499685708,2.2239327023696425e-06,1.7430912076402723,0.1815516395841662,0.002678090983355104
203.3817708412268,1.2258795817181303,0.23678457509907605,0.04353249877576427,8.936090997494183,5.512966199404845,1.82387098671756,25.044814509265713,5.856043344726777,0.1356631662319148,0.06594124641122136,17.838718311840825,0.0014582697687749622,2.151099858325186,1.248786492436673,0.0006681760861008612,16.972498554095004,2.881432575404618e-05,0.008783488256993878,3.3589003680902434,22.823058654710216,0.13243613592664605,1.008527863998359,0.7243363415294214,0.7514077583429672,1.4773946849566348,3.7482739239369454,79.41627044400961,0.2901300370187626,0.001465731714658757,0.0006525630823683886,2.268545065593279,0.2617616826403214,0.014980514695865987
202.665832203937,1.6352568684225979,1.835513923813815,0.012115867272248747,4.856095294418227,5.525341347863642,2.090699836844908,24.834005681469463,7.021155566951793,0.012175187541843584,0.039825776897020965,17.2540350816232,0.0004456792307192761,1.8578100685565577,0.8297965978453312,0.0002834840062458042,18.139488751791426,0.0005184891614455089,0.013208325092022528,3.334739479503923,23.81169788685878,3.239550173876562,0.9309162234963639,0.734814517484567,0.18185867511452572,1.6797198555124881,1.8521446980089682,78.8022802928111,0.006293760937267137,0.000464053817719762,0.00029529217308312835,2.0764836511369853,0.04745922122222084,0.009342593179920373
42.636532665610744,0.13007697539263458,0.509938552655699,0.567504052537803,0.9489730153835261,0.7129762145795949,0.16993952411070173,1.4924984489774338,1.5674593116739461,0.6337823447697867,0.007068388657832533,6.474282788809606,0.002307897532940691,0.2606853256675987,0.48700666274666826,0.0012942164629167728,3.374454458202173,0.0010790518675014684,0.03396491005736967,1.007611089154396,0.982228853763837,3.0319317833845623,2.090903477339828,0.1350204187877595,1.592039636512097,0.10510834777834968,0.3736624823591851,15.03413066724999,0.20104607575056666,0.0022644438797554604,0.001294552022079904,0.6061096328195789,0.05803622913207742,0.0398528355909456
12.003448467474072,0.006172135454028885,0.09164842962011115,0.07859058702020272,0.5176767096926618,0.007614210063727234,0.007985503633984085,0.23484773382205193,0.23608925519839016,0.35469959678310903,0.09349293915464844,4.776111949849038,0.004179773280163288,0.32076703432527054,0.29099013873372176,0.001853664386547246,0.37142002959863674,0.0003441611839761207,0.4891896471546166,0.2404314105310682,0.09935392906581766,0.6286674304170228,1.1876742337647592,0.2646325204321278,1.220615017642135,0.005512645612203112,0.2130689873722613,0.050198992454820464,0.003355265543515883,0.004186473435368065,0.001874746618954562,0.02269110144317757,0.10669392829792469,0.07081828588803096
11.471003186696112,0.0208864317544173,0.04354535278187447,4.32092736261206,0.5185673086250692,0.061306987004072604,0.41289358474999016,0.162962090423142,2.357674477290422,0.10185861378476223,0.030938776070678894,0.1095195569820878,2.479186389643162e-05,0.09415128877959912,0.11235783819076822,0.0001259112171633328,0.05466156366371475,0.01046225331851296,0.07476804502392313,0.30372855872529597,0.011095819993188325,0.9360905283070681,1.0360172054028844,0.08221533285668514,0.2770308946904894,0.022048527598232982,0.1349723033058565,0.004354105042104146,0.0018299705467930446,2.7514619680202457e-05,0.00011368720568680434,0.14708284334518154,0.012347329073902878,0.014416331846909283
12.88082861571678,0.19887314606161613,0.0009365846642875164,1.366645260136445,0.008911719027274218,0.016979356997484513,0.5366698945156532,0.4759547403869766,1.4760630843395166,1.5883694003871578,0.03624684153918904,1.318495470317601,4.8696511449817017e-05,0.4204632405873011,0.005539983791146872,0.0022017424008837156,0.5449126868946869,0.06219497991911809,0.1298661152321277,0.05425732978302976,0.30619402929555684,0.1635532784672854,1.798561561805858,2.0027506622989413,0.024981685014100283,0.10865269860119908,0.00033877733650959223,0.049488950499547324,0.07414105071445905,4.543299003678106e-05,0.002216505630683192,0.01596838019688643,0.0882383145944581,0.0020670147783120566
6.049800267835145,0.06201452477757856,0.4309587018712162,0.4916117787622661,0.3647633358813243,0.05380374227558777,0.005635868895541301,0.4354358606612182,0.28039074422411686,0.27712734582066284,0.02833507932579679,0.48687930874278307,0.0003287489084583538,0.17259137792992776,8.833801747053675e-06,0.0003703381946140184,0.8408830651860809,0.02242486370373481,0.292039366309941,0.03540926524161119,0.18933493976836877,0.10645479397174315,0.16569561505703123,0.06711767592071313,0.13838918782403675,0.025242392771413127,0.21862363893531545,0.22940364628931667,1.5944265914485552e-05,0.0003275580494158256,0.00036140679033849017,0.0031760325489617732,0.6243491048344048,0.00029618029396388476
5.505097161359206,0.08878815838223009,0.46318889796962925,0.02246311239780214,0.44697782248450935,0.06063802355360524,0.01674277497345312,0.370807743166149,0.7035700850805006,0.22345419283785567,0.00937286955866545,0.013431721454099802,1.8725898603251767e-05,0.07618174413835145,0.04543555082784027,0.0001262927129127974,0.7141635322410723,0.014875944813740702,0.31106552709795104,0.04767165804511772,0.464194042018136,0.01578642791209449,0.1458790815940099,0.006794323856951724,0.018118192411240876,0.1268510694766963,0.2973214608896609,0.7726225256692086,0.003966102566923866,2.3454793591797314e-05,0.00013844931107363638,0.00037268700033782923,0.02280315408949045,0.0012518121357012221
8.070971086941793,0.05994092475973159,0.003498508685213186,0.6525377526405095,0.0020810130373435406,0.08520851577339114,0.01877155633969107,0.4091882344387207,0.46926868926949195,1.131050449235169,0.0011392529772311223,0.29893125235199075,3.1067141781616415e-05,0.10420095354755224,0.09269164316083824,0.00012993479848901217,0.6713656433279711,0.013910085086814189,0.6268758677404788,0.03176741089679189,0.14754353438323112,1.0426844391270387,1.0254738597514617,3.76956888365415e-05,0.5093399599507715,0.03849605509056296,0.0004593790012252137,0.5738102989344246,0.015122896208366028,2.7404341423777526e-05,0.00013878322359192448,0.02805891388670739,0.01697273663701651,0.00021637550793457723
8.58558485632084,0.018709936826759546,0.015332771657621844,0.03909412015893024,0.20595637497046615,0.11786633039645329,0.004202339764134062,0.03963371737199359,1.19728275535413,1.2274978857082615,0.06816031765130588,1.3476882537744201,0.0017007090034700776,0.04525255287656841,0.44566379965018144,0.00013549896042062815,0.18998740615826384,0.0014240385525935125,0.15930408948919372,0.006241582147442892,0.16599358272012105,0.5741781127619717,0.05862461167791913,0.5341679899559393,0.19328904015414733,0.0713706898314306,0.047593410675769825,1.6103925829408934,0.017588211297851663,0.0017392669029573636,0.0001338348686987382,0.00017982085222123883,0.172357358955978,0.006841862252330529
6.085415595883487,0.036935215790294004,0.011363493446040833,0.0026843947900021285,1.9182825882955902e-06,0.05285404047761888,0.041579473843446124,0.5381339272741483,0.10247862355458721,0.7620282860754158,0.04693243785252512,0.5797343990751631,0.0005371915144146794,0.013515993928399073,0.07995643308765847,1.2470792009034483e-05,0.4109682444309113,0.003349890255037005,0.034397181622601254,0.18113150548942714,0.41787896479374836,1.0897051363746744,0.040466387797582874,0.00010395030654859646,0.02824964405437762,0.09710410092819931,0.000282436916757385,1.3459142582710446,0.057192245783726385,0.0005163980881175051,1.664165085463348e-05,0.10266607313415523,9.43642482924812e-05,0.006629871953119442
8.929838791903519,0.13243231224897367,0.18992499164479934,0.10646949144557401,0.12545942480185582,0.03693819162616927,0.08982875318145203,0.5435375287774163,0.008008806199672997,0.9642230797178212,0.07164079332775948,1.1219881268085736,0.0004484834365639807,0.0028866549715355965,0.021593978823007835,7.448155443037555e-06,0.8018469198093937,0.0036527789408176093,0.0018026775746689831,0.424822490602497,0.8414242555297231,0.21783493523038963,0.1880065260044048,0.0005884264316984484,0.983138616072605,0.1512235086058856,0.05930456724179164,1.627860552423614,0.02674933762489751,0.00046342857122808685,1.0096664939020625e-05,0.14898037089887275,0.028075096218820487,0.008666142290653068
6.284946167810467,0.01302766248829215,0.1654813736274973,0.00803741900131217,0.00908647166334186,0.12340739628448787,0.08798510150188056,0.56633240676987,0.9866221059093886,0.3135036183294685,0.09689900012927069,0.17911440245306504,9.510563862500737e-05,0.010644244612351689,0.05461682619479345,0.00010809015894548625,0.38566139149323964,0.0019615059803519738,0.0020714350168442035,0.14294836094050284,0.2883579816387005,0.018165656776899842,0.0039590359370008385,0.5364490143463296,0.09039526374083352,0.040445273101118596,3.182255948891349e-05,1.467003053557342,0.04822103500370404,0.00010575516721779922,0.00010842084068210537,0.04909498611423416,0.5892382601109329,0.005766690722452958
9.846957020711022,0.1730583642517064,0.21375480841480837,0.08324172067982927,3.614648823919665e-05,0.11751195826390766,0.15362485756034838,0.8157972766864167,0.23002376054731435,1.2864938253524665,0.14760757316105516,0.7641662765311615,0.0011196037499515386,0.05227084666869992,0.2396301559551176,4.58002055118047e-05,0.537291795240213,0.007375310327590492,0.035524042301559554,0.12536003915444813,0.6260097260452525,0.2930769599913388,0.16018185820623382,0.7305395483903465,0.0011445925090829354,0.1720916193553997,0.0025042469497072195,2.173293563094994,0.07949830794408584,0.0011520341944142203,4.059947263813081e-05,0.08124190218798301,0.540888468823637,0.001359432005563524
20.779663034261137,0.08280140138701582,0.046977310012751954,0.3652716932109842,0.019021032363968456,0.5312153125995569,0.867219884666858,1.752075695947868,0.7066005472873126,0.11907114286895072,0.013251286169334528,0.19545592682934623,0.0013045002324404058,0.00015049357615547527,0.0384908042117165,1.550985084547829e-05,3.007777560417622,0.001124968577106892,0.10811964904360004,0.1978192631165143,1.118409999988317,1.1234424560040897,0.43646797198548476,0.13636039874671962,0.4276831360350846,0.06948492470014672,0.004326215063761001,6.899593906886879,0.023225429690953613,0.0013402434458083736,1.380888169952753e-05,0.11097166216012379,2.3725734084863004,0.0020054898158205175
23.867616917678255,0.30718035377723274,1.057808839807632,0.022759515391915255,0.11376327098919566,0.5665127265095848,0.000977794279696249,1.2319918490948178,2.8935307449013994,1.067722029927131,0.0007105990986657059,2.1314746364345107,0.002026341727300624,0.2662916598177923,0.755915365113386,7.939217293531704e-06,1.255632635442507,0.0037039329350379664,0.016767414171321018,0.08233644377574888,0.8178986052191766,0.0037744886259309125,0.4211608937669269,0.8818034742649765,0.12378415503560782,0.2549395007689729,0.005566719196153763,8.121216720964554,0.0029037138634299717,0.0020626485522299196,8.699985903689245e-06,0.1995179475129161,1.2544455466181568,0.001419710891147513
39.641293206773895,0.08605781198657479,0.12338080563926725,0.06989071557648614,1.7774962851421647,1.083066466755315,1.3236116162573528,2.036006443788864,6.916129227476723,1.0499914434852038,0.001550833113153087,1.6091800109930603,0.00011363372601553998,0.3872975386603919,0.5418849092687947,0.0005724446166191204,2.694575923193111,0.000411034039111031,0.007714044131318503,0.3700059183430142,2.925071930066771,2.875510480636157e-07,0.028370193613126354,0.7397145473411991,3.509279698934395,0.02763441271527724,0.5209305718134319,11.188297060275913,0.10866105970090818,0.00011026653653263943,0.0005852479720227129,0.17220986860419027,0.33033674933740154,0.011154206119136121
37.92164038908246,0.2851000128500899,0.26788637870884974,0.01158346526232052,4.228162843145932,0.9328522189251021,0.0021388743061027133,2.626935998999848,0.010583965093174346,1.2218176447071005,0.0005453948677432455,1.28823959906588,0.0010931958845981809,0.5154962264303284,0.3982265026196712,0.00015421912385051988,2.1419187783056692,0.014267411979138628,0.016699430530812538,0.323532470303786,2.1827307030614085,0.05326718139665965,1.0497451616419273,4.189810016719919,0.0221507291653367,0.35950401292489315,2.0780048067441452,11.827699003469963,0.005417175145727231,0.0010707902170380833,0.0001497868766370042,0.20482794324161308,1.660019696050258,8.751316939630232e-06
42.141362870186214,0.4584135984379131,0.1273639932661583,0.28364070366348115,0.5127479240414327,1.22583742166293,0.07658736286395601,5.017668533663075,1.714593794529768,0.40555848715524706,0.010543143830277518,2.5224413715026768,0.0006830445989998966,0.2819862170595631,0.44149532545196124,1.4657905656111275e-06,4.308338410646104,0.0037124329679703496,0.0023046243257805886,0.9639210996275575,2.1461504142526406,0.16921882233715793,0.001433196911781081,0.4082862269804625,0.3246442070033667,0.3873734178525125,0.16035389559494567,19.266736005896608,0.015882203252503307,0.0006917581294000482,5.757622101946836e-07,0.5069296872401616,0.3935110030877751,0.00231250079927917
61.37586033451186,0.6191529146805254,1.1994516529735473,0.5353260343918018,0.6345621343502433,1.3152512666979543,0.061533774104502864,6.56942437462421,1.2103464791657605,1.0052936973629665,0.0007673980586735879,8.101042981350858,0.00183700935929195,0.5053625301562171,0.4133422734763556,0.0001728108250145091,5.14557097896289,0.0002649453320127434,0.011774035498096753,1.5467304699894255,5.284699563938547,0.005477462739101273,0.6848231119558124,0.08188576859324427,0.2085772744887357,0.6769606218759034,0.23452787920774704,24.356769227336503,9.203200322188226e-05,0.0018441706892575788,0.00017649368972240422,0.8990293037641952,0.05254877367240753,0.011240889197117458
77.47306212862547,0.7873427788451236,0.5855234918076129,1.193042180803324,0.013871165600245436,1.9214516556820176,0.9377028031545714,10.133145472947335,5.918459076535678,0.49625702315867193,0.009120745313946335,3.8575854976916406,7.50156795575914e-05,0.4151338352607683,0.19793298618719077,9.946060594242461e-05,8.76327693806427,0.0007592587677035444,0.005073817923923263,2.1463007356340382,6.3539702325313865,0.48551632561936325,0.5698539358075245,0.0473583914482151,1.1003629167473934,0.5067413279691042,0.007592414236132212,30.179248377654837,0.01180487829485369,6.580770114426536e-05,9.672714694931814e-05,0.7474008531497796,0.07626639296137437,0.004629607693854561
102.85388018016688,1.3326521814162755,2.0036248708062834,2.9243260297612923,0.5189480083869129,2.684559586660605,0.18687712252361438,13.725559687153703,4.454644858261568,1.7624193154577548,0.02176069910190875,3.4749203226699397,0.0003764267192656123,0.41159517521145456,0.6211351624763344,5.8891601478251634e-05,10.912545396976906,0.01164981773817416,0.03104585388868683,2.2749694638698865,9.109410463078788,0.3462240997683823,0.4342377407565408,1.1550634857506359,3.657297230485778,1.2986241509912195,0.12107672465961077,38.22055776649508,0.0005095619070801942,0.00037235905436039114,5.788644387187701e-05,1.0281708608247877,0.1284646979082896,0.00014428136041507616
134.3300998758977,1.1184688690729347,2.01115814794383,0.02991511056430069,7.406603405753195,3.3104141085454524,0.198011427060392,13.968206469290369,2.1736155513674493,2.281533889408182,0.04372448180048435,12.961899773493192,0.0041644618309397835,1.5287333801826084,1.374262283934468,0.00021081865191418565,11.077241930068405,0.0007098215020374742,0.030322200371472173,2.024647755154653,14.774753359184107,0.027190273623912912,0.0011269596034144199,1.0764030558215352,0.019700327276153985,1.2758457165857078,3.266255795957781,49.631822462636215,0.007913608403582082,0.00421930849216986,0.00022586594370422447,1.4632428851640238,1.2334466007154985,0.004109770493602516
153.17953621614558,1.1060461948886506,2.1356387980196376,0.021614567110085855,5.4776659846461735,4.5311349861803585,1.7505630043465064,18.71705258681207,6.3973758717483395,0.3207244079502776,0.010902096498888235,11.626244582419178,0.0008977274628802558,1.620505940210389,0.8960697675139415,0.0004956301822496899,11.99084515052613,5.9614379497971834e-05,0.00018681861094523077,2.16797885331956,14.395297008852502,1.5302839401116193,0.2542764266360268,0.0655831596044309,0.4033850181679594,1.0594561128749302,2.1421657160322294,62.882667069417735,0.017769909920320247,0.0008870053229067757,0.0005019245144060752,1.6340453974758427,0.014406804250022642,0.0068081401388905526
201.05418457885517,2.32449728623785,3.3066371345675893,0.17455309766951999,3.6787717943665537,4.77891072500436,0.4863670339421704,27.175211653283583,4.311290393233523,1.56327392134387,0.012732564907318136,16.44138144471326,0.0017658817011630718,1.6100701020511208,1.04532983611204,1.2836453611000641e-05,19.306371842104003,0.0026881291909964314,0.02808348484435969,4.733699537151137,28.123448327537673,1.0838067923765966,0.1301960608287506,1.7931850067062196,0.6789200517932881,2.287021339989137,1.4403647880927806,71.81051308136072,3.467550438269747e-05,0.0017510606333463927,1.3450510174423449e-05,2.1899402374636923,0.5319641418383724,0.0013768653419963905
162.07350553593966,1.0181322869014193,0.02160871421329689,0.4106896782490289,6.201533480427859,4.766829556249263,2.8342251579336573,16.15941626065262,7.135372811606048,1.048020079889513,0.013793617848996235,9.639837408671859,2.553803147726986e-05,0.9398050218241307,0.6525323431394401,0.00019143205669131864,17.465185022881688,0.0009106895953515121,8.311908542938221e-05,2.793591057240414,20.894766360603498,1.475618099517966,0.4833862878148158,1.5297048462777214,0.012679818689305988,0.975770055378223,2.4372104683567404,60.957506878128775,0.09206641690382185,3.0188908200359803e-05,0.00019805766145280596,1.5344156791872074,0.5732597273463685,0.005109374667362132
29.30471499680064,0.029568114912838197,0.010719957739936158,0.16378534973844294,0.3827438619859912,0.17806867815342495,0.09328727734198418,0.0007044990659880416,3.09873711002799,0.13913355488187934,0.16598971735725085,9.787201912118093,0.004904980206874846,0.3627500187533373,0.7278829710251691,0.0028030563955749543,0.35944579811899346,0.005264547461138304,0.42580138734812345,0.7249731829942874,0.548882087302117,1.0422599365479226,2.5013489225762213,0.29158672605392166,2.2901362994466363,0.016913272956857024,0.08666932264172234,5.329856153802723,0.0030618254460609727,0.004901380266621519,0.002787551810048445,0.23488807268708753,0.21308353959011797,0.07457393004526904
8.955459663168117,0.0018062377108245588,0.0671118734620966,0.020101683457989863,0.4193570807778594,0.0706004246345692,0.26370289087253745,0.007474993324176894,0.001232019742403478,0.21064292998239728,0.10549322769559855,1.537207793885437,0.0014174127972455483,0.0004571884339504203,0.023462063826062675,0.0004535517908005926,0.00520980933103872,0.0004002967557448001,0.30791151586778587,0.45615291579877343,0.03685309931870066,2.273980470094003,1.2395307578991808,0.9231194427270039,0.3413709154216481,0.016502718492191742,0.19209232859268946,0.0005188228449782346,0.0855168844602912,0.001426134684823935,0.000471160528319017,0.21940003376351894,0.08660143448234403,0.037879549711132096
5.5375580313213035,0.005142681546688465,0.01656518658625146,0.4133723426223507,0.0021838901957957463,0.008168138704041249,0.06203585293781727,0.08910572749967723,0.2396976571054616,0.20941681171366622,0.036981701853194576,0.09052332134498776,0.0008127382768680127,0.12106485399827,0.16179081030307121,1.0735847392838663e-05,0.39348815427327094,0.013637763585016232,0.1158088100649383,0.3381202188915327,0.40993904882603577,0.3236494741708307,0.10820206009099181,0.2748000854190521,1.3373537681886407,0.0063219309078663705,0.009774152296149915,0.1385172828376637,0.08547655186259202,0.0008168455112566807,1.2416294951202128e-05,0.028872227241450832,0.4859780450258597,0.009916745297669144
9.838100852960459,0.031188715106557817,0.24330509897022817,2.711799512326893,0.09015302330681334,0.0879432535622083,6.97703328018452e-05,0.32176773552605753,0.03784109261238733,0.5518412500941595,0.0003720325172456883,0.11101839256933936,8.651369196965327e-06,0.18885277597314887,0.0007142313953858976,0.0001969687164940557,1.0914977842761877,0.01855987704867144,0.031448854915835205,0.18684508751006337,0.5091215312488934,0.5336450710788085,0.030354474568268248,0.003783206735311466,1.6021297772166088,0.04353071145358614,0.0541757182446213,0.6954059288859257,0.004952926165951113,9.487930662917224e-06,0.0001905360239459487,0.07798736682748242,0.5755643800783758,0.0018256283723412207
10.62172589398013,0.08772636825516852,0.5915148480791129,0.8604523681540319,0.019903675086015867,0.04712381881381657,6.950962798350351e-05,0.24065687828279658,0.20228873623553845,0.5294568077401282,0.00020666847573731138,0.9803730756981506,0.0006277139879470831,0.2107991855217032,0.06456551514530699,0.0005929848344484057,0.6795125136915522,0.02809562513641739,0.06298190985628696,0.04621935883580316,0.6983796272233421,0.8988493151661325,1.0538250977484032,0.04377384463746665,2.2904468597786303,0.05508140816276378,0.020890856749676313,0.1063852355279558,0.0827053256768098,0.0006120163256668047,0.0005856092859281141,0.0024728388515609973,0.7137509485720337,0.0007993488158164226
8.38843370105182,0.05112693781723215,0.050825616807949586,0.164508705824853,0.5454961759939898,0.08752821618007017,0.05913878867735316,0.09872399949435996,3.566398755618343,0.3170637223920055,0.04621390120685039,0.2693720271236308,2.40444658829304e-05,0.08780444276856834,0.13528735868511366,0.0001006976661357709,0.4161048463906694,0.0163443243545284,0.13275741361404458,0.0021312045105382903,0.2928373250124264,0.016986066560620766,0.911883967999344,0.2389019880788119,0.017707733900925293,0.0415549073766881,0.4824795394432145,0.12848104702524915,0.020497845668544963,2.7515680353365385e-05,9.636641035305807e-05,0.030230825042824396,0.15972204348048175,7.534977986355695e-05
7.0249239393853085,0.006986587626188654,0.03878972374891964,0.053595152099581364,1.0811659561340163,0.13772865191374792,0.026708196841861827,0.027924461089154536,0.647169465649995,0.7826943917815041,0.00366942924767576,0.006455909619568328,0.0005548989802743351,0.0006908776015924654,0.2659097708425815,2.2857330106219864e-05,0.14971920805974237,0.006027093357527038,0.028701006181845897,0.0001781879123160604,0.1809774133443022,0.5422245335968511,0.5502472066280205,0.03353034381339306,1.2433490406744452,0.0012805883432313757,0.42780933930044024,0.7090631331934738,0.04979087756252392,0.0005657468913220413,2.3720252576165224e-05,0.015840621746355872,0.0033119019999367106,0.0022176460202368493
4.347204413917145,0.0149814930325895,0.05074721931532021,0.4288633101195053,1.6046761484781138,0.0877663208836025,0.17218133401023247,0.005789324125231513,0.1634751975719373,0.03955457691297913,0.019829380265934688,0.04400535492124419,7.626465094242022e-05,0.02399302357192801,0.060104299715847125,0.00016549590100512076,0.006933181151093152,0.0018877322394216277,0.02430531356532787,0.01756804588612646,0.09185745420890112,0.019481679181460033,0.10101885858074493,0.04023972685782091,0.06472840618250227,4.697105536981622e-05,0.7377083450080353,0.45757358402188886,0.005176688173376168,6.85115084196662e-05,0.00015906248492969686,0.008810744422187392,0.04773116859150353,0.005700197321622986
14.678989381235127,8.784311832485194e-06,0.026866297077663026,2.923904423287882,0.2572869176459668,0.057019519346307196,0.12966807747273404,0.0914366404283133,5.37650163611161,0.43466359173809216,0.00045706543083995566,2.648468464140751,0.002427256576547828,0.1863536284291355,0.7473918008881641,0.0013509079719067672,0.07523248251416913,4.412431022200697e-05,0.07469211322361323,0.012082261677285381,0.6233961480161784,0.009710537776780088,0.00511672886594867,0.3419248828127903,7.1105680036230675e-06,0.005737406298892438,0.021028216027697052,0.32366383192879583,0.14029517227893237,0.0023803852469794617,0.0013753587118905538,0.03283845191587737,0.09828370419357882,0.027375454009746465
12.438955685774618,0.00041264013396503663,0.046275261866082926,3.5586586066252353,1.049096145526459,0.04687396110631685,0.08923708856282453,0.06122409870143845,1.6690855890814509,0.008742752297446935,0.09339885518711001,2.007105788984922,0.0013331245204346337,0.16808971712233317,0.3553125816964914,0.0010571459187299753,0.0013157238935898356,4.7319719966798e-05,0.22442301311356985,0.14878825881184932,0.708803427010856,0.02247744810339287,0.009104925687079385,0.01735815482155355,0.3947177686788715,2.2963470098976006e-05,0.37144041496576197,0.5549723288535746,9.388815220829167e-05,0.0013032528942095816,0.0010525166231768641,0.006011833646680585,0.7932794076377616,0.027839682359174653
7.0811078987066995,0.029171243455910965,0.2983358345649918,1.02750912047883,0.1075956245416276,3.719973503326413e-05,0.07060346360147994,0.2766701942378272,1.504615819281173,0.33664310226520155,0.029194217015221197,0.19676639442224128,0.0001561750491691667,0.10930383282820369,0.1558540247441127,0.00017261833826421246,0.3191768528550991,0.007061726712228224,0.047867225826083694,0.33092137023015994,0.5714222615826949,0.1285728668467415,0.6176199083139947,0.018064201196191947,0.12615310294670837,0.09050237271472668,0.013538073356968784,0.4391467723466283,0.005088228262372944,0.00017140036921674487,0.00017534029837246442,0.05370025938000602,0.16447670842871592,0.004820362480501955
9.930478986879555,0.03783775012553922,0.86059277787934,0.3365570906359293,0.6228930512444687,0.0620985031024505,0.00102182621149845,0.4358983177499303,1.7878387342830782,0.11529884615443406,0.03315794179365264,1.2194782681395033,0.0010783835742898841,0.21910739909387744,0.18967955518727403,0.000670632825462345,1.0621933855308145,0.02138295306645877,0.018365571180734796,0.015621478656652883,0.5160335139615595,0.08292224426075877,0.2753268912910766,0.6972488189468383,0.0701466142559263,0.009678996871268998,0.4698700533336345,0.5057655465623616,0.16261656093439145,0.0010638681266967886,0.0006457567942146236,0.06371698841033614,0.03378819780384782,0.0008824688912534801
5.877426363974912,0.02859603801366619,0.0003177309912189397,0.3039619737079147,0.04890810509130752,0.10160342832312576,0.07085142628272689,0.10840493550576623,1.0513089499658523,0.004564433821616626,0.020866468556129798,0.19043839035564716,0.00013400271499851136,0.00027641322276161697,0.0397051704728554,0.0002649237135528812,0.1391330019316906,0.012098826342716518,0.02328864491327885,0.05504243010480573,0.08645327616537131,0.8484908520477449,0.7220212291168204,0.8414894862241914,0.7711527658418798,0.023390250837354663,0.07092310861658965,0.2766115255992528,0.0032258462278303163,0.00014130173504418143,0.000268850556773316,0.009008491438249142,0.024097325797224154,0.0003867597389545176
7.914237139540933,0.0003392175996155233,2.365912279491123,0.16362661303433843,0.15051319706595653,0.04215781370899637,0.02617719036814678,0.021332636637480706,0.047275257009288876,0.3053829921038387,0.10255203168410182,0.32777046372616986,1.8321175241034147e-05,0.039570043300649844,0.030239777037037424,5.3487946667218324e-06,0.032652603151031946,0.0014635643683589509,0.00014479720717145767,0.0170809368359754,0.06654243552019112,0.030740432753232114,0.0016887343618143776,3.509665077204775,0.0365934957790738,0.029441231154834272,0.06374375459242837,0.3412909857364458,0.0832781737232874,1.382785939735338e-05,3.1325286633150196e-06,0.0010482432307194413,0.07268541420269452,0.0032871165941873517
6.554705591781943,0.024698708845090882,1.010871200482515,0.12777281163258075,0.2963186303705566,0.012752463240933931,0.056625680779292295,0.15963603568887233,0.6076443070996732,0.2103944443681182,0.05379437170958661,0.4890308372148476,0.0002795072911845333,5.029611879758168e-05,0.0011069062910192844,4.0326504024419044e-05,0.19951280548110398,0.0016372312079779984,0.07088264547713027,0.10599334610649672,0.2623398343749486,0.08416903382346015,0.11682149886259349,0.44540278295829844,0.7423511070167653,0.03567749458307554,0.21820468507756188,0.9311154598878328,0.06588564154486029,0.00029678753016692465,3.951417505882521e-05,0.2114750101937608,0.00464957828478286,0.00723460755897404
13.486279316392892,0.12224218602887428,0.4775732722256581,1.5145388143362226,0.008739755633246662,0.19950367303851446,0.011344055422031051,0.39519762979339423,0.6803668796722393,1.1080770120453323,0.08144846360036335,0.7679928246188121,0.00022402864252312474,0.01833166209443835,0.11153723923814292,6.078073752986563e-05,0.7466880006221245,0.002251609979212705,0.033824420815049216,0.2797265802635208,0.5435314041498277,0.10848207053483468,0.004075993761676183,1.017888603871179,1.3252895462009904,0.08423827902807897,5.512886613465683e-05,3.237197862838104,0.09494314776956203,0.00023792205787326085,5.7087733958422383e-05,0.3179817214000584,0.18685476989435912,0.005776889479026443
4.292517840285755,8.206633608515665e-06,0.016662969167392228,0.25392758220691547,0.03753037797741728,0.013958221033913419,0.030085407225208107,0.12234736382360875,0.5554009055318229,0.00025896339218259285,0.0003329358342695193,0.55930607899438,0.00019931797914275428,0.02127169487168589,0.030415172827229758,0.0002234076129843528,0.04866906383137195,3.3623155589330516e-05,0.16097589087313213,0.2888920303782031,0.18457706209372743,0.05539682237507542,0.38448709592488495,0.41610935124379805,0.5376744695902096,0.01828245581315732,0.038181114829843946,0.3803502619094534,0.008278826888343985,0.0001915785123397411,0.0002242502444477717,0.06051204781243552,0.056609985747613195,0.01114330395036642
7.1629611141578815,0.04471336978805211,0.745732928937099,0.32104625361841077,0.40112298711972055,0.12851363920557973,0.04057943443169737,0.2812236798805736,0.014389040883558805,0.19692820868387756,0.007801563882522988,0.02787993811464653,5.0557077140559095e-05,0.015703413534525004,0.00292376522127504,3.947795671962181e-05,0.499374132723886,0.007094453701583887,0.047310510214450104,0.05855063234796798,0.9166515434346294,0.7921578132991667,0.16797509292945562,0.05907370097231283,0.33255827265404797,0.04986069592585144,0.18827202317044334,1.306677076332726,0.025733890628913996,4.6321148402620256e-05,4.6481192879040665e-05,0.055560443985669714,0.42692873167023276,0.00044103948986309145
6.6799833851871,0.04499599874739035,0.009176043114674248,0.16064140521970327,0.001753699350937925,0.12380677384799768,0.00012069870925423766,0.45125525161826263,0.41300638226950265,0.01423150266347585,0.0094092196180214,0.16827578184360192,4.554450590800031e-05,0.0005217583677992224,0.0805419925573547,1.953393329790161e-05,0.9518448178536797,0.005994056553012031,0.008834551987572367,0.19428113488746948,0.7652840974306293,0.16203090354241872,0.038982165698885865,0.3000032721075616,0.24874193725547047,0.1464779746003283,0.000608754084142802,1.780127922350014,0.000524596163653763,4.6940108208554694e-05,1.7674187071919432e-05,0.174383793781609,0.4225397489691408,0.0014574572590485052
10.580135838933582,0.0809868472866254,0.1683013970950668,1.099329190923806,0.4169848149540237,0.15812771661606495,0.00820413950297116,0.3849156968500281,0.06248690344202742,0.036534846830353455,3.3797915188010888e-06,0.30532537523738545,1.3036847582352772e-05,0.012262799415478838,0.0005777504679652681,2.7256192764013313e-05,0.37334924961345284,0.004965924559109061,0.05397772722723857,0.09387410938640443,0.45028900435735286,0.6837255151172668,0.022730706755825905,0.8916367766740347,1.7381971137325047,0.05569615643535554,0.2308983704086424,2.714172577246471,0.006864292539196426,1.3720309103623247e-05,2.2352648126020716e-05,0.05117831281510696,0.4730640947898137,0.0013986828649151107
12.608741038577241,0.01674010417125724,0.033357890146255745,1.5130840764689282,0.2718513285489135,0.1987477893084186,0.16157808695967385,0.7555762020962717,0.6071384777235522,0.6142604120899138,0.09064493608839197,0.14673734767320545,0.000721163718608854,0.003111697689855511,0.13357590613717374,5.374708094018191e-05,1.3867322434753426,0.0017845890948240486,0.02281026669176659,0.2857620086917632,0.47250703474032824,0.6704929245245672,0.6074958934076917,0.06983148268888023,0.24939230506260432,0.06492997595671682,0.20844011508083354,3.6881768762458043,0.13914853906299093,0.0007076528813644336,5.5700753217190766e-05,0.06076587055755214,0.13124753949877227,0.0012808542608600604
7.8290601269775095,0.12167183974019548,1.1819192942732972,0.13483796253319275,0.13791065073549835,0.07275637514882773,0.010537598826687462,0.5706760501300047,0.1469835631141665,0.18557895518704207,0.010622111093799656,0.8403489830963873,0.0001749415387589799,0.04279628948850593,0.017943799245106893,2.337797128637261e-07,0.38711378595731544,0.002249896919760556,0.03601397788107956,0.1185688081303181,0.4259023852614285,0.35794629845528836,0.022991475244644965,0.014867119044134089,0.5925888347161689,0.13249164759069365,0.08532838695464444,1.9485858559682332,1.7105064818971437e-06,0.00018319000970549762,4.676217844688092e-07,0.19962294325140859,0.026605894946903,0.0032388005863329054
13.963777137114228,6.286433764206801e-11,0.02091375423352129,0.4479529828339028,1.0211248333398968,0.4020233776393111,0.8601406272610044,0.41250198429668716,3.214755969316927,1.0498049073495006,0.05052834491918245,0.140103160199904,1.6780886963778057e-05,0.1013345274926484,0.16004012274576002,0.00032936212022130983,0.46249198872011466,0.0004810666535917649,0.12332124570486247,0.0927630844578707,0.610331319756857,0.1251898426334982,0.014528589714689887,0.33182413800634286,0.49575030310437473,0.0015444540949974943,0.31838898152093303,3.3382595825221126,0.0034407765746695767,1.420982096464815e-05,0.00033614315645498814,0.056718932388183714,0.10126207630603301,0.005559667279381223
7.547986416604979,0.007815560123207166,0.16915084493104207,0.0027279197817802366,0.997195877402727,0.1358066628014159,0.15204143618438035,0.22419099451745098,0.1567435457657114,0.009188839060109592,0.00680542813521862,0.8894552717674733,0.00018066678924983436,0.28424589233296654,0.047799785236217945,0.0001704547915621023,0.12690727752168626,0.0007342963229652587,0.2052977833247595,0.23465350515588013,0.9082091680052153,0.7199943928933004,0.01563801028848158,0.0640808414053014,0.21667638590663044,0.02431182741923698,0.44479394616564033,1.415737769723576,0.05151304632262067,0.00018365752172978957,0.00016484311244864498,0.016684832283988708,0.010972714821503438,0.007912938789501707
15.322274961977524,0.08004226961896564,0.11704231244932581,1.1215688860735418,0.37814390209579424,0.32297627670262985,0.26470877315467534,0.5649139576517719,3.1592137721041866,0.1786602929181438,0.04101868050945308,1.8553065331361795,0.0008045828423568248,0.2139703002395077,0.33787797670224806,0.0007474072828972426,0.6402968999791391,1.43460925495967e-05,0.07370968769893899,0.23668355577865213,0.8591958338169968,0.015981035749133204,0.048542694131182194,0.12070843573061481,0.0006174348579202162,0.017341588744398836,0.08565563840887985,4.313067186472247,0.003410717603743888,0.0007858239584851515,0.0007724404025722797,0.22285586948960032,0.03132019765041265,0.014319651930379287
9.7036878297304,0.24419419964871306,0.5047345822821577,0.05476730419122687,0.048425106898161895,0.17990458774829332,0.032451462962478576,1.1316111700642322,0.1249047209364686,0.5571729926200042,0.017329532116328927,0.7798105765760975,0.0006906740905850195,0.07214101676791122,0.1293484782242251,1.921636166561785e-06,0.564478943276994,0.004904387691751494,0.07556105207872955,0.4704508648062864,0.5397542110818296,0.03930382651576571,0.018926724880930366,0.1365782885166394,0.00012711551015469466,0.07367464897439205,0.014719440587647844,3.456961111199143,0.03814596317753718,0.0006780186489332784,2.1968938706506196e-06,0.13027353414549975,0.2585490156498956,0.003110159331347077
12.69267762722603,0.0737288035763243,0.0025537810566571384,1.0795878631942684,0.2587433965166144,0.3458213059839667,0.09224232103108268,1.4977817146628307,0.3082826401941571,0.022257643534665215,0.000792467476673443,0.017850548944777625,0.00010619829529720543,0.018777784732144844,0.023826424681883326,2.743252883248308e-05,1.6105118200143722,0.006791682334205479,0.004902499171133655,0.22506566296618954,0.787711283082668,1.3340688395702329e-05,0.0924242572454205,0.1623431105535011,1.097492419273265,0.11056897123558021,0.10584471361443075,4.456511768951618,0.005757295796381961,0.0001116146449505859,2.885855198244952e-05,0.1753901633701961,0.10848962969127718,0.00033820963028719403
16.68692271751719,0.04924230831342612,0.02563443664921659,0.3202751317415227,1.2521556621488092,0.634146789934042,0.602015748568061,1.282265629085366,0.9484399461787317,0.039522708364939076,0.004123394361202687,0.1054890600062833,7.59199310832358e-05,0.12028684122198723,0.07045732986028627,8.631067247660645e-08,1.1932512724195805,0.00484367524684933,0.029627687665870067,0.11796174073980678,0.8976115599611382,0.6299010713222795,0.06987867240718348,0.20457373250314953,1.55767183290112,0.03692958959246855,0.49759926311648084,5.763210165879676,0.036850929689658404,6.906358256139433e-05,1.1827289782111763e-07,0.10975039314778667,0.08202310839376616,0.0010378479992896362
17.081908270597026,0.1582988417439756,0.6548499345738698,0.050016797582409914,0.039816854313665356,0.4275064840415108,0.08278311412056592,1.7031416691177077,0.41074560343962413,0.004191594475585153,0.01771874167819265,1.3403137708560482,3.334285356150214e-05,0.12242171521767149,0.033900405616452876,1.5081817591279628e-05,1.7600814241694327,0.0012849408113653122,0.022014965656249424,0.4637441495045953,0.8475359385379581,0.3469528004639798,0.1354115643623365,0.002979603382984349,0.18296017337806814,0.19352972639322238,0.010110061701679687,7.875915871394053,0.015291104332937793,2.7957769995588015e-05,1.5299822236673815e-05,0.16469454302020098,0.010052226098223578,0.0035519683490733847
31.39086916032751,0.3951580087276014,1.8681503117822347,0.17459832253570853,0.8792054121278808,0.5651231159504058,0.0787622938639258,1.2735383039271886,1.4614586037134762,0.9794723193804552,6.188123550402072e-05,3.0484464880695388,0.00408096544203118,0.4089612633222579,1.0172853661825685,1.2761126278695115e-05,1.055418775933477,0.005876078190036167,0.12746166598570427,0.5009112573954106,1.2929990718668118,0.27555524594314423,0.48758880913187785,0.9097561657215777,0.7221985063865609,0.23517737788570156,0.28038895598028085,9.048886072172266,0.002249087914393288,0.004111542120770524,1.4777099884161037e-05,0.23147496745924426,4.052163506377005,0.00432187937630811
27.872231475522444,0.3207951437547755,0.25235550099050996,0.015894166813461237,0.41116552363880304,0.6845503033637848,0.02754032355334459,2.6013470837575294,2.5561627639977758,0.5236158153698814,0.04332048689328814,1.5715208008749355,0.0013405765215009709,0.09305811373811833,0.5781557145246764,9.531177814242239e-05,2.6107318713800174,0.002544897510734032,0.008339454083906383,0.6412900855102264,1.7117482602523095,1.3921481356968546,0.016606309987530803,0.06600008869118863,0.3420268565074127,0.14588672401509814,0.10377184406883937,10.219510875147444,0.011452653850004338,0.001329159328687179,0.00010237704549274125,0.5335557410768269,0.3794901396936716,0.004778372105672421
37.669281948650486,0.3336660937903696,0.018674215722568055,0.35594210571596374,1.7722435641324423,1.109057534868554,0.23066990806845572,2.988537782077504,1.9597071979699778,1.882733007731495,0.006565973008595271,2.2504894203081856,0.0010942703815034413,0.28244284926957003,0.5230967494540578,7.574073924480939e-05,3.166147154048265,0.003783014533575846,0.021731306129701432,0.7845856356865784,3.2455540391370183,9.781222963045471e-05,0.05781911351633998,0.5630666077139161,1.4794835344763528,0.24332820234805677,0.6709331115150247,13.021469227809124,0.04794979885670289,0.0011131361593000426,6.639577949354374e-05,0.4574404791643614,0.18578145857193765,0.003935507736618477
42.700525420009235,0.4726524441000052,0.2238916392030241,2.2737230724455832,0.6337114957963456,0.9926487339416509,0.04848708768723312,3.578302849848047,0.05938049373725625,0.12601956631852668,0.002634761904014402,3.506475825063302,0.00016917577393889816,0.101117751048167,0.1312875162317084,7.619917877959925e-05,4.045725584049015,0.003901800999043578,0.02758564210179666,0.8791084872403648,2.9856408136767794,0.08938441195359387,0.29079175705341487,3.342328878802851,0.7913913808518461,0.38632816400212666,0.29519729049687493,16.45512228399334,0.02173757690703765,0.00017412538384239292,7.243615588343853e-05,0.5982391487778282,0.3348679486215859,0.002349076664426257
34.63085325441375,0.5716342654254116,0.9467050235333426,1.2512469134160729,0.1614188397895021,0.5156689492500094,0.08026193691076065,5.103824247350242,0.18292886613339704,1.0592271167550402,0.004581020132927006,1.583788767562875,3.456412632357635e-05,0.021757168341863975,0.00018262691199721592,0.0004100845316817663,4.912775367545984,0.007125323387069218,7.177512662502336e-05,1.25138168810568,2.3295879912727666,0.07320339257137332,0.25246355381413155,0.2564431632556578,0.35996570231336966,0.7265177836931773,0.05156019607099783,12.115671228206578,0.08175051499584453,3.4136888673578424e-05,0.0004049934404409818,0.6941888373790889,0.03402315529965278,1.4060875190256359e-05
45.8644571980945,0.382882033543248,0.2864148404327534,1.6001710423169064,1.7268343882153154,1.0316592796248205,0.06116352672457673,3.7125775101235656,0.16904444428891208,1.1361824609792572,0.012153778162715954,5.790387360687259,0.0016134152456255236,0.43270824712007777,0.2881171914281399,0.00014474961917692464,3.265144997144856,8.480628899916022e-05,0.025809069588382038,0.958684303537349,2.6814275970946504,0.0009873918226554414,0.5102419047542641,0.28506262310784,1.3120857145665903,0.32135777351897593,0.8149121199036224,18.47087781083002,0.05061222032199845,0.0016304860188355189,0.00015467420586736603,0.5243023746346662,4.7567649342941984e-07,0.009026586566077568
43.02836862109436,0.4324892634925213,0.46829095111029684,0.11879353744146579,0.396809302410196,1.255776719272285,0.17731354601765428,5.097882743531417,1.9634695217874738,0.231423945523259,3.5442352248315244e-05,3.003235358923593,0.0004123386006358928,0.3313167335539015,0.3295577245258458,1.094159563435578e-05,4.4274585733454686,0.002183549106837672,0.0033354119161914404,0.905341930942992,2.7176430173560298,0.04172092681695091,0.03578681139361498,0.21549161802986508,0.14684487478683872,0.44878800369636435,0.1124214738191045,19.503377470506592,0.0007274456322628239,0.0004218275997960076,1.2368027802047125e-05,0.535275443110674,0.12218988930313149,0.0025299155654180472
45.8545847830286,0.842289255525343,0.6224203190942816,0.34510002859188266,0.15774158626214219,1.269961130931638,0.00017634031523698282,5.793838067881839,0.7573195317095243,0.7283091475785537,0.09541828026394328,1.4617146916487505,0.0002956972604208005,0.21733529406220856,0.325511951437785,0.0005030761108066765,5.040507898762094,0.016701708048480268,0.004005162121056923,0.5020831119817847,2.7369637159044733,0.16399519874023097,0.40580553398671426,2.8922112361241337,8.72508117941911e-06,0.6163750759086138,0.038796326869948064,18.901165874685926,0.00568999772725541,0.0002856877898324124,0.0005006310882713658,0.763369048916028,1.1476310497871705,0.0005544008310509296
60.91787135523054,0.4352583275253562,2.4777986022207035,0.7984375858295101,2.8262768142584735,1.4819578018433994,0.06419798767251123,5.841156728444269,0.3295025537598676,0.07470568415758409,0.0022653610843629273,4.036698457807678,0.0009212478589331013,0.44613709727789025,0.3326249025915563,8.066672315076914e-05,5.265237074064357,0.001788489245159975,0.01506230606599181,1.3726629530439614,3.4543653785729482,0.048070964482660114,0.01292987480863377,0.002476474203614269,0.9601446904741494,0.5235616664124071,1.3463184168650306,26.71212207492417,0.011731740683031434,0.0009222960571378826,7.488298980993636e-05,0.42068353288187404,1.617545878892908,0.004152841507442951
58.02405813277954,0.34880952651263974,0.5398443192036682,0.8571519761820229,1.8219530836245006,1.3341332351958175,0.3533146198897771,6.1455921391634645,0.2867947618634618,0.06817596340326575,0.016270368704723988,6.805945235395907,0.0005472479492500266,0.6716080259707328,0.12913300834935199,0.00033159459699885345,4.738639598935053,0.0005428918226592637,0.029670545128709806,1.262523656473411,3.820093739184065,0.11382624195078422,1.5594724233822828,0.023526945885077723,0.5740507211024527,0.37534861195898184,0.8764336305664215,24.568167666965742,0.0003957476123762116,0.000531443452192881,0.00031606485846758626,0.666801193090596,0.022791950170467635,0.011319954234215108
52.19014697528185,0.5914060555479339,0.025294251051871254,0.7688046210102162,0.45885514994323173,0.9317401654299866,0.011507218886433707,7.830034033596227,0.5773724718426526,0.742124664048481,0.0007498262644717485,4.214180073336357,0.00019644442629824485,0.4223464062585785,0.015148907042332417,9.23145251126334e-05,4.970276299401614,0.0021098060046194234,0.022998182407871947,1.4776395305069152,2.5056000280539634,0.015868733644796608,0.8902649241021295,2.1937396857263427,0.3480663387642449,0.5985723983680352,0.32345929635278975,21.309798234038418,0.027575037012232205,0.00020157473368787425,9.311512952504879e-05,0.842631279564786,0.06921649592409358,0.002183412335597206
80.0879460510127,0.8076411771847868,1.521826397862725,2.0862692567247523,1.015103161244875,2.4325479294556924,0.2568777485134685,10.775042423443349,1.747756492218997,0.6317065062903227,0.0018969147902939483,3.0148664316505793,0.0002575494382460703,0.39434145906803464,0.37902591268382607,0.0001559584293826543,8.482728946467544,0.011496460864578303,0.001116952139433788,1.5163623530260504,5.784176485441372,0.5741812120140435,0.038712715789586585,0.5880003051473568,1.3032256629566261,1.0218364988053776,0.3632784304867063,34.275933101508336,0.0037243721643218175,0.00027239545256056464,0.00015019888610961108,0.9934476493596726,0.0639722881976176,1.470330606268491e-05
90.33512339929825,0.9595300580128964,3.133765243012729,1.0886151426998938,2.3547516161847333,2.2070991203573382,0.04098044876312622,10.739541563670143,0.6350299440630526,1.1435892530554304,0.027757207733249512,7.16283040800911,0.002164453494200123,0.7756613993576962,0.5613513885107305,2.960231304162979e-05,8.312791302062898,0.0021220952690558705,0.003119034636543468,1.9436541045890117,5.692910668902815,0.10152726842777944,0.1526972923039714,0.0008028114518326859,0.4400676741334499,0.8125625084774946,1.0662558115885974,39.244761043516036,0.03740076164960238,0.0022029551330282754,3.0154629050713326e-05,1.0891052189641797,0.596105693436242,0.004310150889293982
109.32211326285935,1.1633059987066001,0.29492842419112825,0.0019558313041819616,5.594728671874331,2.515531733851233,0.028368209033683547,12.350362479924986,0.2856188931699044,1.8476907872917028,0.004895628026124163,8.211166258674826,0.0010100233965315455,0.9413191655874301,0.23954801198782244,1.6646007633788024e-05,10.257877380124464,0.005052784531470621,0.017339944442935074,2.3341202646017587,8.21996061140655,0.04785259819186472,0.19123939594264414,3.600109188657029,0.8943476049949165,0.9793822430957821,3.0332510502383365,44.588697210771734,0.0005649417787800833,0.0010172457815505994,1.814084782511177e-05,1.2909842982696356,0.3769618970324557,0.0028896991215129806
95.66024628149243,0.8948046276402288,0.3091252308345807,0.10524616853971315,1.0451522601657386,2.5632864302664995,0.2721488758635056,13.338719464683203,4.073276058342351,0.8121718561265945,0.06895696762525079,7.017956795745924,0.0011641996870701908,0.8821520220942498,0.809022120060054,1.524994608208467e-05,9.382055371923572,0.004139286955983731,0.005405090924042074,2.1741997842909364,8.46371855188321,0.0006319542545560375,0.059825065898326944,1.1139808695065536,0.10434053548168794,1.151527164114362,0.3171398978812646,38.787760360191974,0.07400951846013709,0.0011336660387903917,1.8250588264787275e-05,1.4645298855856117,0.3584512809490416,0.0041814189430780645
119.92856217278295,1.3174121335715825,2.4810277301447003,0.11212464824573558,0.9947507841426024,3.128927050406166,0.2029645505425704,15.543044504057095,4.768825899788117,0.0018090487486365676,0.020136875745716085,7.411704020522965,0.0008377808847960395,0.9988119347788916,0.9387679310228914,2.7328304445907273e-05,11.34998295235726,0.00876627759843172,1.3520079182960008e-05,1.9539839337236593,10.122161687075334,0.18980593241886815,0.014563061783892437,1.4204161290024764,0.2616087576023321,1.4218141795357708,0.27432561243665776,49.10690792231018,0.0009759997195768846,0.0008386525426323806,2.6264263311469757e-05,1.4746875781427555,4.405464290246771,0.001047201036953571
151.5818362361181,1.380403230362592,4.176759915702537,0.0484732895032996,5.992483900787498,3.7883241000012537,0.6082443151401037,19.726246323347745,0.9617487376853027,0.01423747234688617,0.02827915699525307,9.346538716302819,0.0005672449206379375,1.0356292914290608,0.41341244446051933,5.549630933771704e-05,16.387198105927418,0.0017681361130003808,0.004649688783808591,2.895454613470908,16.542417199966636,0.05328822513712765,0.45702738019194566,0.267376391097676,0.02200019836634541,1.118242339330282,2.8366746070762248,60.76908410043347,0.043463847726597324,0.0005518459584811215,6.309372815650117e-05,1.9739343265817124,0.6839154224833168,0.003323078450177633
154.15066572664122,1.0781045461026126,1.8583493002905676,1.2164118532884947,5.227866385368519,4.2467781982513895,1.495348040424098,17.760986684986776,6.324062977421101,0.7311761338554617,0.037497543460427635,12.885545421053713,0.0011677478996271256,1.9667588287303375,0.9464577297357056,0.0005690378524096419,11.851970080242747,0.00037068725553635897,0.02429762250746885,2.70262924869166,16.306452025854508,2.0992457998644323,0.170209201401005,0.6871746564437377,0.13896675796437827,1.3193371040196542,2.031084341730474,59.239743227004844,0.16021603430517145,0.001170762667895297,0.000588966972250253,1.6232393844175335,0.006822741078962892,0.01006665549772019
170.279358775258,1.6457298018045114,0.7243937286570952,0.44478394444161806,4.204077872023555,4.477495240990113,0.8179228381585526,20.406811403666648,9.440497723494612,0.7023796201667547,0.007140660179185248,14.831558771290531,0.002723190245257536,1.9341692271222568,1.8571722319451494,0.00030414958567976497,13.467383100259196,0.0016379542260642208,0.02375853903120966,3.6415676091316422,19.57846168985368,0.12657715235262224,0.023344416966687553,2.4938340079006136,0.001397260219453185,1.4455555144857855,1.4267952809006414,62.98676230968827,0.04648639864841555,0.002696053550632885,0.000297170867818944,1.9081353192362545,1.599777182157906,0.007731412009594228
206.19067688622562,2.3190965459075525,4.0337984931048005,0.003003982576326203,4.367004770191544,4.531318061363428,0.16436170373177628,23.279800046198712,6.88196831632071,1.3442450923452083,0.006960919213918538,23.636789812754262,0.006853402792170206,2.504743699694294,2.3563008906687593,0.00031830096265849,15.37547812385737,0.0018952049240209628,0.03666226375546914,4.082117346804557,23.679086040579413,0.0023827211800237337,0.18286443910957034,1.8317936906896137,0.008475989538091087,1.9867082978433113,1.5764028419151013,73.91482212814445,0.01921926722600329,0.006768877805143001,0.00033830353419065935,2.892255886058222,5.14157043874191,0.015270986693064268
219.8088097115715,2.3810885414229106,4.294716423348507,0.0005653022187284498,4.330759607593741,5.02418260104736,0.6989777505193304,29.393404294788642,5.203254503916053,0.4605170206594227,0.029065849718532166,20.154570051077933,0.002250994676950927,1.6490064936631483,1.1432571055719114,0.00023470429879288894,19.894713512580715,0.002028354356035401,0.018193837619518594,4.9838939606335755,30.965917736190818,0.3994063774426119,0.8490780177572984,0.16223968211862938,0.07911066818673035,2.047506326572403,1.7027139285078468,79.31751594086501,0.0304561436606471,0.002253771583070075,0.00023807138071579607,3.5953878191593924,0.979788680016966,0.012515638417542755
129.2571562867879,1.110049112558853,1.1644133813581894,0.4226553193044395,2.0239212769630095,2.5414331533680463,0.17169002398624347,11.087908959016264,1.4437244033715249,0.19525229115547216,0.037077086510128775,17.764838126851902,0.002849076267285709,0.7047619971621183,0.6522792817529779,0.0006794119145782689,13.084560759231083,0.00014416075652504134,0.13103356963220547,4.154638521073732,11.182835209636503,0.4757203318820879,3.2503747777384246,0.0021862100703686177,0.016309003379465337,1.117378331837948,0.8858246203020503,52.488923545798585,0.0997232485273321,0.002892675221747387,0.0006925647900864914,1.9819814060483743,1.0249127168777923,0.033491732442553074
17.223448032767458,0.000798991753568698,0.16587328041981256,0.12067724154519108,0.5642014198435628,3.2853039371086397e-07,0.0003083223473182653,0.0485174783697392,0.009604217386676233,0.006804863989383907,0.0010646604168787761,6.359008084540211,0.002456756373565635,0.177386346797129,0.08303104493630369,0.002206943590322201,0.027732896309900987,0.0022013955812495694,0.6777160155627712,0.5022823193028115,0.27090363260054257,1.7868261519664863,3.82045755164547,0.401046628172432,0.015337299154050864,0.004547840648671386,0.31823534046933044,1.2139715668359685,0.10086240868763091,0.0024278749875878526,0.0021860720777421637,0.36135106758494584,0.08669343813251848,0.08672855220728984
5.566247581702514,0.00245560330222516,1.2618980668307263,0.07398157140335608,0.0018823851069988734,0.002776424641596794,0.005376341342032962,0.005650835087383226,0.8893541049962826,0.03422178554841762,0.0031793013242859456,0.3481189516331235,0.0003548603718036499,0.003942911748239105,0.12285311783095591,0.0002414234036648311,0.027588177013420898,0.006980305845566669,0.33450297967701365,0.44561598235892447,0.3617693360107874,1.1763889863178323,0.12940288890956989,0.07197020394542075,0.030824319091527788,0.0004067907962800575,0.012158181324313433,0.032533490836250296,0.0035254616969504,0.0003381756677630793,0.0002269630194771906,0.13473686603799717,0.010471158111934477,0.030519630470391176
3.787381592545947,0.02593489694625825,0.5580391957576564,0.002189381277151782,0.17998808327619875,0.001507767742002507,0.0027509637222726956,0.07097328860428628,0.10393329675150288,0.36021302317957443,0.15112000221223884,0.0014745674822178284,3.5631274310370965e-07,0.04236392991818089,0.0023531283805113845,2.0546314763969202e-05,0.24767777659313112,0.0174010310281302,0.03613526911613178,0.2744791966493892,0.4342404416245849,0.05837512558539952,1.0292721176596195e-05,0.35584790043299724,0.09274704181340047,0.030004242728615536,0.10494810217225159,9.910402589078097e-06,0.25593918875414773,2.931607294452901e-07,2.1514834080923965e-05,0.07049108861486583,0.29497823863017886,0.011212509806586696
9.297936980908284,0.12544497662415122,0.19704817404509942,0.37035197387388263,0.8056584037800334,0.04684453050509305,0.025233881209582965,0.5509517385675003,0.000946418070077573,0.6212122316968295,0.04961071196572303,0.5180910832495248,0.00041996833123425395,0.6182288546693073,0.02277577904314246,0.0005969607625848785,1.841078473984072,0.028604415881692137,0.20772742027577387,0.06767516221921979,0.33455066305161846,0.4597542397794112,0.049284520669360274,0.0003849006292658709,0.1425728156840425,0.09666832225301437,0.38394251611776675,0.5768996674052673,0.003872123437125409,0.0004117312651991598,0.0005913919261000669,0.2633750758089448,0.886822348446361,0.0003055056802823879
10.418506024199301,0.00521702282011026,0.06300040383526011,0.6395895969928725,0.28009991499130693,0.20572088393232407,0.3406618743868542,0.09930864252129301,1.3189944698864147,0.14457444614960369,0.002809918207976582,0.7373644017346765,0.0002460074576782627,0.07560884371220064,0.04385732332542469,0.0001489535703898119,0.5229367766841257,0.024953671546492445,0.1197708639984002,0.0011072145696293327,0.6173489734483526,0.3099167402385055,1.1099117945907957,0.032301709668294536,2.4730340019347286,0.009793065190735917,0.0689852249103188,0.25439929254875776,0.001012228562356169,0.00024239687497470012,0.00014346366973919285,0.00011810173661250232,0.9151462912045488,0.0001815092975481675
6.264270060916397,0.09125953381457128,0.01396814765613738,0.014158309574937399,1.8219718774689033,0.028073526285524213,3.191137273132804e-05,0.16716698759744508,1.469325820556637,0.12306996235048516,0.01426452358175072,0.021992117298357795,5.547134596419014e-05,0.13439658095868925,0.013415895425211644,0.00012429335954797997,0.4279196544116999,0.011196949772067326,0.1470956007271055,0.0008769625111788318,0.03475540180812388,0.01663980891437379,0.04850751052269822,0.01245139762716677,0.01480786181898778,0.050507137713783304,1.115962509096949,0.2987700531963132,0.001902327220028166,5.840416136591489e-05,0.0001313701784787065,0.042019405237781186,0.12649303270864887,0.0008997146427522595
6.553095621540016,0.05210621852016112,0.11635863766805574,0.004592723733428343,0.9635362991440004,0.019322460196632724,0.31164915124435294,0.01842809872231988,0.8836162160118493,0.36195821053933885,0.04512571985547654,0.39361682645082274,0.00113415498213235,0.0008354805806128616,0.20986461646321755,3.0764849952808077e-07,0.012639421967426527,0.005252065675598503,0.011236520599558035,0.008520824216151789,0.13802061292920084,0.7976023778521023,0.044296780581849965,0.10857136780130122,0.025755093227615718,0.039288415110005886,0.6255631056754494,0.08655623863454993,0.10708472603782303,0.0011592701473343587,1.1003521689775189e-07,0.04193438357350645,1.1118471210979297,0.005622064616494964
6.787167337024902,0.011748001767342227,0.9951113415422594,0.749106386455139,0.09328690766928287,0.0007191629955803823,0.0003847497791887817,0.09977490182345021,0.12365784587648515,0.16190520505421072,0.05916445954891255,0.8492059667265718,0.0008555549301913404,0.08432241226221805,0.10574406615643137,0.00031468086743533836,0.20326699960945674,3.941499124736015e-05,0.10750513013272055,0.0408018928242077,0.04425886695338429,0.37978199631314885,0.27254098094108914,0.3389872230964403,2.001925465859629,0.00951850006250718,0.03078994348827161,6.731916972664788e-05,0.00161775977616244,0.0008574669049040836,0.00031441579648267714,0.0010468033974936311,3.3648225308368265e-07,0.018545177771077434
7.738629030721454,0.004355041021434577,0.29082153745745626,2.034443211468868,0.0027169695761113484,0.0002050019883489816,0.014146043015332973,0.019259639518627622,0.9888190471458834,1.7681913090817218,0.0804747776987515,0.8978859467185429,0.0017161135515433449,0.045328615613673656,0.19468920451627827,0.0006296605800244279,0.08033817101484923,0.0003332393879221836,0.051459804147536946,0.01539050983720183,0.01752433039169844,0.17764818324978815,5.9026633718374625e-05,0.09734123259402827,0.5924268797815154,0.004567114861205147,0.014270622619100639,0.008402332476168638,0.015797194188204737,0.0017479950180993797,0.0006219761255324274,0.07802272844948725,0.22054129650903956,0.018454274483758994
5.475160232908282,7.443702601888296e-05,0.016201514588032862,0.06633732360457575,0.21502802034026314,0.05399550608651167,0.08461027320393315,0.0008657697929742289,1.9829629457848938,0.6453153222204946,0.039655779857248864,0.2886893637602277,0.0008080239238617221,0.019293254074882284,0.2603491111282572,0.0003529668571480218,0.002583421663243091,0.0026705307910436325,0.0767465226099032,0.0913929814835766,0.28004368126346424,0.029659819854212975,0.08506599692777325,0.04411182843426807,0.6945804768447226,0.006476172884963297,0.03940803331605193,0.17612619059548373,0.00018321996884402514,0.0008205988796164671,0.0003591793209978668,0.020618248917594627,0.23670452814173895,0.013069188761459738
4.302853756672072,0.009395641808811877,0.004544717022470793,1.5584149115224395,0.07830748414327014,0.03932227472172974,0.04690298099460671,0.04129645470521411,0.10782825440796483,0.005107001363234299,0.0773925521278345,0.002117949601796314,3.6094854215476643e-05,0.00019867078758981966,0.0009996556562893784,9.760295091085112e-06,0.1907483811156095,0.005859638713216198,0.04090502659686282,0.10892989021111302,0.16972152684332178,0.08062129407357267,0.023760799707841073,0.010515847344606933,1.1649425285146395,0.005754568014914849,0.03219740004410438,0.4047021876969442,0.07464864461591283,3.875400931484391e-05,1.1155822246831268e-05,0.008258845696548304,0.00416876621302742,0.005194097425716437
5.874815554173127,0.047341571523610314,0.30833119853934177,0.24255669366850244,0.15445679043189664,0.000815549252422329,0.3342720230747117,0.10642220791697553,0.00975113412753603,1.875575449689465,0.07451084687890201,0.030897643935379405,0.0010305727370631575,0.029322093704141152,0.09040453599237983,2.111651333039192e-05,0.18247439504591434,0.010639207114583011,1.771189134460867e-05,0.11519532246935418,0.03537418593179993,1.563329077178301,0.10501470063561191,0.0684827259385503,0.0069940886363665045,0.08161165556039522,0.08419928889083224,0.15192677187165432,0.029152496923573277,0.000991216820591802,2.2428031106577664e-05,0.1227327563350244,0.006991983258209416,0.003956113654256119
2.1628204906633495,0.03284481821768091,0.023916846094816997,0.023930343663977838,0.10613209657752826,0.031673743775284015,0.01584371143599313,0.10045410111557221,0.09503042277862167,0.001462909352630202,0.04320019269534892,0.01962508235507485,4.826075701550555e-05,0.003043750086308749,0.01262581328299292,5.191936322357603e-06,0.29205624389104134,0.0064709315046151275,0.027976046868604502,0.18851186071789744,0.32896952054063355,0.110616260164659,0.027287799550693926,0.0024315621872702357,0.013619982351227227,0.002257204206611495,0.06959440004597277,0.47132451442182427,0.030608778643113135,5.21195389941966e-05,6.144580591069087e-06,0.005686191176215946,0.07070504338616235,0.004808602762053363
6.938527886516015,0.11075701323452461,0.758900249725273,0.014873254132223322,0.6319558209285329,0.009255212506476018,0.2887367547968433,0.2607651606223732,0.21529007912006592,1.0649058828105706,0.0011931266677363006,0.04252258196981983,0.0007045365475829539,0.021647938131488707,0.09213359749416684,3.532724180046262e-05,0.3717568051866515,0.009377563855662348,0.00492271466273988,0.32662018522957875,0.01380464260281342,1.0665041785012777,0.09088181046076317,0.13215799695898295,0.13089842799619308,0.10037011472203713,0.3621053461287715,0.5923355761393778,0.013144162364872335,0.0007168590430809632,3.423092172608915e-05,0.06969117368626057,0.1368574417921841,0.0026721203335640905
4.429382877939989,0.05937639345303214,0.2988503666286618,0.04595364746626353,0.9783470616913507,0.00021515379411533587,0.12156226787106707,0.1109941941632445,0.34156871812228917,0.306963939969394,0.004378630069286282,0.31735640950790894,0.00037661063034612023,0.007372520266852321,0.03604074534690342,1.4912258685781144e-06,0.04954849226522672,0.0040521975496010335,0.041278923721258375,0.1828960352492579,0.06499036558726824,0.13869236055211223,0.026488176700546314,0.009391579780146899,0.36099503725484194,0.06261732373232454,0.5599760306500745,0.13953996923212647,0.0019882806700197886,0.00036166079881244005,2.4852429515783947e-06,0.09591818522135513,0.05427498761541349,0.007012635910067554
4.021479901459968,0.008209205928299332,0.1170119497856479,0.012807929317385109,0.00011492927434456707,0.045269043481774386,0.0007684695672770945,0.24500677297615173,0.1991410910930319,0.3575369968366661,1.485228669350941e-05,2.2961364522115196e-05,6.230989302793997e-05,0.033701345063865885,0.02711424370893037,1.4958088277677689e-05,0.45671683144313313,0.0034487255896998364,0.008031208935467556,0.1079172795283478,0.0007133809745307775,0.03263310345414963,0.07780999467545742,0.0008622669537465255,0.17261485291682357,0.038328191276572714,0.0025742152784654056,1.0975812039857267,0.002805037218934102,5.513987434200404e-05,1.0867863122659634e-05,0.10611311275919512,0.8644232163565866,0.0020442137097714205
6.4062558855885,0.017537768488538698,1.348545874572707,0.0002813754812950462,0.20892884031986866,0.03578208225716145,0.0040146503516390935,0.020085081906427202,0.1716465178049592,0.5417865072156505,0.051007108600534416,1.4692878264171212,0.0015175146600739404,0.04050476232169929,0.125596951406464,0.00035730726938358544,0.01407265582736819,0.0002797356273664582,0.1160683209811133,0.2619911051969139,0.20964014709016834,0.013814984702173893,0.06383931052462229,0.3899907467094887,0.11202580962270751,0.02801372596747367,0.08238350703351978,1.0320716992837324,0.008305666382945996,0.0015098953274273494,0.00036841547972210734,0.017852766333150773,0.0023308486390001375,0.014816375786081401
9.103173340655882,0.002301041262214025,0.008784368975819135,0.7211900586694581,0.7935980214921116,0.0055753008765617625,0.08029770024991884,0.4667963289226889,0.1586992584300349,1.90548913345714,0.008106008461027688,4.120794928383734e-05,0.0016572743510978748,0.08182226394077882,0.31912006350013455,5.5682062690844574e-05,0.4833288114001914,0.001884015856324921,0.039342315443072394,0.16735546612061902,0.07696656865351682,0.4498329464613024,1.329772622703009,0.7547139012929689,0.023729930820039515,0.022448745806696386,0.3222899943526393,0.5824931981214142,0.059148861852010695,0.001649169387409956,5.1349218232571214e-05,0.08452011985211103,0.14644089377434005,0.003670716939020924
4.662208823435933,0.058075373286734615,0.13416856901559163,0.2850032110113111,0.16331221641328905,0.0025475663845782553,0.1306510352875691,0.21537208387407475,0.02454820760785182,0.6613538478927914,0.025602468993355932,0.6982632273596313,0.0006437182587391812,0.01459134919914113,0.06484987146945394,6.552763736593876e-08,0.0417492849448917,0.003372786841400657,0.04733887148341091,0.14889613196050697,0.16813619385276377,0.3287190382350466,0.06303883793211043,0.7067606788182464,0.022555407230582768,0.05263044129108524,0.09379949136787709,0.2809031902553949,0.007157194520766701,0.0006252255530876709,2.432363655615011e-08,0.14329258962338615,0.06726359483324347,0.006987028786745452
11.984621610473031,0.003586521667206498,1.170407708319287,0.0005568372336829723,0.9426589282659851,0.1421836609968806,0.5496841961745491,0.0536441453039033,0.03259319376034854,1.6949957391894819,0.0010287907560997131,0.042145980752258734,0.0006954684044892032,0.11043021308278438,0.07622971062357237,1.814796740262863e-05,0.11009393952306769,0.0017345023571196086,0.15264117461360704,0.005628270994515918,0.15466508142722102,4.331563444702312,0.062263572572276604,0.22074254193678788,0.09164049331180225,0.0006871264949881887,0.4994964914375433,1.4909171524241676,0.01811731371525138,0.0007100939584975341,1.935263517137003e-05,0.00204229604251024,0.016943298010484296,0.003856221817776123
9.62856182710076,0.006267269062940949,0.14359127128739635,0.02321366310924791,0.3342113916792211,0.007680448702388024,0.10155569087388444,0.017866823634316988,0.21859500324061956,0.0003199670292264855,0.024592535934885498,1.7997578313606104,0.002310098281842053,0.18184270732004515,0.3552004359406866,0.0002685454680173277,0.0004117724923971788,4.097764975100353e-05,0.057660837873490293,0.06885097948617921,0.20514101317155975,1.5626942899836926,0.04121871136742644,0.0017416791612743087,0.3090448031593252,0.011456804596391163,0.12500248446974047,0.5728458534824563,0.09302646531709849,0.00229782050717652,0.00025753508953099057,0.030333258298154586,3.3168134786473975,0.012449379422389637
8.587192454349397,0.057687336521942745,0.08795872264917905,0.05908949726530619,0.8980422048794682,0.041158002845402435,0.15677497504182256,0.5861992672520892,0.05351441460127458,1.3133961700162557,0.0025271819348838685,0.0029733828373928305,0.0016784116945866955,0.017197851957218506,0.17205857916975884,0.00012584632816537792,0.5866868791806442,0.006304872282892167,0.03288471970553538,0.12449982469278435,0.2981910966253361,1.9835898978797817,0.3574839629767774,0.04052229336953902,0.21663048953153374,0.02443925050153484,0.4535099516756697,0.7880220249418285,0.018049686081096573,0.0016772838850540263,0.00012295791659807764,0.06827431847444661,0.13378261459438723,0.002138485039211141
9.802453813494967,0.10894246320208609,0.48121441803934895,0.2787751076535486,1.0458635861967005,0.00242556930234575,0.2581551863020338,0.7105239267184784,1.389319155375593,0.07634180768570858,0.018017488187846802,0.1468357545552639,0.00011089540583789878,0.05102905064047873,0.13420908511355237,0.0002507587347613312,0.5769815111496367,0.0045718114548735575,0.0032021817739041527,0.2736408130894007,0.041705168388397426,0.3165160586090454,0.8290708869662186,0.41285965690162546,1.4100601393935115,0.07144327281491356,0.35926272287370886,0.5271953210123941,0.029721474923546362,0.00011887238201198008,0.0002497322267812152,0.2296561149346816,0.011601619101293778,0.0025822023854373388
5.372024809470314,0.054618102337539345,0.42444953422254394,0.035294298366354115,0.13340659381013723,0.10577093478886686,0.006586811860138541,0.5604005030010372,0.699190501635458,0.020791714554479108,0.031089049321290096,0.0014889259051713666,1.517618582220431e-05,0.005326970853176758,0.034090063911863186,0.00017590655557112706,0.20443285770606098,0.009693391341696776,0.00680405299057714,0.10923523135934247,0.27772156191834346,0.5553721845214926,0.31760588064482953,0.24740134701372046,0.02393330105636337,0.09676704920959905,0.11862074224011131,0.9835415332267383,0.0019255468842463493,1.4910555758785866e-05,0.00016849128541602377,0.0012019229487655718,0.30488811880174227,1.5984560602085525e-06
10.185265324137472,0.052587074161666136,0.2813907525194343,1.4329439061187992,0.37555338492210993,0.1263726420284796,0.0060303202576129445,0.7110030383730236,0.008217879377795936,0.5371283281988007,0.00597283653735434,0.30026600283941496,1.2854080030121753e-05,0.01311353367399565,0.00786549889108715,1.2060144408077626e-05,0.7011310812806131,0.001237383996767127,0.02195853342203405,0.1051362838219615,0.4578981603362859,0.11930644773154618,0.006632605137118922,0.3833963407463148,1.845574333483795,0.041154601985371096,0.21246403291041574,2.1695427829710305,0.006112017882985548,1.5322723098768627e-05,8.700850668602094e-06,0.09554693845009893,0.15796975124881607,0.0017098930345363526
11.736632619686718,0.018526988270640952,0.9127819694325737,0.03691503049408782,0.8273421284354141,0.08387074044025139,0.009369113525111635,0.711604439776788,0.37536680884035645,0.32397239808511075,0.0031790945078447597,0.8187872453197981,4.0903900025579094e-05,0.011071573522320606,0.004066122597300721,0.00011316597077880911,0.5113156836204455,0.00010830608374381687,0.007775139942580356,0.3937090467341586,0.6706528851684954,0.15369112183696645,0.6429469562380581,1.6580568459591354,0.020910644248058306,0.012654904882436365,0.5161978026549041,2.7846636373208837,0.0003328014096353693,4.5590477761144315e-05,0.00011911560108954851,0.013149398458312754,0.20458592444202386,0.008709091489626175
12.653195898662217,0.07211180702849995,0.15378927217328806,1.120745696945204,0.003407954704766468,0.08520798930121734,0.027576932316312218,1.0553528344924787,0.1482055212771547,0.5005284058689943,0.040581510767683265,1.6786737568764423,0.0006435625597420917,0.006482792727048039,0.0657899705748241,0.00016532440705099857,0.465823195072733,0.0003736006863793447,4.486209551048908e-06,0.27543062584620687,0.6134835845341374,0.5420226278019175,0.29328213273446563,0.0337509583083208,1.8585672241863929,0.143842782568158,0.0028964036061518246,3.1336014288663185,0.044133166364235844,0.0006544666355895406,0.00016794980858843373,0.25619330715347904,0.01924109587190904,0.01046353038697666
10.858893378796692,0.08704386126427256,0.35416434881067327,0.27427282699887945,0.048170727858819255,0.2726525936629143,0.03870242291398074,0.9600593497975155,2.1240442635109718,0.9794806382825277,0.08416332903869643,0.2752513144093609,0.0005408741767864147,0.05419152154937491,0.27273023302140803,4.9820754149931415e-05,0.4758680572988644,0.0033139980308827983,0.010416059060936449,0.36963959106579813,0.5855556732126914,0.008347324114273328,0.27149827906850227,0.0001485657356391926,0.0053320425667586005,0.09664438550608317,0.000741805664404228,2.963277441174072,0.13520606221769524,0.0005576154961432413,5.0628463811120326e-05,0.040277897479491974,0.06459604297017146,0.00190378362014118
17.093003434914,0.17345456639391374,1.1221695906432525,0.18836801569778522,1.4262764298523443,0.2540699553622307,0.0649795455126116,0.7143203708171414,0.0018118863839868924,2.50253238831678,0.0021729260866977878,2.0181820967618944,0.0028260879244617633,0.17140796407332853,0.32118064529583884,9.275950204823985e-05,0.5748434688396501,0.0014366516907656026,0.013491557725269209,0.26881670679117137,0.6843349080732801,0.41577027177293163,0.03190867398426499,0.010701685351020132,0.296633543384517,0.09068753796358175,0.6974942582831257,4.784048515182373,0.0018389043380107103,0.0028161895075653237,9.998711855868729e-05,0.1605592687239403,0.08825607927718004,0.005419998282479932
17.442480851412327,0.1182571921270016,0.020378839999226527,1.1153362820558463,0.48198570798968987,0.4400955392430139,0.14094915755505635,1.0246335240571798,2.7905938213771373,0.1140343543300559,0.029093896603065432,1.447492479871273,0.0007284396902379341,0.13116310686329366,0.4236951345772781,0.0003334954398698009,1.0011684012437034,0.0003294714237233203,0.00709232255391032,0.20263543459028524,0.8646631725095615,0.309100113998136,0.0024632855060538173,0.002793940976029557,0.03956696145496691,0.046067156477522506,0.12606490673438583,6.113429016236748,0.0004844148552963998,0.0007348941195429976,0.00035876238969352684,0.23005582694087104,0.20926995276799187,0.007431844854678533
14.330300107919355,0.05102332192327158,0.7858022431561908,0.03004850876198177,2.1493508747487993,0.20676133667875643,0.010653622495124644,0.8803824672854085,0.28737391963329256,0.4929640623071503,0.005544377752075037,1.501118257925631,0.0006915434982099041,0.21851698204501388,0.024460606861120875,0.00020943991545724938,0.5466352930641293,0.00011326359831845175,0.03055974747093921,0.26927203843720715,0.7483291692701329,0.010575518280385693,0.16895408576887982,0.276847907349786,0.026515334919384962,0.031929742015028656,1.201667771528878,4.1968184074261945,0.00420315033503486,0.0006614277300747348,0.0002036179150372963,0.09898649057471647,0.0650688390737789,0.008056738173964652
21.13891177593191,0.17830435607852999,0.010976093266773276,0.2784320920389356,0.2825768071392025,0.6909975677470631,0.38665192831689316,1.6253180344828064,1.9259480211589026,0.006297664182661583,0.0002007427482941686,1.2245511130011355,3.445296547460755e-06,0.09930318978139524,0.13494707756360794,3.5706263418605254e-05,2.0458912218357868,0.001920036263696897,0.0062922810194833935,0.3828517229436314,1.6085809047281032,0.6327110392551376,0.0026404137759979333,0.4707893726386279,0.01492528000798204,0.14912281103068847,0.07020914812823525,8.73170846166266,0.006263349202300508,3.418593347853642e-06,3.254117277389843e-05,0.16040390255015788,0.00722717248940273,0.0027948595677296344
20.682907084968438,0.2582586814994294,2.21268283716223,0.0012613271315073213,0.0027587291940313085,0.25960253042734727,0.2035464011430115,1.7132792107808716,0.006188315964095362,1.0055987025869502,0.0005097968981604303,2.362997300306869,0.0013472556600459171,0.1611770454581947,0.13693181424876597,4.973775263555674e-06,1.617076379220628,0.0017104587025020695,0.00037989321574040884,0.33535158296065304,0.4673638308020072,0.07357765009925135,0.020537542605443885,0.07064814523927568,0.5610637067501426,0.4218901186991017,0.0014516535394113435,7.675013741094896,0.026721330003824453,0.0013397598759058102,5.791289942036845e-06,0.2882662098238765,0.7926322340843013,0.001732134724756591
27.549374828190885,0.13389251014773076,1.7983031249332728,1.0327151722599786,0.013974118117878251,0.6305035361068854,0.5331974859822481,3.2788534807656644,4.095907698988927,0.006560663649537919,4.7580483492195404e-07,0.33618385721026917,0.0002074149971613214,0.016137405504312047,0.1208151956778948,4.479098304733985e-05,3.6009339080630247,0.0011235168832295162,0.0662908850202247,0.4762065588539019,1.7258182693858335,0.4950800242450824,0.11257160608490661,0.05726610868547489,0.3869861416500639,0.12025406055894348,0.050733621942396355,7.762744122252574,0.004743604543463457,0.00019690434486439154,4.966018564632047e-05,0.3900243330806268,0.2990683043669527,0.001986266914029397
28.656718031104415,0.38394137995443167,1.849750955983563,0.015360043795615168,0.0010422023300311494,0.29026230660040286,0.27990038077569895,3.1100946475550253,0.3458478815179952,1.2404335542824894,0.00025097826728539267,3.0068399169776225,0.000960331022340384,0.09111691648975381,0.02642539336913621,1.7124396993660782e-05,2.6005135859278954,0.0007715044220515905,0.01703611336629063,0.8065690262205818,0.889965088571361,0.2579680143192823,0.3898877293926528,0.003265403741567856,1.5697423926875613,0.4786994777631422,0.002550090972580057,10.375899939513141,0.03452679978773439,0.0009396353442554204,1.4169156102671762e-05,0.3066454931719705,0.27771378862967316,0.0017657647981863505
33.66130715364022,0.5214847653198549,0.20277150513521996,0.02172661724069493,0.08037623287313994,0.8254205478473039,0.00864198160619378,3.3269160826666755,0.9210387416908097,0.3469483151636309,0.00046216090627229693,2.6402184630327308,0.00033378967591301634,0.10479578013803634,0.2930427577681726,4.796362714035971e-05,3.0550667476900566,0.0024652271661235914,0.0021374137815792413,0.6252856143789245,1.8582470772196367,0.007356160397147955,0.009866132454683041,3.6033999598970397,0.03237502722684626,0.32215929536704946,0.014174287464692572,13.723930119090694,0.0059556106479339375,0.00035204763372236725,4.0321759448035535e-05,0.37988467848239316,0.7239502649776572,0.00043546331280780014
30.519161506555616,0.25216020933558914,0.9892822339669318,0.027962255433916013,0.354025710865413,0.6068442624282406,0.03112329295244314,2.697948331340905,1.1651825256887216,0.6332642313977546,0.004855209140485755,4.927250569563495,0.001661626027468937,0.471355597243761,0.32965742845155926,0.00037096848581840455,2.0823685296179097,0.00019587611420339248,0.011138243041791888,0.8331718238540599,1.8516041231761577,0.015336181192709554,0.3615129812258813,0.0026678928578292562,0.00231376728868954,0.2886747335740673,0.1167550856623991,12.101150816234352,0.002053464027319796,0.0016361898358200923,0.00036330842068090495,0.2723725207657241,0.07329897174699214,0.009602545596523812
33.26699702783149,0.3722340459069939,0.2220647306369851,0.369443967911111,0.6622341647438352,0.706765460534519,0.007220384797905701,4.248629118757247,0.10137802362323935,0.0862705643926319,1.668499974440753e-07,1.6056886753616704,8.286869494641002e-06,0.11498066469055129,0.008907147760008432,2.6131336743461794e-05,3.731769691580851,0.003086695439773414,0.007709991824241631,0.8093432912073074,1.8484282790810171,0.0013378765326407767,0.14208268124037815,0.3332065766708677,2.1386575831321526,0.3110988859271928,0.39643197726283147,14.36188397677322,0.014796049034057053,6.981576361641228e-06,2.5660491463631657e-05,0.48028095886806804,0.17981855027068616,0.0011797867454566315
34.33975005685104,0.4835537355105751,0.6596449734540508,0.023182363641164116,0.904270014623559,0.7501375558683545,0.006095535083679181,4.221903764119828,0.0003273730333433418,0.5111454508718709,0.007437008582575122,2.7852521478617303,0.0003583861757333275,0.319817977905497,0.08177177020857797,1.0999341937403198e-06,3.5352330063401833,0.002923978136311883,6.179007845015535e-06,1.042430928652698,2.8613475550076943,0.04228306530558331,0.08612040097075387,0.35899919901247096,0.5479065794954293,0.30715017202682626,0.47189361278028114,13.95689876990149,0.00020881088150537044,0.00036031037382089093,2.0547865449452126e-07,0.2554469695989782,0.11299442716070682,0.002646729845066753
39.93620819165232,0.4066747659027711,0.041476561048168936,0.08433108730694995,0.038485693196546794,0.933846917697077,0.20078721814668996,5.578689434150517,1.555137563499019,0.06342539740136402,4.077559485761122e-05,2.845967848334618,5.103294506623215e-05,0.14773222740472364,0.12882056008020837,7.3116605087348e-05,4.967806121050036,1.811737726882979e-05,0.03231610155113762,1.36723013778379,2.582857361156409,0.2643141442876331,0.7204112629160009,0.007266794914891225,0.3001135511163815,0.2859427530595563,0.004482876388941169,17.00038837326042,0.0002639054261829558,4.846109533219326e-05,7.683555001886158e-05,0.35663101480356485,0.016636241531345332,0.003863939069748705
46.343079852192226,0.3820186108437186,0.050760300958032974,1.6620036985692297,1.247899105596531,1.1699092023552695,0.16995228622132108,6.127344121745706,0.00956869032651031,0.12303370509563309,0.02892900241599286,2.711357014480641,8.100076630400625e-07,0.3333734272424032,0.025197084204707253,4.643985194558202e-05,5.194449577432324,0.0022739893748379486,0.010473115526794842,1.0167598734087184,3.275004920695846,0.1545516912470224,0.4711337002466463,1.137270232001031,0.3406023326382258,0.4007663228557924,0.6671315044125161,19.22495874860867,0.01253345051431958,1.945922571481656e-07,5.143292972565555e-05,0.3744046309433527,0.018282467593866678,0.0010381672549692228
56.812672471424065,0.32148307805624876,0.18381295445035808,1.2375766292288888,3.2007425114292416,1.7359158598671067,1.0283252228135298,6.3377162917033125,0.9130425826776682,0.0017901948175555536,0.004622526743053687,2.732496961312251,2.0257802135856732e-05,0.406473020505909,0.07843670468049853,0.0002284945712143164,5.352237187693674,0.0001412658201252534,0.01436117737078677,0.7112669139667965,3.843762146492521,0.5390871414298998,0.23948456607423546,0.002520259677684268,0.554060619212262,0.21516392777678223,1.4909384016461582,24.989433723905872,0.01242709938547173,1.9702470805226827e-05,0.0002132095203023049,0.423945835435363,0.23703475353308062,0.003891249353273344
59.48650214774485,0.3826575993044119,0.08338611500921032,0.0662643138705749,2.0015292445656514,1.3365675563529278,0.23164798825276578,5.93516878303824,1.095481156157674,0.35585459323582713,0.06340910750923846,8.660718962304893,0.0014400812741507554,0.7714260345416162,0.41235922968734007,0.0005717495848024639,4.347875758837203,0.001011562169804016,0.006467759966493123,1.0612072300007644,4.49557523005966,0.06310981634873053,1.081149503242301,0.19769072622953254,0.009333673507012294,0.40546182672572983,0.8748605878301566,24.64390826353456,0.20524912238599,0.0014615491073176954,0.0005954097089927383,0.5684424977578706,0.11061099946880994,0.014008116174597744
63.639140919332796,0.3516368249960104,0.024677082278470944,1.3036517088637454,1.608967873790187,1.4971681259812373,0.8851184728691343,6.383063495871884,0.6642146881019926,0.12675133955877485,0.002348307158282508,6.413914212193095,1.991135449757853e-05,0.7512851942180625,0.0351563007198433,0.0002630791566945022,4.974777379099689,7.052342155419374e-05,0.006192058374871489,0.8025826020949602,5.048029037571246,2.2342544782055334,1.342251515757776,0.8235665948652698,1.4773312982847275,0.40135995199440727,0.7442825733668674,25.057150329500043,0.002592384479522037,2.1610952921839325e-05,0.00027480151516318254,0.6371959531995394,0.028191706838199517,0.010779502698588368
71.76560654011352,0.8701912327936226,1.0606227693692405,0.5629958339925446,1.6622581393621043,1.9982614638403606,0.13401060956120353,10.023599727382761,0.11220931696388382,0.37827057579730794,0.028185558367468326,3.5105546785494695,8.985557732873347e-05,0.39283689742342864,0.1352181318414283,0.00013924659707583294,8.282522644472106,0.005103088321945025,0.029642846544495012,1.4265844277916624,5.7825695284098915,0.4198084315129755,0.028124120383253157,0.7475063550455991,2.2143286064756974e-06,0.7506420731328166,0.8096094035455971,31.82609067819115,0.0012468866730758665,9.773987406395676e-05,0.00013952009266336143,0.6562425664439083,0.13020334246580173,2.6635464697787515e-05
92.71131025655866,0.5458235192491105,0.34347222922519727,0.025741176880772015,6.466609583589087,2.925103152032547,1.1099103051780452,10.692733110287588,0.818790901321139,0.09665286217599202,0.0013972609457425036,3.640390532106871,3.422326557009942e-05,0.6826980023783671,0.21904102391798583,1.4142376218109345e-05,9.068991968522809,0.0036963581142693282,0.05290628896923258,0.9658364837252239,10.176159356026991,1.8727367208858425,0.007389454142214579,1.4465570135142085,0.002233886458446988,0.7034624685276719,3.0096017660768797,36.89094553468127,0.006484956078751422,2.7781932472457702e-05,1.7388261028296834e-05,0.5715319158861177,0.364263645177353,5.52446476404829e-05
88.48011859592383,1.2432420766107024,1.0236438789757203,0.05922530557596624,0.2729268546663615,1.9625124252572719,0.03224895635040189,11.14498953026818,4.471850341512538,1.6884221113734006,0.0014940907212936392,8.8524023949429,0.00231619246534822,0.7798884287186769,0.9845056749223381,1.9692837790417983e-05,8.028415307694916,0.0009039088051596715,0.06403206401728931,2.2256597501844038,9.085459675259935,0.00399099865570147,0.02569166206031186,1.5093226090527765,0.17621309788371356,1.0720714800640783,0.038305307683733476,32.079501155881765,0.0014433748549234895,0.0023177585707166715,1.6390092515321674e-05,0.7589622896472206,0.886766832444192,0.0013569778715807072
91.46379217393685,0.9445165507504563,0.964629391208673,0.004509002472260372,1.3570731433831638,2.243434649303014,0.2653741226955458,14.39376926042364,0.9466286130194617,0.021598864375842606,0.00027399888434009347,6.191011203739323,0.00012729712595615218,0.4577487079721924,0.21625495755077215,2.4884252276341726e-06,9.820660862196075,0.0013844175891525963,0.0822451377418484,1.8639412347713453,10.307247032351523,0.08589217530928041,0.43006572474471483,0.16322908134993025,0.3383468443800033,0.9509639020257425,0.5933284594476789,37.30915629715072,0.0061194910811330815,0.00012064860578320145,1.8909216698165913e-06,1.0852488645912692,0.4181375601714739,0.0007502981776367036
97.7533818541751,1.04657999298645,1.2389344545714291,1.19556820390946,0.4769331621477395,1.9185357165300723,0.16047811395165215,13.536873383290349,2.143376554624222,0.020486710328793997,0.048982832947941264,11.357961009214174,0.0009741098638039075,1.0600698146282228,0.45727632082527936,4.775704647471703e-05,8.417770967255864,2.56426726516352e-07,0.0065126431317962296,2.377065883403135,11.027299524895186,0.04864131468914133,1.4535677648657108,0.2073473918199746,0.28108670958584275,0.9295717267901047,0.14357179713448245,35.40766970579027,0.03221410622455835,0.0010084136943786638,5.362742801440076e-05,0.9947756773839214,1.7559804849385308,0.0061657218513934825
130.28740679108427,0.7685329213949762,0.21780941554960861,0.0695095512047036,5.128038253715592,3.9762451066596656,2.261524868631845,16.907930453514236,5.460665170258291,0.0003019003052044844,0.0048832844053661615,7.138204874446082,2.024408871312203e-06,0.8432112521179884,0.5288265534499187,0.00025076764974042996,12.750447382027472,9.168323032117389e-05,0.014739212299540902,2.438708170096566,15.083309440945346,0.45395117487178016,0.4244515270009954,0.7677843729204832,0.19811571831819533,0.7847498061405278,2.0591399976879226,50.504491961118575,0.019202904399322342,1.122876899260341e-06,0.00023167419852540796,1.2974609944473752,0.1815785620087353,0.0030146887835957354
143.96802811957386,1.3192564814070007,1.451415452013448,0.04176394587454242,5.91843417179787,3.781694594265569,0.5323702620946521,19.038508739851956,1.1493487045548767,0.3319290858812357,0.10082183306942466,8.458505349496212,0.00036562270258473916,0.8598416058491618,0.5071380569917464,2.5591827058361703e-05,14.387784019300781,0.005103813465001292,0.03647985514771489,2.653606682162789,20.45257762095992,0.9700277837091195,0.0018470454394381888,1.9086516806520144,0.31400840366776034,1.5688991314241054,2.706322649360647,53.18933745715532,0.053551221620834207,0.0003558538527791434,3.000077953171706e-05,1.5105401861229601,0.7174851954878045,2.1587988718424134e-08
159.12054059691366,1.2033440687520074,0.15330770606797,0.33548110047924734,9.956042839409623,3.535956746621388,0.5376447962347612,20.90922703882278,0.012291519050683366,0.1976873016322565,0.10961289859937484,14.167713413087238,0.000872502606462069,1.2744474004371147,0.3521045619275655,0.00014344474993195828,13.850621258613637,2.079699645505155e-05,0.028148244898980164,2.6768830765179232,20.60901748364884,0.004053677116096903,1.6072427771569,0.7247417649428465,0.0011765912901966782,1.0270878694431012,5.098211805545608,58.031965063069,0.17773953190288483,0.0008663031656671035,0.00013756271709161927,2.1572431532488037,0.37222402735042326,0.007282270810764615
162.42239723924476,1.8141216927578514,2.8207014019850742,0.2755287555455575,2.451788401928137,3.3736395078086447,0.2286876853246661,22.033106980436404,2.3149286418951314,0.2576512610291262,0.006416165492712976,16.967463781208025,0.0016056571388428475,1.3845440657454142,0.7149956866016076,5.4024034901753034e-05,13.334990429368794,0.0012357571817799154,0.0005119820763371529,3.706897541861742,22.097273154062123,0.6511284645788554,0.7317137160384172,1.4082743880270712,1.3795300805971997,1.7781252392815068,0.9989443390749759,57.72196808655406,0.0006985707834253897,0.0016111609373167454,5.7437717702823054e-05,1.963686696610033,1.9935504082310307,0.006966077330306484
180.86021366214655,1.4489417181215016,0.265627404247844,0.048085864753745114,9.97884459836849,4.410912780348362,0.6552127756172914,24.442252265278544,1.1842109978418232,1.8022265367914798,0.01737274299078412,14.376076170240498,0.0016127077544860066,1.5776060481207979,0.8525513643173449,3.76462762237001e-05,14.423152425719136,0.003074679736881477,0.005115019973649473,3.642642806434901,27.69706587121652,0.485284734006822,0.14528866846524355,3.697779317331611,0.010281696931517755,1.7391671703548568,4.647440710895406,61.033179491218355,0.024400998681877922,0.0015732143859482715,3.3880304491107086e-05,2.113356307779061,0.12658855027357968,0.003216497367474131
217.5461987789998,2.422205999467599,2.7652351506126864,1.1309107380688888,6.88430615853836,5.352882065452243,0.805111290854109,27.067693237133586,6.038771268328547,0.8741572146186442,0.012915307823000023,18.143404198405143,0.002158492046922714,1.8074732519533632,1.5019468664031987,7.861431182457457e-05,17.374869797154584,0.004281763841351404,0.023139212210882984,3.9758744145373814,32.40631951688178,1.4797816033700637,0.004787029292142369,3.210594225806522,0.7601652185415954,1.946596525951774,2.7442344932776512,74.86263471060266,0.011200170366989842,0.0021317682810288764,8.174331617731295e-05,2.2091571368732215,1.7174618667132489,0.0036377279626396827
224.18439712417018,1.8844976496989831,1.1078224059043742,0.011459513014670932,7.624498380793697,4.817268647162668,1.1723128180498317,31.84185451201575,1.8509395362953944,0.1304910397659221,0.0032339849349976735,19.333121408472028,0.0005269303668525989,1.3962076901423317,0.49515041914145497,0.00016500359662825062,22.53716538767736,0.0005101017963993147,0.09675735994308814,4.880818425630308,41.15878771157752,0.5600610796167439,1.9360634626195254,0.28035266202339265,0.20564731073684636,2.011442434298241,3.5387808339821745,72.14018560790282,0.005112257912801442,0.0005357881916977184,0.00015658149025095288,3.1019382975440153,0.05225275480115531,0.008279127070242852
60.284927847442695,0.33248390509155346,0.24188197398217487,0.6278581294204458,2.1356332165057053,1.1323597750886376,0.14251987372888647,2.519679576197085,2.2742938232505714,1.1225459200320116,0.0655168562654348,10.422324509795104,0.003668239684227812,0.5673200126774791,0.9272375324337628,0.0008504321389349486,4.974949271746713,1.7649188186428293e-05,0.05361131487001636,1.70622850411785,5.194169617200571,0.9875755502266602,1.0397700819969573,0.8521386496151059,1.7613715149500255,0.3882958741951998,0.833892178710701,19.068260271501877,3.118194349419149e-05,0.003661059226900213,0.0008423264323660711,0.6720531117283526,0.19653103539011407,0.035354878109586735
8.85928184265796,4.7126816638928454e-06,0.005129525941465428,0.4175125995923454,0.32673761181142763,2.488431273450428e-07,0.008089424981568862,0.05761883098973246,0.24517329177787925,0.04315672800150169,0.017619098382858134,1.09293466229753,0.001585748665599945,0.04062172058875753,0.21641366293256156,0.0005550382446548852,0.016019251512512475,0.0017405577298004451,0.20891741339874353,0.1286550787550059,0.03091069056074959,2.1964556502743595,0.30836260236108365,0.43482953037564165,1.5973050712214638,0.023375018058718368,0.12662169791060865,0.1048950411534211,0.012586390548085942,0.0015689287945655234,0.0005406632919281219,0.0352227246551271,1.1206690571994011,0.03745356912407058
1.9853434614822247,2.0173085926356638e-05,0.008680266256442243,0.026560357976745396,0.17025703863788844,0.0001696229852228319,0.004344183132364365,0.0024563488336272663,0.0896374613415753,0.00028485614264268336,0.02811572278938044,0.378864132595492,0.00016062038475080486,0.0005229281608089868,0.002686070983135504,6.485738393310495e-05,0.02692529175191541,0.007784060792599573,0.09249031981407178,0.23859472288428285,0.25043262879828326,0.16720363324869902,0.19980877845442568,0.009423148446722847,0.003432808246235331,0.006012347739831988,0.1034827648044571,0.07812098096668683,0.01584852385736436,0.00016562799071183714,6.928410519303661e-05,0.00647702760665237,0.04238925847490774,0.023857612809248037
5.857263412087531,0.0033464877374024564,0.7910038994951556,0.008132555660277081,0.0065183791571944176,0.004628218099362249,0.000641100899412062,0.24228448283617512,0.012435700188421444,0.0634925520119376,2.3739060673148486e-05,1.0230719334157814,0.0002961525489380289,0.25704431147632884,0.003724057894470016,0.00010441791433995215,0.5050960851490538,0.021403462666510924,0.08614515752939998,0.04174956644715778,0.154901467536845,1.7362937868365427,0.10225231517571738,0.2741764339295149,0.06801398566648159,0.01286872570135451,0.0024931402522588215,0.0037088849851542906,0.005068285360087243,0.00029025491406996164,0.00010165815160386944,0.05223032780551605,0.3707679432470565,0.002953942337335642
6.172927284048937,0.0001886278206465133,0.43417205627364525,0.19995203668469452,0.33221586287023286,0.12077850915120081,0.2537967766206988,0.1584659038174699,0.027204302459346092,0.2686071037750343,0.008346232323362434,1.363429585222278,0.0017014595262538274,0.09393669345312626,0.02527835364835236,0.0003320689618443488,0.7787502169096483,0.02493730500387549,0.23964728891964382,0.07486663355259104,0.24158796716445227,0.15605417760036716,0.5822255345853091,0.11032900230734144,0.0813607244620393,0.00389668905815223,0.16055430595156556,0.2674751026180533,0.02687269747239463,0.0016581363434110018,0.0003312134326845448,0.0012690897802493575,0.1327041665678233,1.459711148140305e-06
8.826108065373534,0.0004612310067223893,0.9063238340709753,0.18811214827689535,1.8787988934940538,0.14143264809378012,0.10702958551255068,0.06363624763180213,0.46683092162148704,0.00024813220822900026,0.016335732291245606,0.6007255878863876,0.000675806826016519,0.02914960914773485,0.01410328444135032,0.00025395582575918156,0.366977560057983,0.018465805406155847,0.13956395217716447,0.08182977394257118,0.05017807521130472,0.06902791646846121,0.5568229831719537,1.2085035065553675,0.11422441127241459,0.00042641586532633205,1.0622151454297146,0.681241320457261,0.022541825904478938,0.0006998865185689404,0.00024027320646186843,0.0012316264975258165,0.03777335423810693,2.661465772433825e-05
7.794541124328142,0.0332232453112907,0.2383013144471205,0.8069207499338278,0.4573427121933903,0.06072373060348709,0.010123053745871113,0.00471201098991136,0.061057586466003434,0.9863125846054255,0.00905193648637022,0.00023076214892088726,4.591247437287503e-05,0.00939321308382826,0.029430834596015427,8.280642274207201e-05,0.0905487605281682,0.01148021399611146,0.03469176948054646,0.012116483704536786,0.0009179387671689657,0.04337556531470904,0.601166559642242,2.7340445074684427,0.7482511002892672,0.012366339468276638,0.24129273360810927,0.4963331529002797,0.0019349705794791173,4.2385705120223964e-05,8.360188245744092e-05,0.05788076636546753,0.00045627552284479135,0.0006055455963361636
4.433110867419857,0.01368481731874325,0.4107280423149419,0.2706605284141899,0.7348331021890927,0.042263788221311036,0.08825296915941279,0.027677812509301607,0.035574413876091976,0.05575940404585696,0.0006311571945099073,0.23628223482127542,6.667134292985415e-05,0.04074901923034823,0.039295169229116314,9.640839700032934e-05,4.0436587998932405e-05,0.0006923848581381085,0.004232476073597532,0.06449746464950985,0.017250698651602864,0.027549556421724693,0.04034507171592753,0.1339893883559972,1.2722293767443318,0.00814469785845479,0.3426306507280731,0.4366218995328915,0.031029700787663195,6.205056561023889e-05,0.00010619655018513992,1.7670895843074222e-07,0.04943546014730431,0.007697642217765148
12.521432747097894,0.0014560789878635906,0.06852595792207573,2.032124423489015,1.7766659676531478,0.01180683010021382,0.010229865491574097,0.18461295769148992,0.24993056159447363,1.1077335689418144,0.002049727818371047,2.689292218952887,0.003564054245791506,0.2643694979567649,0.4622971090466979,0.001228753197826623,0.12522700556372404,0.0002869048639556775,0.04650138910229534,0.05743350280398378,0.014730982019803007,1.2536941447933077,0.026178943923757567,0.24749693806676215,0.11860480873507787,0.002882754900511929,0.8012595249481989,0.45827217643812634,0.09479283439016922,0.0035928984512981284,0.0012390204586450613,0.007307091737761724,0.36671446968436666,0.029329783126139687
4.668337512068888,0.0061320272901827354,0.009883969428032895,0.2785159778035843,0.009123688434723855,0.0014745480640003831,0.13488214926878164,0.011000467387307807,0.4689509831063124,0.8692225057396971,0.0028120344644695125,0.18363576448399835,0.0012795365882246436,0.004075653659929074,0.2845815855644638,9.537610168391713e-06,0.003545903034928036,0.0029795153564614904,0.03112102884750794,0.019906949138372307,0.016476810535098252,0.8308119289831433,0.3940121347996399,0.36251340459500897,0.01781355059351986,0.025421607425805088,5.972793445271351e-05,0.010298098382222003,0.0009906982209338716,0.0012930457153793476,9.16386126975529e-06,0.014997215267648932,0.6662563882001805,0.0042499122834389206
7.833359584811998,0.03403457746499764,1.2587935169268707,0.0775847666144966,0.4999691452831011,0.026802374642116857,0.3014912737873718,0.0016676210278935134,0.030265868631821284,1.2798399576028414,0.01739390458719463,0.00045216307967311885,0.0014569480120461406,0.0158788134290884,0.2116878576248467,5.4457103238313024e-05,0.12098539423389014,0.011049848038870535,0.011189019690051153,0.00025831265423453706,6.496220760893714e-05,0.9705860376205206,1.0805702004984716,0.0018920905403451566,0.10894533884986421,0.03606783757828897,0.24530161203379172,0.40491952261077396,0.00991061653902277,0.0014781652921690997,5.8306671061304344e-05,0.009048242481415296,1.063360534904903,0.0003002965491160564
8.835724155792542,0.0005039318634357912,0.4460270309542747,1.6421343314851282,0.34520597583597856,0.060550222488557195,0.11168847617464094,0.03875929534832185,0.21247044334228063,0.10433238796396081,0.11885257029939632,0.42112636384646907,0.0011216713667399406,6.509327589481358e-05,0.0639822063411181,0.00015598074050132306,0.10254756224475509,0.00809075934135223,0.011779416479235557,0.017941138145805932,0.002865562470787367,0.9623197765156054,0.22519841332689086,1.378777754938279,1.8211450286768154,0.0018420657123140495,0.2127277124475163,0.36696766326614305,0.08239709804817645,0.0011167722735122472,0.00015225973673926494,0.022361501756708133,0.0504901837329132,2.750535229364609e-05
6.931207367305652,0.0008879323898329551,0.010799100306185838,0.16845459429650783,0.022349853605448413,8.031802050684501e-05,0.017734915838813287,0.07226301840977659,1.5367022548531402,0.005528389623115458,0.0004252865453625686,1.3185921696937546,0.0015335101056868875,0.2000076178318813,0.3603836724063888,0.00037527303760048346,0.02581651293603742,4.374892467646038e-05,0.0195797012871459,0.004249489506517099,0.010569318457168849,0.8307240237365091,0.043140957937260166,0.09360796730033887,0.09213182878254718,0.004269426354414859,0.05053401737543639,0.10534457813369066,0.0384308980774217,0.0014851950472777615,0.0003827008916110545,0.00026468652210618926,1.881396839499472,0.013117569572017892
8.335642329814595,0.03655429157449744,2.1215006978350006,1.3296984004190344,0.16749495357196925,0.0005599294784078279,0.06985358358607499,0.026809322927605177,1.1120919175374924,0.10305310772229215,0.0133924713323219,0.0654365812674812,9.036097255579287e-05,0.0491026427898275,0.011787764366594311,0.00013703376019115203,0.05231159198325504,0.00595922859133431,0.06715033102747239,0.05387583606609221,0.004280574896920437,1.9564283252555916,0.09989495929163526,0.20710878311044392,0.4576388651457403,0.0025720097299580707,0.12782094252957563,0.03203921948381651,0.05704545666621472,9.350393924789856e-05,0.00014775485222794676,0.004836612019316562,0.09841683212145966,0.00045844396294568055
5.358628013993833,0.005712958390944191,1.4844256775013336,0.04101541455723026,0.000344683045271258,0.000894098966774804,0.05488911315988251,0.00031312382061409225,0.11990173569579164,0.11001627209888233,0.08177149467387893,0.1726418222066004,0.0004680080553615757,0.01605137333570145,0.11547285278546666,3.311542706213998e-05,0.028181034536342155,0.0005202617264456794,0.029543802342763142,0.058661422750888946,0.031157070211169223,1.4890883217477082,0.0023414872462435895,0.950883187070662,1.6378987415106536e-05,0.006251425686272694,0.0024237412913673483,0.0017876489972276858,0.056857382976009944,0.00044714656152488664,2.8725483036302858e-05,0.0016999323687333528,0.4903197730108425,0.004467527278384635
4.086615135114398,0.025094712340343703,0.15025940366656837,0.19701414308785622,0.4196207154603905,4.933520138611503e-07,0.0008194398095279103,0.025686437182421574,0.002777276119083942,0.28773803765416706,0.010439492532395966,0.14409772181162384,0.00014661163571123083,0.010451760877762997,0.03983046664623216,5.178466682156798e-06,0.002886840029780902,0.0021113307325535333,0.06047033096987558,0.04000858210171894,0.0014958009902340985,1.139619217742347,0.1675233626569792,0.1350032955136091,0.8469813112541783,0.005998264331940373,0.20190326833187994,0.12240342526660561,6.584605019399957e-05,0.00015595011209375376,7.53477332816121e-06,0.00010688503491495858,0.04180603809189698,0.004085960487485891
8.253216976215416,0.005174543141753675,0.058847339140567195,2.0862589237812927,0.16719940363125416,0.07254693617253566,0.002076758520960212,0.07987869459615753,0.7535846616486735,0.18071659232939596,0.0014388231484925773,0.10969932006083599,0.00023052478740044066,0.0025376109591266596,0.1826971487915701,1.2139421332820848e-05,0.2207636680401472,0.0052031350883302956,0.00040488168116883103,0.00982700271620983,0.004175685704858225,1.473455435553018,0.7211382451751078,0.10871382562346861,0.7409401443972587,0.009754787909258364,0.047572341395471826,0.7768153694567892,0.0011642175031043056,0.00023927869051369082,1.0667077068437713e-05,0.03973367407098793,0.38972117439337334,0.0006840216079315223
3.9325340673438847,0.018749345348908295,0.029724082585951904,0.20108771761413505,1.0928127592847978,0.06098862005336398,0.22339641241414265,0.035794295282472396,0.007886804009876677,0.0008947631024211841,0.007805227144859152,0.18508374747428355,0.00017080950049584817,0.03479585780417373,0.006838197543486777,1.4722434860937474e-05,0.017231999026443765,0.0030232344249121962,0.0018433753796996135,0.0020278935674921984,0.0010544629708070959,0.36203379431946436,0.11626333764025962,0.1362593653681359,0.00815865765016688,0.003688661899001301,0.5675230028070366,0.23313019421485942,0.001907035972512264,0.00016015609771673285,1.6992663011298416e-05,0.011252600369145436,0.559647697997736,0.0012682433772538513
6.072691415845541,0.003193227526297512,0.7072181610162773,1.3646638759238905,0.38631216499637505,0.05003131548913086,0.13270910354764937,0.006933656525570248,0.005116524806051215,0.14495761363756712,0.0007525426893151445,0.4825414948763081,1.4685300715155792e-05,0.033867137157345094,0.00024349323007235384,0.0002445372442992122,0.04209349854275202,9.41491304579687e-05,0.004336662286708057,0.0004158191883757937,0.004653820150833871,0.0007599567713218793,0.3373360067436772,0.2335990398027787,0.7297596854619978,0.0014662353686800376,0.20358784448077383,1.161485587430825,0.019654708072722765,1.2233445640340235e-05,0.00022658264443037538,0.0058565556200206705,8.138901585724736e-05,0.008472107720822483
4.382881355517554,0.006181398242121743,0.971212516024891,0.23767425152713764,0.039270161786027484,0.023367483233956834,0.003066026090963576,0.017051157802084643,0.41590904834433307,0.08450847030218285,0.039370501168053795,0.2862688631568838,0.000266018911529553,0.16524543181720389,0.08471579032770794,4.149716826432406e-05,0.007037029468509582,0.001253873178383938,0.04681405299571435,0.00027395386336053845,0.004834287762421642,0.37561387194132556,0.07853422868031797,0.02997774746452253,3.5638226812767745e-05,0.002524106967470298,0.0048535396080177096,0.3799085358746098,0.07637089486905342,0.00024971232652150924,4.4357333621055514e-05,0.01154257261591216,0.9853462360751555,0.0035181003624823333
3.016533870889871,0.0026416733725146014,1.0363246777205937,0.005008386511327538,0.06258653878559468,0.002125864858991899,0.005684343674865612,0.08169548397229509,0.23710234050143808,0.1843026594826192,0.006546194781006508,0.09567748578556193,4.768627382005513e-05,0.027699275150564254,0.012823267102878465,1.4395045059804573e-05,0.0001833873934651711,6.743255993649736e-05,0.006470935915451336,0.0011631289485651414,0.0663126953947452,0.11883177207603375,0.3609035627082061,0.2548379885742758,0.06632170887656653,0.004965855483893303,0.05277402815779162,0.2639838301240396,0.017900537125054263,5.150335237882951e-05,1.4534569040442427e-05,0.00447847595619541,0.032791863375830364,0.004200357279269988
7.104767133482365,0.011549118226893968,0.13806578702806346,0.9842054724926179,0.2942694125638785,2.975190128898928e-06,0.2006195648561584,0.0058637528181584575,2.9826374648388785,0.2478317024191401,0.10914370273669212,0.1446234541649303,0.00012629701031476295,0.07716596201784028,0.030829755523783652,0.00010304666079605294,0.017292197248446686,0.002169888656619031,0.03909593272083894,0.004432682684248796,0.19724786024258414,0.10882791416924323,0.016496664523193316,0.7158789417041413,0.020226542569071203,0.005123473473808814,0.2737070427441993,0.2863565837891507,0.05413913918509513,0.00012267457227948332,0.0001082673369424155,0.005046916654261365,0.13073219321632742,0.0007247494436387752
5.675064063428772,0.06702064401512045,0.11034693648102747,0.2334833784021616,0.06261676877502026,0.02281781014262745,0.22840970239009223,0.04021652895795858,0.04513254056686194,0.5999610088654483,0.01705184333576483,0.10122134788924175,0.00021570952794242702,0.10920994602221552,0.01775460191399629,8.666006891172309e-05,0.011517692543423308,2.7515561331967e-05,0.002064838381081885,0.0028205090154897485,0.5602825873332601,0.012276060357032081,0.11671784317559891,1.8413476881491462,0.8368533983071312,0.011485412696623497,0.030175272946632175,0.34682741168248904,0.0028234139228318577,0.00021884351852518376,9.259625321366517e-05,0.02922852664729762,0.21186050271251397,0.002898522870758713
9.043228009925162,0.007703409672341718,0.2351257334942802,0.45299682673494507,0.0070553421096705305,0.0070223243840598585,0.007720194605081568,0.0007072256113840094,1.3572660522250106,0.009246103959152723,0.009529024123396235,0.5734866567355368,0.00010386715808374561,0.1461535434094698,0.12683767065972565,4.677217649265248e-06,0.007738549017779546,7.732492676648573e-05,0.030833741026351003,0.001420084068217583,0.33214572243737966,2.1153087209056367,0.6559933029628344,1.8810362742770284,0.00012510607160468734,2.4009015208595725e-05,0.026778105222298853,0.631361903723771,0.004257366064512937,0.00011136005160575517,4.150853049492548e-06,0.007835721752468518,0.4033143552186696,0.003903560230191517
7.517754483409215,0.07287099845979711,0.00993731905803304,0.9516660976185386,0.3470828420270203,0.004506639032762278,0.14898837523190872,0.048947876325086764,0.36536257815243556,1.59013385931978,0.010397275271627773,0.04736499459855287,0.00037412576368371327,0.1198430481421998,0.10076485399909375,0.00025865766439963435,0.00923497820683909,0.0007774008163994048,0.02176012203566725,0.00687167127426905,0.4477109687269916,0.0073460725491547255,0.7872983885877193,0.679176418924691,0.8198509930666126,0.02450677941597131,0.24797148381332873,0.6128378216135829,0.006143028049348916,0.00036316502851081305,0.00024166604060002638,0.00647508570212148,0.012642000491024518,0.008046898401462804
6.4814725170682825,0.010307836272180099,2.1266483865641033,0.0480293490535205,0.18170891527433858,0.002617726747950506,0.0407353301417494,0.002312872544892973,0.9828259106254212,0.0388894334851694,0.030969355248593806,0.12835444802719317,4.961244113155791e-05,0.22800573549369246,0.014728162719009556,1.0869801595100163e-05,0.0704144118903448,0.0009840621986882444,0.024992171078125885,0.01750918100261356,0.33334931924673783,0.9712521966531161,0.0010967671302009976,0.0017564509827799712,0.02328112082045713,7.584658816545074e-05,0.14299115009129507,0.43323344636946004,0.021397432561216477,5.010716582988122e-05,1.4527505225164977e-05,0.04955329549828484,0.5524979534985265,0.0008291323466726096
5.945733199979582,0.01405997970894886,0.002102956980290883,0.5625015427811957,0.1168331851839766,0.0007937139481152869,0.17234545296095938,0.046327338914572254,0.088183791180301,0.924854451582007,0.003966215481296131,0.00283764707332279,0.0008180137725965216,0.1625123079181605,0.1649885277422519,1.7901585506530283e-06,0.025699641510299263,2.040774998229419e-05,0.008510406659989625,0.04915752820383287,0.6682199052082163,1.3589886365383168,0.5695289985638636,0.08980782002072617,0.33170115891991986,0.021663023566470825,0.0419537916545092,0.10962359710489446,0.012528841386181147,0.0008063558837603244,1.972442884036687e-06,0.01685952460156234,0.3755993608953448,0.0019353136822820804
6.668786752866146,0.0039301576001089435,0.004603148375204832,0.20452834411409557,0.06554357723935737,0.0033033940129757007,0.009072945737486926,0.01384089071734397,0.047003697005122795,0.07993295512248648,0.03977954359321048,0.9731302661668235,0.0006265232521021689,0.5556109662798525,0.1013079003527414,0.00016805313021185563,0.31617705025983023,0.000703460605294722,0.042821566135449914,0.10999559479097258,0.8525371283486473,4.886232487760762e-06,0.04228700649215914,0.8980897980342624,0.0005474779084491107,0.0016819203501327116,0.02259116351165545,0.4814317533170052,0.002564245906074081,0.0006051334578997361,0.00016548313929789788,0.003885599360287955,1.7848493877854579,0.005465734531657363
10.862016393717528,0.03443781821387973,0.21134465416265577,2.062583148606642,0.8293739826800323,0.005439703932785177,0.005688611091163555,1.4710860346871443e-05,0.22921138694977236,0.0013217973883479395,0.0032501263990556686,0.6396807653255113,0.000805582850069176,0.49898571651815193,0.06081327225776863,0.00015253039204902533,0.17952700010356556,0.0008722916920006096,0.049064503006856434,0.010098524349326761,0.6519906700473659,0.49334536859054395,0.19952800053994812,0.1289093101803694,3.195038026209524,0.009479055359940373,0.4533891786761844,0.40852018951710833,0.027841560620075163,0.00082715875040696,0.0001513641752373471,0.009746936512684793,0.4549357445812413,0.005647703176919511
9.367309761420348,0.04653300042886328,0.8549350240258557,0.13708914855837492,0.14112573197361677,0.0008571748615218943,0.4548645059322784,0.08119697216523651,3.0350374741485253,0.3019170176427495,0.04448964422433245,0.18590255811197495,0.000270895380124568,0.2572064177101497,0.01236770211916705,0.000230736704615708,0.03420631195224876,0.004084113302517305,0.05050312725209291,0.008519730405856919,0.16478021687048383,0.2696834055826991,0.03889168721654095,1.324296834920278,0.4203173696792936,0.02584078428612067,0.16021929040018323,0.29053378704748223,0.00035288360916653705,0.0002845079560483364,0.0002324218853921815,0.012551312420098135,1.0078846328401534,0.00010333980630529706
4.201925980317515,0.0029068693568366564,0.26432036354996136,0.2799557567204573,0.07270257616102976,0.0020985600790383715,0.04512220964497461,0.15531255003905972,0.01270653554476213,0.02352069082943834,0.11421104522098313,0.29612822742602557,0.0002487077959783723,0.07890226560680204,0.005970699064612358,4.365058289427313e-05,8.307311666463867e-05,5.473441441505684e-06,0.035538726737608814,0.036005971909417005,0.3434814033773647,0.395306772636077,0.28136549264986827,0.34328624064093655,0.0704100135483976,0.001942372918009393,0.030811049021702626,0.7797324875066409,0.14974660036342705,0.00023734601695217847,4.0285372208897e-05,0.008098583448566496,0.3673668303177986,0.004316549671578533
4.886536001162947,0.00012115867305469743,0.11704774009310204,0.267274781227475,0.07488989872457803,0.022883995353431132,0.019031844759635035,0.041531546132716465,0.3356124820508686,1.75004921192169e-05,9.043387177258085e-05,1.1181614056143834,0.0002254415622931385,0.37694662998162426,0.024355084271030204,0.0002641371854881277,0.022757880172584868,0.0009402573756784753,0.09124086020675408,0.004396897233683075,0.3250260366882388,0.3563614684816657,0.3087921345035765,0.06376790349640042,0.07240767546485491,0.010510011211376444,0.05728238327701911,1.138983903558612,0.013576416845009568,0.00021688621044047232,0.00027847819228874696,0.0022261916009903033,0.011496501457895972,0.00782003519230589
4.975141345168292,0.007631607990614069,0.0005292770605801364,0.9841186003634778,0.00022804131955704628,0.051883387544032086,0.05426508387416846,0.3717907090232292,0.07542223980198923,0.0018218520288829714,0.0009710750576655747,0.11660268017719418,7.658486920898904e-06,0.18260915913463785,0.0020903179595545235,4.2745990819362874e-05,0.011369015196387578,6.155490352195934e-07,0.029612387427138558,0.04725553222151912,0.19487766516337782,0.010697109299183381,0.1800835048399314,0.07407846603779972,1.271368128922507,0.003035514825038708,0.000875605451967947,1.0769346127840504,0.005668304756806078,1.0970477670493173e-05,3.799509755492119e-05,0.00019905287560937617,0.21627208373079584,0.0027503446985953166
6.476275355276019,0.01943548983773613,0.022804715800703233,0.5581358998799519,0.3405185158877876,0.08206090621819903,0.003369861507209353,0.3752489325883055,0.7794391154366428,0.1769780837538268,0.011512553167392744,0.046769176353840536,6.487078876823078e-08,0.24000059644913646,0.003389137812550086,0.0001267752005617414,0.07710409218354095,0.0020142943672444044,3.870760864953673e-06,0.009135980880527519,0.14941575405316906,0.2744432699802204,0.009326119617703172,1.3426163198332375,0.10732891450647498,0.01458364902524064,0.23365578390508698,1.5883316731484527,0.0030925001639867176,1.452598801223348e-07,0.00011916459198424564,0.004639225697777171,0.0006598037758368594,1.4968760157776463e-05
10.721254401611368,0.0005249981956292439,0.05076521765657698,0.0590020542553423,2.3347063220792523,0.13101155197013792,0.024922675713437814,0.43461842357720853,2.5717929192060165,0.028618020434409495,0.07881918590294545,0.012545439888761641,0.00020890605501470123,0.23674834131954228,0.08196231323526952,5.344196259765495e-05,0.31538677286802697,0.0013279656611043804,0.0005323594971117641,0.0023886772114822745,0.11780289963418208,0.17775236468019542,0.0001397235071748211,0.029682226059226827,0.019681738847023192,1.0456027015860802e-05,1.5164919852063365,2.423421366456969,0.06793499018860073,0.00020357520147697757,5.7328223058897325e-05,0.0016147005779282861,0.0005013126377672923,2.4147674545225826e-05
8.989704812988508,0.01347878422024494,0.3153997882027347,0.18993740564298592,0.6891422154469462,0.2117938240584318,0.0023778000539752967,0.4447619142317941,0.009013046752749235,0.14513615268217997,0.05772025499435515,0.004570361622329332,2.705440927313675e-06,0.19461352306682497,0.06295352643053144,8.092112555505482e-05,0.3124934165085254,0.0028199777986875466,0.02637661367969275,0.013963463206118562,0.05002456999265476,0.00023539449145923216,0.53927808815732,0.25738949987472826,0.05564115129148864,0.02750856505679999,0.32603621265320465,3.034225845451082,0.06356689559295327,3.620556642481453e-06,8.306824312190965e-05,0.004703675665433,1.9333401732991637,0.0010323574968669185
8.792577607260359,0.00016930492042312748,0.2596972497718126,0.00749660871719477,0.591106676469249,0.23085524372879968,0.3490539290322331,0.3257014923883649,0.4939217465052143,0.0012515426961794962,0.01991076389060725,0.6857211991008023,4.6636122925170116e-05,0.4613384949983276,0.05300174038054435,0.0004001726673024644,0.08566123967219097,0.0022769282104561327,3.472024154658006e-06,0.0015090624617633225,0.18131246506353352,0.028286700331570797,0.21956266678741776,0.025809007341056987,0.5013884730793245,0.0019567830170901276,0.2446455455495855,3.5743729389027807,0.19339235118057538,5.288399646647373e-05,0.0003799164963786306,0.0015106944368976337,0.2467846337823689,0.003999043536765461
10.999872373355144,0.014031132297884594,0.8516594791813881,1.0729562984842025,0.060792341311789524,0.06360226091470543,0.0014707375563467872,0.24693407730441783,0.01059828556036642,0.045549263863860774,0.01201380527569829,2.666922608951148,0.0012024725348001846,0.6796088706182173,0.07316243628214743,0.0002921634367198696,0.007297884533707007,0.0024662806596942406,0.040614202289431446,0.03230558383324816,0.08562772585603057,0.03568646159035718,0.6370199654986921,0.02456371001114845,1.1813266231751607,0.02198800245708575,0.026614729895835378,2.8060720156666554,0.07225571015528981,0.0012097387869681184,0.0002880131439744176,0.005175847823839693,0.21039694257289931,0.008166701831433
10.709491762767145,0.015331075226577449,0.004923085322944265,1.7365367211969092,0.41645488558372157,0.04092872473479779,0.020324232557097845,0.7417047683930473,0.2832291016651635,0.10447465054821108,0.012326451048395257,0.9387502810944351,5.926492396749813e-07,0.28438377691650485,1.1050916841645357e-05,0.00018485958458411473,0.11470655263239858,0.001270799251228532,0.03196307350959509,0.08886050636185351,0.11725301366453016,0.016837424101774513,0.7600129697262759,0.007929577760846922,2.308184360522841,0.026418613443501635,0.22692258820046024,2.3386794080414504,0.005268164009019548,4.432163271123816e-07,0.0001850941271335346,0.047599974819218974,0.011854538258459373,0.005980403681758556
9.781121609978126,0.05614358750051135,0.9427141852864062,0.05025408271003587,0.3517178084265116,0.26355401940580553,0.04359391387562786,0.7416641689336959,0.14864452011166487,0.5434183702469453,0.051122534406709726,0.36457289164095685,0.0003382709352517136,0.45101137521213525,0.06651543353891747,4.299231025698231e-05,0.15865124666353778,0.0003631998962001013,0.07542931815417628,0.11567195585194695,0.04549265775770925,0.3843389543841212,0.03619198259805226,8.686313978268319e-05,0.30161433753335026,0.023201970577486745,0.14774118250711862,4.1850702688883565,0.11840841140145965,0.00033110713361054074,4.217258711997805e-05,0.003670281747287183,0.10840865552741981,0.0010988890879553737
13.311712099735285,0.0382329558813354,0.10430892238737759,0.5817517202827277,0.8849396017625452,0.16446112422181974,0.03522895779852713,1.2749271048476596,1.3161299849253818,0.2880432959897222,0.007748575505592071,0.033742596245951585,1.4490496211864485e-08,0.3150334108549049,0.00013919880975153743,0.0001719260030348603,0.6154890884533489,0.0018260182960880798,0.020714090844880326,0.12146784856499605,0.05194626216892007,0.24712150050680012,6.053850517855696e-06,0.11860276566571759,0.011119982104890812,0.025910709106830073,0.5874140315552624,4.35743615810731,0.00055394834959744,2.2210997670269266e-08,0.0001734199735815278,0.004036386636837963,2.1028537712178466,0.00018065211403224342
15.037128987442177,0.05391381814070297,0.12554210987816314,0.2532471419771619,1.1814643519602477,0.32104000636855545,0.018031996977717134,0.5452890204609263,0.004081081785406745,0.179796040338409,0.06447762708779589,1.1369332244728882,0.0005763483926079729,1.0000254563480448,0.14541562759931456,5.532625431090977e-06,0.10462439382840691,8.168210017552098e-05,0.08082693746504535,0.03283515405128844,0.030238708016302854,0.646705977416557,0.05012918413451273,2.0206753828961443,0.7063007287163329,0.03278196077721367,0.5544507123003465,5.11239978448409,0.13699227911103998,0.0005896694463569049,6.589663436537547e-06,0.0011382821470786002,0.496038015272224,0.00047416120225192806
23.5353366768519,0.019319026321164442,0.20018676453658166,0.11325508467896057,3.9813368496489243,0.31244411312805015,0.0036682167232703925,0.8344255325325015,0.20032327665891866,0.6536851342523217,0.023610138690503334,3.321326662495309,0.0026832815220066432,0.9733096139673889,0.26894077850113357,0.0006302126418341313,0.2297276193469626,0.002603963545766062,0.05765316964738434,0.06251129220115849,0.0001100957471884024,1.020632896300438,0.15446485435708412,0.028141258012000382,0.006249436732190918,0.023498405705513,2.124528163113108,8.014540076710562,0.02093966842267369,0.0027121591424905077,0.0006235232843513789,0.12203509464013483,0.7461840978228319,0.009036215821192404
19.637582473621457,0.09618762098152418,1.5133308436658044,0.13041836887773667,0.30285422147281926,0.48722375474896146,0.1935987500398523,0.9326669389414346,3.0958645549089217,0.049450845079116165,0.02208976678923072,1.2075800401201888,0.0005451866081086143,0.9596963841714302,0.4149213390507462,9.495356867127722e-05,0.2735473305185334,0.00028782229563217653,0.14838697213564084,0.041143599840497,0.13179141835077277,1.1770952364285057,0.24180109759885884,0.3086385547907769,0.4012980417407649,0.06416601230593418,0.047750057058738915,6.0499012791567655,1.509119267707893e-08,0.0005516809514363213,9.778031321014173e-05,0.04175466785240406,1.3015536688081686,0.0012936693590788844
21.624920337836798,0.18299448284978473,0.02564175584035866,0.056641400720879045,0.03517331524236438,0.430731645338601,0.0005680514231971619,2.303104560802822,0.7430040956497121,0.07596097491445246,3.097361721836317e-05,2.181464751178723,0.0004061089984815346,0.426122060949101,0.1771516459420931,2.818763779794598e-05,1.4518524918316316,7.044199133865056e-05,0.0305442286054704,0.49152860447622254,0.018343225673685813,0.17652273865421847,0.25538922115198265,0.9128598639539557,0.23260926356900063,0.20205493069444694,0.03781234264255361,10.349969666746706,0.00011662945703947606,0.0004083168121636112,2.3953258009488993e-05,0.17963948286131246,0.6440122925619504,0.002138631789523226
30.493532774931754,0.10065978206408674,0.09309190461126403,0.08885600578570128,1.338881188529784,0.8471910381818485,0.3721616552266247,1.8432262371157433,1.6006979296895354,0.052018714268116995,0.07139580143229154,4.394400944029042,0.0009789436042744147,0.7858995439569765,0.3560740313678452,0.0005481043642799303,1.1090189989502781,0.0021819176005108865,0.07328028575627517,0.33523728244363205,0.4712060066274024,0.16905903049006224,0.3519904541035698,0.21109156022119932,1.1551671297708466,0.10755796818898668,0.5110950161647284,13.839304178689432,0.00019632068030524285,0.0009781337951292749,0.000568808609927555,0.14492687844096586,0.056360021670257346,0.008230958500830894
25.465216927233854,0.11136180589167492,0.14022502313546,0.0003013979381998493,0.44667298089684593,0.537007327430583,0.004559256707814223,2.156223674137932,0.4786225736511204,0.046107729719500744,0.004378479371317593,2.89607333587186,0.0012092688778520709,0.538957791465356,0.2987167790216519,0.00024534621108190116,1.5437952441410137,0.0008654842049106613,0.014189164379503039,0.31878235205073674,0.02854380420351766,1.1021639335389761,0.3322957150343138,0.0003578241716961158,0.017211035927204677,0.13778504138308337,0.1838501572750538,12.752767956786391,0.00919528138061123,0.0012104059740474175,0.0002503135265826797,0.2514866972939641,1.1044020192382906,0.0054017263957117975
33.87142308567039,0.20147044549589732,0.02804179190440011,0.6008598113530922,0.4407176867726573,1.1281523776221047,0.5400084230562627,3.1402233144435154,0.7771487535426087,0.1810587350685937,0.007566982790994968,1.640657163001243,4.4775839646661075e-06,0.5690529173649652,0.05365096037957935,4.807603405567902e-06,3.2403036800191147,5.448085572496201e-05,0.011574311542179954,0.3745593077930312,0.3927973164943099,1.4612893715725583,0.13812584742213188,0.5700292740664914,0.7604800071304944,0.21652108863248617,0.1669181500752599,16.4861638949919,0.03014777191141405,4.17304514356758e-06,3.4192135348063626e-06,0.06854077393476182,0.6450452523874024,0.00024631659916567856
35.16139868569407,0.23945092918448466,2.6491263260704763,0.7401415660826294,0.6140225081567081,0.875727173702607,0.04786503368901824,3.0208206858695936,2.0607108153338274,0.5404113416246401,0.02658798131895692,3.255179366135631,0.0017291732576135595,0.7659263634125191,0.5197997412134329,0.000294428294208037,1.7288380619298058,0.00018888860694088594,0.022976032853258672,0.2779477206929074,0.3994743687695466,0.004038198392277195,0.0046981438195866755,0.03721690502107644,0.11326419599097491,0.24686781609589692,0.1934135673693868,15.99311979788073,0.11029304904992628,0.0016936903959264688,0.00027765500872040615,0.09253090883292879,0.5745181996791985,0.0022480519586333407
29.858190559611522,0.10547372523048833,0.19969202512624054,0.11819027917784011,1.9987351432838463,0.9149057301461787,0.18954488487009108,3.610517767867315,0.12856695466172152,0.08406254092468468,0.00805054463397347,1.6558299957839495,0.00015756032333791954,0.6586303103262584,0.11551315721853177,5.929270779811187e-05,2.504448670357175,1.9171449648879843e-05,0.027750195690600093,0.17036353909029078,0.5959608582057938,9.576762746971934e-05,0.034374144201382,0.0511207646584382,0.032577392831631566,0.19688681926237148,0.9769331225927802,15.184104754945176,0.05143624724385422,0.0001485398050920588,6.484729520034831e-05,0.1883541345925325,0.05517484180330163,0.00044683567652624353
33.908172888984765,0.07605218807857182,0.09842369965752311,0.32135588533926057,2.849489804176005,0.8975995786819897,0.2005216460671357,3.3130007334817417,0.02800136666466853,0.09193546025869695,0.051593175574403065,2.7484470173944264,0.00018812447550403493,1.0418312241111367,0.07961697045946599,6.336164815845801e-05,2.1365809202958754,0.0005337738624960298,0.006677361352059213,0.23141925984491604,0.4517221855800194,0.030141091821108253,0.3306495264759006,1.066126456691062,0.34811458314715293,0.16923790451395673,1.4927503884769815,15.569516003204564,0.15565957231339364,0.00019352130756146652,5.754358833532181e-05,0.09428245593209485,0.025108965686463997,0.001281138822137824
39.62562040750571,0.2989531057468066,0.40118696842367796,0.19182238468863622,0.3455398766194884,1.0205129989145572,0.07271469161749293,4.537884454766631,0.484408932002335,0.14137373605520584,0.06548278258252271,4.532906468301629,0.0005773759026590095,0.8808091806495062,0.19970393262304947,3.489405573019367e-05,2.3975233167080687,1.9388629059411476e-05,0.0003520229278781931,0.37692377862415893,0.5827151036052389,0.29229479205435693,0.3505045047472916,0.9504314137390195,0.04952247890608847,0.3815456772687571,0.13311078096547715,20.169652071484112,0.09384772574397719,0.0005587007467470091,3.344999902196986e-05,0.292356308039414,0.37762011213075747,0.0026969982363492556
47.24181509986355,0.33613173528895535,0.4490179431797194,0.003287119673004275,0.9777120223785489,0.9392524619239001,0.002488936376817376,3.704453836678209,0.579275716941504,1.7313138936382222,0.1641076280779944,8.78253884661409,0.0034248240096235462,1.2342766076415925,0.5454737065404854,0.000495045369010432,2.145940935254694,0.001654332722881336,0.05891829921496171,0.8209409189959223,0.809695392325551,0.04297835600314897,0.5916831871111639,0.9039078262407377,0.009697358829153707,0.4035911937655916,0.4155192951820094,20.771867649226998,0.06255446539812003,0.0034618359624730677,0.0004914540002020011,0.42301456040027513,0.3103856614831129,0.012262053414881343
40.96574421734348,0.12465601534550273,0.008497156340703645,0.5304382263297855,1.9573624633818518,0.9705259030019769,0.5242344740368521,4.554105556468583,0.07647464366839754,0.25514586021150315,0.04870626684218207,4.289879809872698,2.0024725177143697e-05,1.158434505569533,0.028179993869424595,0.0004732468422430316,2.0602595749334616,0.003435033588455347,0.1084541516024879,0.4367377533505553,0.6687305926381701,0.33493071935974444,1.3968329536601032,0.08372986689037835,0.38713919818901577,0.10735795764342154,0.9989938342441919,19.4275808494994,8.382969102349538e-06,1.8544539778388738e-05,0.0004851590787699859,0.38020882828468683,0.03494510392309653,0.008761566442239221
51.46302633407521,0.5941714780824312,2.1286009406685866,0.05722300226547236,0.6342340817219033,1.0887707791493284,0.01793459461139442,5.5288453156820525,0.34360554381448327,1.2686357861495918,0.0026062658634141787,6.427814365036574,0.002766586527173525,1.2336478846075232,0.4927684295976574,6.826014393748593e-05,2.8607163967116245,4.478749952721275e-07,0.02311661866830315,0.6262824166166014,0.794632555692455,0.015026290450215713,0.10585836728847788,0.5970619572516674,0.008881062033762736,0.47460027237811786,0.2684005276219163,23.9317556756439,0.0008729841289163898,0.0027901550282063985,5.8911564087094735e-05,0.5844306482893213,1.343625450340475,0.0032222825706469797
55.158748592685846,0.41519479804790826,1.3727632000322536,0.015563333688949002,0.302953002416015,1.581902538861065,0.7118537295070039,6.471282236772303,3.313487260596529,0.023166438063092088,5.772734185695939e-05,4.410664786579734,0.0001626575448399973,1.1036316411298102,0.22474102059578474,0.00026737544752183733,4.133430306966925,6.426722512022728e-05,0.03334608085300603,0.884776729359484,1.7415931731637992,1.490914346330714,0.3946615053347364,0.00022814880638613708,0.04999200123115515,0.36090920750575073,0.0649867471927049,25.533853677660872,0.01894294647281113,0.00015159967584936975,0.00025252942414502626,0.4178434954486501,0.07975251201325255,0.005357571395822826
55.69240805430297,0.45324253981852886,0.18985269557609588,0.0829429031671816,1.187113136863484,1.4647418685284286,0.25848480493434944,7.155142659218101,2.0974252836641516,0.20075009158207435,0.047420252955019664,5.780070526068807,0.001059542079542351,1.4252282004201562,0.49164421734938474,0.0003263214083745231,3.955099839847453,0.00011155324955182274,0.022271299811750248,1.0496706419928608,2.047208422311398,0.009813328142133437,0.3395875404562934,0.300345403061805,0.0019596408655105433,0.3165457763161627,0.4417895542006275,25.538458058632653,0.0024274659539087807,0.0010819823253434997,0.000329320317663767,0.49859818350290086,0.32379813652697237,0.007866863154303882
81.54134585156321,0.6013849570509219,0.4618878859859894,0.12463619461784448,4.277530854900129,2.8180053405213514,0.6221801392332987,8.410435252054404,3.3244310736868106,0.1982976295936222,0.002157152879531251,3.6238068672183728,0.0006676153545835064,1.2189403217239478,0.8919939955320793,3.0678317462744593e-07,5.70748823207228,0.0024256886170345737,0.0019932056302676407,0.9587188393175485,4.0936447841214445,0.6829558050995769,0.4383484913292716,2.660456396109381,1.3500658041250195,0.5494182848342659,1.678142971305416,35.43179164629041,0.030957040361296765,0.0006801084766773433,7.723737730757408e-07,0.21500266235283605,1.162636819489128,0.0002627125215240121
79.50626018298762,0.5326266108019677,0.15506232189794572,0.08161037157145244,3.737146567560224,2.2593131868002936,0.41164198639452715,9.663449318674925,0.13759987708476712,0.27479132075027396,0.014063635627548341,6.055667119367812,0.0002261132071486816,1.58873405675266,0.19873997422364795,1.8381807915867093e-05,5.774842834824402,1.000380875443636e-05,0.000453272181778576,0.9310984098829187,3.216588317819268,1.1468545061655415,0.19197253767229827,2.7670034227493576,0.20198386563735568,0.6048103751797624,1.8348286470066144,37.131523683292826,0.03639758086356882,0.00022427579622024196,2.0961526379341405e-05,0.4329649541168502,0.12355447143966711,0.000437220500954224
73.47882940257482,0.4757372828396993,0.20388615479540523,0.44883867393466587,1.499747655076775,1.5970239873786334,0.12822639537389213,9.297363026724291,1.7973916477082943,0.2705489191295062,0.03626311223904521,9.51444183830003,0.0020198400936782238,1.733406535139039,0.6418645322331237,0.0005017122372053981,4.643954570577685,0.0014730974518605174,0.004151153903659979,1.410396032642018,3.6367769737350706,0.214076647146414,0.7773884446800976,0.5582194302213765,0.2928954692728621,0.5901076295991882,0.597654572674727,31.191680378363746,0.12990272324540317,0.0019895836435688866,0.0005147149789680437,0.6453897710976451,1.124819199609386,0.01017769652785944
81.27508518635334,0.5874955952914389,0.007859771838321232,0.1935353189458193,1.6662367060878351,2.086434408725971,0.6146216904181705,10.90618831312018,0.20946960373097975,0.002662923110070639,0.02128618064433967,6.782031342471375,3.4368100440877567e-06,1.5301771319917266,0.06335019749144821,9.804890831981414e-07,5.614216084016283,0.00015290436371172985,0.03227796175845388,1.2315943137998968,4.653736260735606,3.334488619306032,0.8593734510249964,4.553042414599647,0.003915363958447193,0.6722587715040234,0.7925329684321066,34.22109259074834,0.015298198935201414,4.763093298565323e-06,3.5668634817041253e-07,0.5880124485172592,0.029820203290126284,0.0019139104167516805
106.75045080734925,0.6170897092251959,0.012016372214699185,3.6736793174294062,2.51800518020061,2.5296979142804714,1.1389774436384028,13.37192759285128,2.7463170532854355,0.10537180450652066,0.00233665104714159,9.414510887554046,0.00013642635736884294,1.498766665333889,0.28954300359864715,0.0009707274909286248,8.291124691900322,0.003789572392289373,0.009485810545456712,2.1099661985678204,5.937001541055969,0.008927190177351217,1.9701736543155595,0.016990698523579113,2.636172891815211,0.44826269278305386,1.0725373796312367,45.25955887386937,0.041971359446997286,0.0001302504909433611,0.00098048467655309,0.9573890966565815,0.05260178595217935,0.01403988553474019
99.14804001921567,1.120422088937038,2.3069615061735864,0.563826533833946,2.6906438389612024,2.6979128718977305,0.2833438152977276,13.006255206333359,3.3066119677308268,2.061863273479162,1.3651106000392863e-05,7.609778124781369,0.0018777420120171823,1.9164280521687176,0.9012306946447831,5.453575239981091e-05,6.55397531497427,0.002375476132780647,0.001087206778752051,1.2139470790183624,7.555253918496528,1.079763121715863,0.10610737949528831,1.9148742776828802,0.16591473319938865,0.8809001135404363,1.0141619055277808,38.89054544459225,0.0023023830695827136,0.0018817659882119592,5.688693174144572e-05,1.059523679601911,0.2367963330775206,0.0013490962822537617
109.94350165154172,0.5051191512862702,0.1970165732487649,1.1155879466759124,3.540052068184816,3.124958472042804,1.950745318459328,14.676439854477236,6.408842916111041,0.438493006505659,0.003851543377815275,8.048184727152387,8.555757297896817e-05,2.1126469142142263,0.5673834282214283,0.0006845805996041553,8.156660732188406,0.0013057638420832947,0.004051018371747568,1.4021022374987275,8.767336637596234,0.7354529463315755,0.6233208145800533,0.06985322015799486,0.008603149545523325,0.5694525538301215,1.3105788594926908,44.33251434433466,0.0526173525012044,8.211601074247186e-05,0.0007079895666415715,1.0117630787622385,0.20032593069355378,0.006680848107251437
130.1955030836181,0.7606643860387149,0.4556870910154577,1.8178147489463614,3.7940048098537407,3.6303848079543237,1.4359372644893629,15.598848289708204,8.725006305427286,0.031163341669648438,0.006560221462339855,10.814893001190002,0.0008462025794449378,2.530059712408165,1.1801424906912015,0.000515342493408691,8.297346273083896,5.665388168172483e-05,0.033755457057664105,1.8657406106411196,10.971300442368602,1.131690622311197,0.07702817288373438,1.804533415064388,0.0751644615884319,0.9480930969921052,1.290984876365478,50.41057674745416,0.0228449152441545,0.0008221618176201743,0.0005052504818335206,1.0210873316932663,1.455694843931998,0.005749734829086548
149.51458618443291,1.2110061638268166,1.4225971368032078,0.21617766387067117,6.084466159936621,3.637278863630645,0.34321468244779707,17.79112794104966,1.7574382814861331,0.5370688134398474,0.04760440943970428,16.610918711548795,0.0031348836717142573,2.2833827294683346,1.074786098988953,0.00027343710752754944,10.199291259462482,3.0621978877445834e-05,0.012412244757236112,2.405920893140511,13.04052325805628,0.09549383340902379,0.561298160139965,1.6898521204629178,0.25548775832289905,1.2396586509668774,2.6956438279235293,60.53524188344761,0.12688198016517901,0.0031075219499937206,0.0002648676514051191,1.6288181880541512,1.9944173982053626,0.009765739622194847
151.80754589987257,1.4863619495401486,3.1139227477400495,0.003963429902429801,3.8480305463385345,3.5957297776483674,0.3657306936469908,20.63564200439683,3.2268737866440045,2.083822185009582,0.15753733360384348,14.894451962493989,0.002957516747581763,2.2695760926835766,1.0212559295362411,0.00026145617124341753,12.027956043631734,0.0005564611037629542,0.0013581182878676162,2.596121987523778,16.564247379438907,0.34307527574824187,0.2802014500215527,0.5368464987760398,0.0062020090466003075,1.505316532150387,1.5661605324351946,56.96086472548092,0.22213317102489122,0.0029723370580357167,0.000256958015384893,2.30615515360193,0.17352122428000666,0.007482630143916441
167.25914797472046,1.1826422288435523,0.9822781323766198,0.2783182941764848,5.3824277963551435,4.502479756859736,1.652704342559992,23.904748916437534,3.9808894566107496,0.14860090957728683,0.06340925232356283,11.770758116804156,0.0001618462737782859,2.1004410996849594,0.5883669004488932,8.148899304023499e-05,13.789700620827508,0.0012310058201498771,0.023967714463698303,3.2544481704268184,20.482837404218746,2.2181343409096583,0.5818611300618286,0.8902792318531414,0.5224366756084836,1.3401865807100946,2.215628205305758,63.09155602614878,0.11866020150412682,0.00016081636937245657,8.403408582742393e-05,1.6609878011158368,0.5240505020820407,0.004628974883091561
225.954789246202,1.7972745577483293,1.0409665668902006,0.6082836574819522,8.894460403182112,5.860870861755278,1.8914927514548294,26.878440025828038,9.310857362321638,0.03969175110776876,0.05820683346241429,20.43332865683467,0.0018537555382742666,2.2238825079453997,1.6885272052799147,0.0006272381365259678,16.502962704200545,0.0002495650355712899,0.011314227381990834,4.0658722978495945,32.024983074744966,1.1237411942521176,0.35882836313739847,1.85867575343679,0.0077117363544522526,1.6138053056948012,3.4746152556445256,80.07849860546371,0.21155484360666918,0.0018291597027102618,0.0006199008697121516,2.49033633165296,1.3885669596925212,0.0118598325136384
213.8726690953005,1.923536488738911,3.49003751547503,0.02364348507628982,6.726601240496679,4.831648988539954,0.5717740835983582,25.100052935706938,3.794553997536436,0.22332796627245158,0.030203213105713073,23.449004479668904,0.0033982041798821983,2.2431131154689976,1.372753697610813,0.00036465589097138155,16.95178748234119,0.0008038334226779514,0.028579661999928226,4.2893378302911325,27.842304449195115,0.35770920098460207,0.9096789492163309,0.9842291894028486,0.007029563413571749,1.9843018038863216,2.837102387394425,78.0240440705593,0.06373733393333703,0.003448393277788658,0.0003440078843715886,2.811551346465169,2.9759557770011558,0.01670974726491741
37.082920550052194,0.12950133380574844,0.25798175447196986,0.023745925723984183,0.5567338411624875,0.2103306467444623,0.008081161016374017,1.009079970150723,0.03000683604305311,0.7426235870266604,0.004502417140466481,9.400893504694547,0.0033901169984972045,0.5144274393451757,0.12155416909040304,0.0019551238765454127,1.5467112613048344,0.003388124346940454,0.39957652645076513,1.1472539543481741,0.3139154211891787,2.1835421745117727,4.460143278864381,1.0786015501935766,0.2352343890860205,0.07705082631157714,0.3434737134579946,11.283658805021716,0.12969277450812497,0.0034100092427463524,0.0019257774839109196,0.7869990819442285,0.0030943211866830606,0.07044073330846992
10.242097776778682,0.006578507404427855,0.004290619835800738,0.34438203134301465,0.5262258081626342,0.2038558616998364,0.18031636796432343,5.901005127448358e-05,2.5757905183422047,0.41873588835385095,0.000309444913527486,0.3382418723899795,1.115731031435658e-05,0.0024395748958269173,0.2829850714975657,4.877163285874665e-05,0.18056663910696266,0.0014672281655640671,0.3796322362799083,0.13929642707022807,0.1836271781101904,0.2411309528799958,2.6083841351262946,0.6418378250136821,0.4599584668356393,0.006698153487248397,0.12335061709077824,0.2551200808606534,0.01001892931573202,1.2556103424643998e-05,5.1915342835804254e-05,0.09014124768155476,0.004510188558330852,0.03202249395221809
4.444477341163886,0.00027919566913638653,0.06145348815690023,0.36938799427062496,0.3342177462806081,0.002251930641217873,0.0006334502845657007,0.06129963734248145,0.274554007794819,0.22030431021755756,0.00021271419447353468,0.45925698536399173,6.968373588286872e-06,0.028778955832906777,0.0015328668400818768,1.971307006611529e-05,0.08413577184915441,0.016838005523443212,0.009665951617960175,0.0315305457750542,0.008950973416218592,0.5347216329928168,0.04753017113037376,0.443292379611904,0.37721417348495434,0.0008656721049945131,0.20337040669460454,0.20342753986039283,0.003439537525677776,6.259593255527246e-06,1.7716569003454232e-05,0.0952651639531557,0.5631782849520325,0.006837190175870891
5.217208467182491,0.011651272205994547,0.057723078563854335,0.0029258606986706996,0.029486548824711155,0.07079508159758639,0.023001565994244022,0.05676728166454299,1.1113972217335713,0.7101446212957369,0.0005666164614648689,0.47822008071549565,2.7510975578561853e-06,0.031463494139213226,0.0617528807635335,2.8533785729220466e-05,0.37959360306725537,0.017065001461364835,0.0520458924417923,0.006436859389904643,0.0006327301231792937,0.11219922133474058,0.6829419159596258,0.19156713511299833,0.24574131291059695,0.01292066564618887,0.04508772969327255,0.23783619786554655,0.0003490946628547971,1.5774115265077903e-06,2.8046197963402922e-05,0.004124017032997335,0.5813003401562699,0.0014102371725066114
3.8655825929713847,0.00446780642969017,0.0863393533272651,0.032247995034897226,0.35443039005049165,0.02618455220689858,0.13700007049203256,0.005237574577835095,0.008460578368378572,0.020297582925714836,0.00022703867812457257,1.0066526597892402,0.0006219985809895027,0.0159149344705611,0.03294550849244608,7.329302764807863e-05,0.11910153486407359,0.013769851461906193,0.09842219428983576,0.18869246420281555,0.006776747415684715,0.2693470221075377,0.3926595492115995,0.3205360902434202,0.0078054138809874685,0.006368613201872336,0.18848741529385227,4.28529650705175e-05,2.5887769193787225e-05,0.0006320480758375054,6.561420325422837e-05,0.001203992564486718,0.5201784648641896,0.000365499903553773
6.723168071391351,0.030668004618265188,0.21160372159599378,0.013969014209618458,0.09082924433777478,0.007785499649407401,0.12092425193272617,7.99111614766474e-07,0.29981508574904087,2.3628736093005527,0.011134103780023542,0.0032762361827966217,0.0002650641476278912,0.019695977117041116,0.0199969588526084,0.00013615488892787967,0.005723397044663612,0.01311744895591636,0.010965045742433835,0.005062308479071224,0.028092507783627825,0.008808432014215767,0.40230988562361897,2.7859598662468166,0.021277360839166287,0.02015521690506276,0.06025946409723056,0.051589391474091785,2.8733978224673676e-05,0.00026039614531615573,0.00013818761453073057,0.0002692595367402619,0.1148804523910136,0.0012969910455904257
2.938309805087129,0.0037446106778623333,6.510220255336987e-05,0.032416991200724554,0.3284747675493894,0.013587816673124817,0.0009203822615607489,0.011619357369308109,0.2881585814872785,0.04786599102114245,0.03147904990047867,0.2412143345012876,0.00037564836546219893,0.02988160911279441,0.1309317452779434,7.522882975927945e-05,0.003573208400947131,0.003344530380719394,0.010257187238833853,0.004262000660351036,0.09490863677079778,0.25388749347288603,0.019576827586733594,0.019068348704973325,0.14510676478052842,0.003972820974616434,0.12188983790132911,0.12908541437851156,0.0037645209646090506,0.0003752563475622701,8.011121272794848e-05,0.0005485970584448173,0.9545511247189342,0.009245907102952831
5.9917247205778414,0.004035707367862146,0.005770593253980912,0.09980941833891292,1.4059592713279798,0.04118614575431587,0.015455194982635173,0.045742920392076114,0.0017342449964171359,0.6792700541061214,0.020733818271771728,0.32501540618440117,0.0011272690918368096,0.10807460423493673,0.2125161799940291,4.6316560523562246e-05,0.0015784388416856365,0.00402564726044591,0.00441997371620632,0.0015917007037872667,0.0009411679751493324,0.16381775488950762,0.32729646483427527,0.9346296936347663,0.08327307140999833,0.00013300765406526233,0.6680420960618704,0.3865308416333396,0.0001492525139190215,0.001118075973702329,4.454089880015524e-05,0.0016958104177983106,0.4404065530297547,0.005553484270969007
7.1067284710172975,0.019197872850253372,0.2957076426333538,0.02933836224159613,1.2940690674465727,0.031611251603437265,0.2500176311527318,0.060312976697487496,0.0018948613485505065,1.3338560454282397e-07,0.08605279853026802,0.7295721552450802,0.0001368391222478691,0.18636846449833347,0.00010933852067427289,0.0007711335297657382,0.002583335619858018,0.000157713789866242,0.05338767674387208,0.001346780180677014,0.018401985780638504,0.2670615063198186,0.4431416118255508,0.9839752780566073,0.3069057654393345,0.03279640992549722,0.6774852741687399,0.6014999463849049,0.0007083894920037298,0.00014479501477388264,0.0007989637785390861,0.005083656036288932,0.7042213168609133,0.02186753679345732
3.4099699535774475,0.009815432583290611,3.079865616701012e-05,0.031807332323093795,1.4055078219424124,0.03839832733831253,0.05445328269558839,0.037164464461236564,0.028082690301068972,0.00010805786959133291,0.03020777584726843,0.11260048424907806,0.00019075277383389917,0.04823204172362021,0.06289659698077911,9.741216260907515e-05,0.0007258457075623498,0.004068666519396985,0.0574988209667051,0.011818718642619843,0.13230181119625178,0.004376862229900945,0.06544009129496343,0.04762603592004097,0.2843984499773915,1.162554999179125e-05,0.6635213319404238,0.174537323837514,4.2145420795428853e-05,0.0001877161311388386,0.00010025215374398595,0.002304392886667977,0.09237602279512802,0.009040568499260881
1.7639683508883295,0.015127412361276469,0.0364232051783085,0.7926510979887393,0.013028322805588024,0.007213830191380861,0.026295255582049645,0.04663175211904954,0.06953972070642993,0.042908829141533135,0.03167165467511187,0.014043206244576193,5.425893831885051e-07,0.011373396195712142,5.642765228829616e-05,9.891701723759414e-05,0.1019052587681196,0.007902962239148659,0.0014067813851659204,0.0007909205722525444,0.0004188615604824203,0.02717470004388143,0.012165447314863248,0.002370763474457745,0.25911089998337933,0.010205887778684758,0.0038275338083026728,0.16435803911488306,0.008143215293016731,9.816875848944477e-07,0.00010492551593600682,0.045180753095533446,0.010579023215842321,0.0012578255881298744
4.853893032634835,0.001148899477197741,0.014836634452047463,0.6453019337067453,0.8952437872975406,0.037197981152462714,0.01125894083939424,0.0362218707692271,0.28956616887142794,0.26141794586481654,0.012769868931482907,0.09627716876619409,0.00020355727953661333,0.005815352759632869,0.11479338215545005,4.481735720465546e-05,0.08090599928358255,0.006439080528421477,0.01348964255426835,0.00015315333763563882,0.11116071894786214,0.8997404528097306,0.5230192650705456,0.30165100464921957,0.0013391105970897218,0.007185467986018687,0.38873691130666016,0.08651766358905764,0.0007201009205576399,0.00021022709422173727,5.133457511217902e-05,0.0065347647418665,0.0009238352971508833,0.0030159896654730384
11.846494354454311,0.008805572355740017,0.14737643821366306,1.0768699461999407,2.9270948442349893,0.27339734481418454,0.5725418439062698,0.011951126059100198,1.3100200091137775,0.1654997690296506,0.02520717996065464,0.12215823829389602,1.5766029392231055e-05,0.011648950954421294,0.14006933871726873,0.0001787233263246318,0.15159814202217944,0.005313009726710371,0.015232492056378125,0.00041283349772440003,0.48468341478906163,0.18012656424829362,1.0548552008089134,0.2422915707728462,0.2580549671485446,0.00010974779956627408,1.2278736264304042,0.8267976597895513,0.014552025780934461,1.578501348376124e-05,0.00017723788441650505,0.0051624011483222074,0.5843787904207504,0.0020237939069565228
12.163605864018338,0.00033485402441031534,0.1826347365965426,0.3082133878997303,1.611414907718629,0.24469647208654607,0.5099933232271467,0.03932219283880031,3.044012080538858,0.12925827731050424,0.019813727913439178,0.5863757314465639,0.000709501308258595,0.2062248315622932,0.39075851973958003,0.0006179413248011901,0.007043700395138789,0.0003258877626182229,0.1289567473846401,0.018313843883573707,0.16023759637187207,0.8102987487761707,0.2957187908333075,0.04578617078812473,1.5169304154276395,0.0008822315123335553,0.5315570391366748,1.247684618326033,0.04836962009834462,0.0007043404022596539,0.000603142320757455,0.01563459970842521,0.051114095291864954,0.009063790062456315
7.31411806373882,0.018921148068054193,0.1992332891108102,0.03049920241283921,1.7878864937771,0.019055470845526473,0.08879073169909624,0.029796716660343454,1.6665362794550544,0.07198809065167601,0.003088829649364787,0.005005641788014433,0.0001179904920739626,0.0017905321907076303,0.12397052019296384,4.344879672614077e-05,0.0003523910364729859,0.0005034840407962188,0.13348769186031756,0.03590955495775307,0.06274592650722756,0.4240225246488399,0.1621719693674397,0.4818799428682651,0.0034153173999082235,0.003606824812360203,1.1465188258255001,0.3430172871745999,0.0021110479633904794,0.00012613793324574253,4.1086385654790884e-05,0.003660442283600752,0.4597403539617976,0.004082868921298946
9.140003243474018,0.15870174132780007,2.9563633413021733,0.727079507194115,0.12030610828699871,2.807126072916519e-05,0.7288279355975497,0.07457838409442602,0.13500328582015594,1.55994449187949,0.08952826417376002,0.182246168017148,0.0016304018008277395,0.04069746373399348,0.09714143257268792,0.00020866877749371529,0.04699733182245124,0.00917488142227147,0.03852521174053238,0.05060861481008107,0.04046642464172054,0.06258095352590438,0.44559774217071474,0.08478981654929624,0.018028234781746887,0.11038886155993585,0.05724607378816128,0.14068324067151264,0.005809630460134426,0.0016206499970615336,0.00020602719136101878,0.08057279863940933,1.0743284645875488,9.301927482530119e-05
5.843512989801147,0.0035657104906558277,0.16302243659667234,0.014602240853882325,0.027463658592058002,0.05087467323754091,0.4319830398100464,0.019957795972644115,2.3100149169881603,0.5615981537233689,4.41296566301262e-06,0.09732333254833837,0.00011921928861642931,0.0474373758396933,0.028821367371167632,0.00010373013896424092,0.0321589231528317,0.0007427693396895041,0.07654232096784767,0.003056621200722516,0.3244280917133174,0.8119507726563442,0.02806460282794435,0.041134444654331595,0.4760721652375009,0.003025267142939152,0.06376377540819037,0.12614521422897365,0.01627348525983223,0.00011089919050090784,9.810786744286933e-05,0.037546587476402445,0.04003727792593769,0.005469599132926322
15.515237374972239,0.031156219065910436,0.010927155817443732,1.0857725903379905,0.05403994056921804,0.03442337581674516,0.036197167604699244,0.032771289617865504,1.64044484444028,0.15439739844533018,0.0033599973388289176,1.3431514709464683,0.0024696526412392185,0.34912491034840487,0.6638269625646703,2.8483148598946148e-05,0.0941416072385715,0.0020819162944107528,0.3744353691921666,0.06600855316142197,0.09849396834049669,0.0015392189782319015,0.2784312475021189,2.597150469671693,3.4731121404702865,0.024391477565882145,2.3801521167452318e-05,0.22907230959148195,0.0008758794101254081,0.002527910318245619,3.064287169490995e-05,0.006948262155265367,2.818419875568196,0.005461266417088033
8.456834885162154,0.00902996339384423,0.36251630253806816,0.2287543186800413,1.2446798205340748,0.10800438220954137,0.6270961785211342,0.04658341758913055,0.36061708929286984,0.33738527254739437,7.084891282726473e-05,0.042250759857638695,4.979508264867703e-05,0.1329208262571874,0.0002172368835908735,0.0004442358392822457,0.06129594660323588,6.0706421709907125e-05,0.20538961826824223,0.09521506530792223,0.2211422094530362,0.6391303004279537,0.04745041217245557,1.47329349009032,0.23964301432766608,0.01945383703475802,0.5615988648001817,0.7480125424011963,0.07536905797741593,4.199182715647219e-05,0.0004681805553298276,0.0007809642927114572,0.5588463680046266,0.009021867056961707
4.650860426308485,0.008006837397166466,0.007227530940149292,0.09454214624317896,0.8340026360528143,0.12580145287353287,0.12081811122516088,0.22871577827430573,0.0381119959229131,0.10889527701087282,0.017764803206154145,0.0156066564192192,1.0200458994562954e-05,0.02443206462097017,0.01579181952814092,2.823078059880252e-05,0.2477340134659437,0.0034777563184537814,0.05481335033796569,0.06132880530750103,0.23572392872042627,0.0021951790643619973,0.012043719975316572,0.01697946016932995,0.5085279268252566,0.000357461532017457,0.39968360326743635,1.0467462020249136,0.00035389815536011535,8.253231565370762e-06,2.590442659419634e-05,0.0793733728218422,0.3379240414352789,0.003808008274749571
7.927806206903922,0.08170489399861486,0.3551286135005479,0.2756629863830501,3.816956271661998e-05,0.22700382723705725,0.05113200307860536,0.3183103861906188,2.5740733918961376,0.2275080494752544,0.0024127733752438564,0.007831544342626331,0.00010683553488630489,0.013979588763443594,0.23522224556713706,6.19774982158632e-06,0.44849863850932314,0.007871130489486962,0.007112148433182902,0.044374810040776064,0.12829252493729035,0.03141973616295391,0.9124319116470804,0.04629601989660355,0.022863384875849144,0.043625630244588,0.023541620440205257,1.7431904449752615,0.004234816616182125,9.765862930947342e-05,7.551512576804735e-06,0.051090520221223505,0.042665363920838376,7.078869542881909e-05
11.896007140309905,0.046106784395664874,1.3407579061261137,0.8743586011248587,0.8206340747644929,0.21870643981119228,0.1343969439478217,0.4072924327752516,0.024092416403022135,0.6193469484177596,0.000280512768965264,0.039302019486582324,0.00011537320168763976,0.005519782228687909,0.0002869283445075488,2.44626154522498e-07,0.9722805723932729,0.004048777667071147,0.04273699175171055,0.2076092837097264,0.9230851845764431,0.40729156066195554,0.03699992953145427,0.31905207837235877,0.7050125989832234,0.027258196556101493,0.40668153204728025,2.885346481514726,0.0006814234734764952,0.0001076981148935036,2.4899403181316395e-08,0.02155571485278004,0.4039289393088638,0.0011327434724012699
8.06164675764599,0.14647050519097424,0.4459929960870312,0.15259578680653282,0.07391777021207938,0.14073403556892497,0.012579048421846727,0.27288946735328745,0.7961803774872097,0.7867485275283543,0.01673735290880364,0.6286125974386559,0.0011457662411851895,0.045740926304699385,0.2908805424973064,5.693464797384532e-06,0.47501239066919604,0.0035141049695569604,0.023291023557363802,0.1482550276977264,0.5442136541241022,0.10514184757474168,0.1688943739958915,0.08309949362165367,0.4370213055533965,0.05720802402691635,0.010442808160753322,1.8114204495536042,0.014258258345279612,0.0011277527598058013,3.7295580705762344e-06,0.13812131837676297,0.22728563891070194,0.002104162678778985
15.828710587383423,0.024579292261390474,0.0367221477949344,1.6922890305079745,0.3712908237784442,0.4082690613690215,0.6600044596909146,0.2347287433261125,6.357071929498684,0.029500164225842847,0.009796508063728651,0.271008498748568,0.00012636023521853896,0.21773528996674787,0.4429208208714153,0.00034388867998129055,0.2238210722329301,0.00040203596056759483,0.1327316731394716,0.14380230689141638,0.4904068771059128,0.4687249919396457,0.39430893211380225,0.07240796936228712,0.13229412415577782,0.0059111292235139124,0.041476434273051054,2.7844522161665837,0.13579975616773676,0.00013547083698182974,0.00034744152309339915,0.005356794441281506,0.03712963414391164,0.0028147086864787536
17.399039631557713,0.052388985884098446,0.7336393722541839,0.14347176170519274,0.03928207491412622,0.35922352013592557,0.3895252079943943,0.318332350533284,6.035835005747339,0.05664252057159298,0.2323480596131143,1.686944451422866,0.0009200050232044489,0.20460090605505615,0.4785007126067223,0.0007116244310460036,0.2577219809401328,0.00033570013093309155,0.14741323272231519,0.25965525924542837,0.34670903093935856,0.2029217253908906,0.0010753836292328822,0.23628523441050653,0.942919942097133,0.02774962888586142,0.005434680293783265,4.113815270339312,0.0431300502875509,0.0009347953908847683,0.0007413047300207789,0.06201468381881339,0.008397598684946099,0.009417570728467335
12.501872026012041,0.043065445958408756,0.018255275846104646,0.20461931114706283,0.6380889796994179,0.2767882785876567,0.1625482740513268,0.2704065483775569,2.395586515374154,0.04546632131429989,0.00932015414546175,1.850799260633058,0.0011208376872383153,0.2535631438378507,0.4355833710029365,0.0006014020228944236,0.22597593097317023,0.00021478721995117837,0.15319582568296117,0.20023794237098513,0.3274095208806064,0.14342894633685702,0.02706295288068909,0.06910549048194854,0.4049248711707045,0.004830969303456341,0.18420099803798337,3.7870905318322965,0.034219051218454345,0.0011016963069490327,0.0006142930874625205,0.10580323577572383,0.2153573429807117,0.01128451978570326
16.524500212396042,0.004348191922969914,0.6955125582785504,0.0500683100957505,1.83383826102791,0.4111184352557152,0.6273613919348247,0.6005933802562725,0.36807716725863865,0.9640678382902738,0.0016787345279342578,0.7811360817991573,2.1822956444892496e-05,0.20011769367417329,0.01677902953211259,0.000219616594015393,0.6372112690640919,2.6416975732361003e-05,0.17709565791267648,0.17821633341229862,1.0869994974077635,1.2873174766920759,0.09338135369234148,0.24079172499368529,0.20601490604505993,0.0260845114669412,0.8329119067699943,5.026194077519153,0.06229586584468795,2.164055807287135e-05,0.00022719821678136246,0.0522899136463667,0.0573067669528354,0.00517518182073972
10.895818758848074,0.07307902479766344,0.03636588651745475,0.22112922466122936,0.1693071477608976,0.27235040399613103,0.05439239132298716,0.9389864549966447,0.27379059110453324,0.0007899689984303596,0.06516817107033775,1.3232021917549106,0.00017068629266632238,0.1466339982982174,0.07108318404128616,3.5986205810194696e-05,0.5862503584669836,0.0002059505636755417,0.09535863923230767,0.2199980014033176,0.39863504215913215,0.0963134790354525,0.13447740972289055,0.21562920908782165,0.27021018575011285,0.08202994818015091,0.061335613262793215,4.762572707037218,0.04341907654511549,0.00017612194091524394,3.063548527539944e-05,0.17512453146795678,0.10393098557783165,0.003635552109924582
13.754143924017873,0.10014691128311794,0.05925953597873384,0.2945507167291127,0.6073206467341903,0.44379590720233986,0.19178734289116847,0.9565762913620101,2.56799042858341,3.3643159654654104e-05,0.074095036850391,0.17071726914126897,0.00013266323064005153,0.15394562957078686,0.3424648269844409,1.4481013697847086e-06,0.6029265923851919,0.004851225080361358,0.04220400889858054,0.11313791397433245,0.9935035256618301,0.12316047056633257,0.6745792235522178,0.5402067250954984,0.13859993576494994,0.04757215092489795,0.15886337759666813,3.667821977424865,0.03838053025028995,0.00011990309456569847,1.4055413868770604e-06,0.086597063106204,0.5585202104245605,0.00027938687250526184
16.63379980451592,0.1880936108857652,0.6394562060998512,0.08288956612603673,1.1408673639621218,0.5047209839930578,0.14477229164076819,1.338202234671849,0.03847880845137366,0.04134824167583778,0.0005523397620871076,0.16631531799465532,5.7449159855131395e-05,0.15971265044882152,0.021592135719240946,0.00012994578127725545,1.0018723221550934,0.006481465812265145,0.020558697342033742,0.03915391045001225,1.0439866798385329,2.014803940907614,0.3580683722461441,0.9610196661772792,0.053537447391726715,0.06796238667076573,0.5337872158290774,5.622457847374419,0.007507865878716697,6.003093789286056e-05,0.00011627747902604253,0.1041204605332778,0.3308551529266105,0.00026091819283406573
21.567131459545404,0.10263337050108176,0.0015330941087680298,0.035073085054304884,1.3697180127901827,0.5652533159036476,0.033483160621890315,1.1561506684950553,2.487182413910895,0.9532482931181194,0.009125054274110969,1.1406160958588285,0.0016800205677934062,0.23569947690131873,0.7972213502368434,5.8511648166800386e-05,1.0539685028600154,0.0018128203825281885,0.00223198496393847,0.24012061164888007,1.4303973409771447,0.4716570745470901,0.573046229818778,0.9935269727086383,0.5965270104446121,0.16150754980243176,0.45618517584381735,5.871883000841777,0.00230819494069766,0.0016948795687791438,5.419130615091329e-05,0.15182768212709088,0.668994443920571,0.0007118688514562395
16.652200880827287,0.20074383889246394,0.7064594432214775,0.014069304777647593,0.5017814769990477,0.3636094529759642,0.06823554045259425,1.1113073446606714,0.41273797721912037,0.1818191712976537,0.007412818345508965,1.749997656766462,0.00019251743395517872,0.4238152573259573,0.1247449421777457,9.259521080471785e-06,0.8046381633239071,0.000507208025599575,0.07665401003958949,0.17960752900378188,1.1287894481913363,0.6736755710677819,0.008602773106628152,0.40659358094461884,0.07825861420420564,0.05652634018432574,0.19108774062751557,5.728698538250178,0.014165248911781144,0.0002085110534241662,1.2459863269348687e-05,0.10323369497228173,1.3320954791829591,0.001909967806751656
17.496050264722435,0.08890870837012807,0.1543589877675957,0.00014576112519679464,1.0348555559055168,0.5305503027270715,0.4808603207875873,1.8912778084808894,0.35490125401690903,0.007127036047463975,0.006012284448121438,0.7951763242161561,3.28141985416449e-05,0.23844932346281167,0.021132756995609618,7.184066605603486e-05,1.6841241313515023,1.694085061983387e-05,0.03903784064119167,0.46282233540038004,1.376128178148245,0.24402050297356528,0.17599851438287342,0.09900056479067952,0.09673068617993848,0.03826399863561279,0.46856938123299097,6.73221407888441,0.042783219435368815,3.5861984266866423e-05,7.441699881591687e-05,0.13338207202710306,0.2971039057886003,0.0018825558006163913
20.467349465622927,0.11910253628687949,0.07406824686089737,0.014103754722752342,0.5829367732002696,0.5330216418574035,0.04718301921494901,1.591593802861692,0.428175124587234,0.024321325154615648,0.0030774525372292603,1.6661378090007406,0.0002695342649837821,0.46678524864340415,0.20839693964727102,1.7782465096747433e-07,1.0604772638595716,0.0004987286892728078,0.0800943365157067,0.24251743921997262,0.5097591616580051,0.12999046184092258,0.0019506609578255742,2.9052110547960446,0.0007701508718879558,0.18618518010722823,0.22744565645713485,8.28727912617235,0.0009003329905573928,0.0002605148699341548,4.0911705639100094e-08,0.16183379674758414,0.9123851643535209,0.0006170079387289887
31.15791653941281,0.16417980616635566,0.06348112364866777,0.046628883591706916,1.6898587416444684,0.9729007801360343,0.7136925087918287,1.807303471671513,3.712249406865623,0.6129900094491718,0.027169454785419954,2.3427725066821012,0.000626109084062702,0.7181926337480786,0.5004131556482014,0.0004540351013956746,1.4969354759779685,5.6372922056614466e-05,0.08430061369089017,0.6213764727610995,1.5558654821959175,0.37269280573392616,0.00262479756754646,0.7734204844911821,1.1029318248345208,0.06352936989711308,0.5658378080921036,10.522045430048381,0.2149850464090207,0.000642557743208628,0.0004354555532702028,0.08453837384735924,0.3182667941412326,0.004518746491386834
35.177354365504,0.5232327738575101,0.08941467795416144,0.2585269748630147,0.0023985636445247403,0.8056158604992327,0.002717225106708041,3.3656089233194826,1.4638223384365183,0.8834723596012773,0.06089049532729428,1.9920278032458643,0.0006698434989532438,0.2016198105862543,0.46772618961226375,0.00021382344946862177,2.1611111134194143,0.006757781974110828,0.02425461378784806,0.7568611639898052,1.5685821147002745,0.05396271875337883,0.18882062030390098,6.413166778127341,0.06549851419593279,0.46913423209209537,0.007860017264162526,11.907246310019072,0.0074081344679647375,0.0006531376609240668,0.00020383947612321105,0.2768461810793989,1.1510096290522374,1.9802137486391363e-05
27.305361581226855,0.3368592542665653,1.1215904120073454,0.04441000236068,1.0478433799518256,0.6602382016226488,0.011063209922108219,3.773338166289694,0.3358246530714441,0.3107330486046082,0.03500196201385753,0.6267328434179061,9.179044277339823e-05,0.2530857836355713,0.02952870055354908,0.0002494401929351455,2.4126735567074404,0.006693794930000629,0.019988443772537008,0.5001317893038703,0.954253765613825,0.10133668684526938,0.1090827606400966,0.6473417458959415,0.32350552579701614,0.3033067400729829,0.6043258409324128,11.878442042732933,0.0006861188968633558,9.928596281840208e-05,0.00025049064308560015,0.24919073118796842,0.6070467150217252,0.00041469791655485426
33.543114350063725,0.2043730664285503,0.23513143971949554,0.07845644756288674,0.16944153334488604,0.9711988776186206,0.25483650107845124,3.69668512534721,4.909996447677329,0.0802299035627954,0.019440803152971472,2.247505293189091,0.0006721809134792611,0.42425626539182704,0.5788868907876196,0.00018077577003516157,2.528767336343445,4.789582648478384e-05,0.002237352392141473,0.2927498884557769,1.3726078162842021,0.08421448317380258,0.00013594052618649325,0.005676914625621556,0.19932081579503141,0.2710982440620352,0.01156356102885152,14.05595194422864,0.0869139941633266,0.0006590593848594461,0.00017220953163170905,0.46612721275689595,0.29142596668114673,0.0021521632583937525
41.69343748208576,0.17488473437462326,2.7692298916104083,0.39942915410069785,3.092186035887031,0.9467947388761105,0.17406511691897178,2.89207131615525,0.5629764611896917,0.38959792575372554,0.07221158703643447,5.5497545617349955,0.0016892330105171755,0.9891750739375392,0.3431630769847041,0.0005093668068129589,1.8514553666768612,0.00038154400032787894,0.030128369845315486,0.36790146200816043,2.446199666758563,0.49418672795046076,0.07662919660273322,2.66146873207613e-05,0.012881893763942583,0.29776396012662526,1.4108425471970547,15.818089334190985,0.0037676715236709115,0.0016991648209658263,0.0005384948720121797,0.3160883122603119,0.19927911644090784,0.007839763982034368
49.17399666689435,0.29330063597576544,0.5262363642769092,0.4524988985307425,2.547722385152853,1.4053981297643579,0.36182698701165983,3.8684154650317493,1.358115232604918,0.2920879003317649,0.020266513129608067,3.552540416000309,0.00042233696410019816,0.9811226419276003,0.44914369773990187,8.604748951161364e-06,1.9297387101932155,0.0017939883792184137,0.11934290913197632,0.32443017595148455,2.0551011282847544,1.270968079931142,0.013676709970661042,2.037027795744275,1.5667218119614386,0.237324806169511,1.0223253857023051,19.413052220285046,0.0007977104066151257,0.00041652960140270775,5.122724917076921e-06,0.24159895198378056,2.8284887421178904,0.002079679163521206
60.836897601766914,0.5263429716759376,4.98104116121482,0.32925236161416066,3.8036672991822438,1.1425939478582192,0.06259245085934968,4.517893042478822,0.10174801683747581,0.9231245385483934,0.001179528410174777,6.027271465512687,0.004847259153473752,1.01341292413605,0.846013107271721,7.168217821753887e-05,2.835556781136791,0.0013896672914755464,0.05450945672421278,0.9711540051099513,2.678711202446453,0.4123471104869762,0.050391223170444255,0.04765795470663522,0.3596013418724554,0.44751607538536514,1.7976889835791399,21.945111230848696,0.013394820200156591,0.004912016791232889,6.630717768033072e-05,0.36488893829922026,4.56687962335062,0.004069106257659173
51.0716160066494,0.3283467260080787,0.8279505475160955,0.10286439829541105,1.0981875147732247,1.3429326324771067,0.5455094241336517,6.870205717207807,0.05505192767076108,0.06946762610967616,0.018614825360705734,3.093075923872215,0.00017684157791715636,0.5024704521876614,0.006606663218265322,4.610656861461362e-06,5.196945223165609,0.00011831178059772296,0.016634132784935387,1.117078772640706,2.491962191839483,0.2944606741795281,1.204042151531083,1.4883551795095573,0.02790119792500967,0.2826917368267957,0.5677034296518247,22.922648705773728,0.026858639405492046,0.0001795693218697759,2.947560790031429e-06,0.51413444672075,0.055269580638638,0.003163284327562788
63.54286451500756,0.8395630083027722,1.0982079023710054,0.002516899107409822,0.43994529756032197,1.7741943081089475,0.13451598419468547,9.013172931808198,0.22439979642126687,0.33355266139832457,0.02101763522391708,3.0247129729825057,5.509216587898424e-06,0.3433825560320725,0.06297769126379202,9.838261373794078e-05,7.083560920857772,0.003231232018739269,0.005656896029233773,1.0845161597723192,2.9727957273451735,0.8320601324392417,0.08393550112695752,0.7228125989604405,0.7954515381805978,0.6764470975587902,0.20619623213731328,31.012515768695106,2.5227832028010096e-05,3.758292883510276e-06,8.856123856443808e-05,0.7412429025944205,0.01005974092267435,9.823997636509404e-07
66.68629989339084,0.6708892208364837,0.47961057133727353,0.9737188230834611,1.7391987637021344,1.3557999805246963,0.006933335937251381,8.482555456782299,0.025192199638576343,0.6993352464732571,0.00807322086757624,5.049805966919312,0.001169820781580181,0.9197903563422367,0.33131805011664345,6.648032443375377e-07,5.676695829433946,0.0008660411220479748,0.015227763762497421,1.0813349426392542,2.9906291053907172,0.4269096886611719,0.04886763815381859,1.279886015587679,2.6688770509072426,0.6258532523906287,0.8852620435183943,27.657287342089525,0.0008195913137692053,0.0011549335432323763,2.6558058048531315e-07,0.6432041784216621,1.9390519571403009,0.0009805755883585832
87.80522318038454,0.7293291888852232,0.5554529195822142,2.482118143303365,0.39399465252702176,2.655244399416015,0.846513670066668,9.73822919222968,8.159215925316841,1.5225024662939644,0.0202858789411326,4.233770338854359,0.00026717621688027713,0.7310106895743184,0.6779818633832596,7.093986380895391e-05,7.447817332225064,0.0013744006388518185,0.013866811293765944,1.176772339651761,5.0750626315512966,1.6506659409793776,0.09839684965041923,1.5322130854432532,0.9102541238449996,0.9703179565973348,0.04698788970876555,35.01085393856029,0.03936895127907652,0.0002734772443107083,6.657907442198623e-05,0.771541391492761,0.31322357507644666,0.00017846161758919713
95.76749581657903,0.8675272113919746,2.01909659136327,0.037022375467739024,5.217107761102882,2.0793933321302034,0.01777773303166666,9.944004230841578,0.6927555492527376,2.203309995477417,0.0038583467252193302,11.55874508878167,0.005085898845989654,1.4212898243106593,1.0179518215054655,0.0005036959957694404,5.849638411740696,0.00010035441840963355,0.007779699211375894,1.6309228914517804,6.458216738823896,0.623131697304463,0.1914824343786241,0.18459737641148516,0.0030304647704152755,0.637374542450987,2.4277332144387955,38.22999000920764,0.06073191758407846,0.005121419205601689,0.0005047953509937287,1.1135375875036597,1.2480404022650182,0.010132403836866945
94.82710041792078,0.8697941143460304,0.8649520061005439,0.13185847893036565,1.68537134658227,2.1979082692852177,0.3135758556568948,11.283929641894492,0.8595106249919576,0.3504268930676261,0.03757794871964901,11.026523342826312,0.0007395434124296187,1.5007247539449806,0.29070860657275016,0.00015470446849574743,7.446728601316631,2.699346741035856e-06,0.03451908344325679,1.3716811826175372,7.218923455729858,1.274997599277189,0.9529480971967202,1.6187815076581882,0.5883225776790485,0.9173885001221832,0.7438440789845487,39.557082233981625,0.04734178864774507,0.0007503859567361966,0.0001437533646912957,1.4800010207728154,0.15166357558420449,0.00822414544104283
98.11097524429438,1.2061781140970063,4.738805973355583,0.38571763690175564,1.9128281349304785,1.825664275164614,0.014402722982114983,12.232644147509559,0.036198305511507795,3.1359318769753592,0.09064816416008083,9.89336297330361,0.0030018071859069777,1.463764065385684,0.40539267121586425,5.024705781083779e-05,7.260528281081956,0.0004093217895380531,0.061054223722494715,2.266705258759687,6.60908708513154,0.057654438322423826,0.183298206410276,0.4198562358013298,2.2729824513200576,1.100871594912158,0.9674458975799393,37.72606165485312,0.0472789263459618,0.0030024078460054032,5.421395966605603e-05,1.3663096645569064,0.4203623556215995,0.003421910542790908
106.78913255679053,0.9821763300042103,1.8164383477984882,1.085017947648345,4.4892020620904045,2.3921084773614054,0.20307144254585457,14.19092327226322,0.10773383448366314,0.973635458252171,0.014594491188975777,8.920217432103653,0.0009572331565423764,1.7224503869659518,0.2726686795464172,9.772948639971597e-05,8.066139797120721,0.00022101295803436585,0.06724180062152633,2.348338701541306,9.183867010770221,0.6289005523527175,0.2715490840291793,0.9040617365674856,2.2206069882215083,0.8948747270826524,2.2456823610992034,41.449102293826826,0.017546584205784463,0.0009524249835851071,0.00010927736342064192,1.1729663830086965,0.1421275145486636,0.0035511815932911216
137.9927556785992,1.0492878187988564,0.6642549841080108,2.4291530875256533,5.43089820811355,3.316635720465219,0.22669956005361083,18.51487746971304,0.6686610325097191,0.2469628112017742,0.013205393408595485,10.799641652073685,0.0016496722039325213,1.4340504009279795,0.7210437194711897,1.8392135494608294e-06,11.733091051346209,0.0011190494048880794,0.03165497794978496,3.438679922973825,13.856541866197661,0.023562453496060287,0.38921207499880983,1.1875597350097933,1.3421418695541731,1.3387433336161116,2.5221526796421765,53.25375782727827,0.016300405741517345,0.0016620871004614669,3.805711731138457e-06,1.4659983651515138,1.8714161569626264,0.0021346466752286087
155.55079127316554,1.4834567462404884,0.31840056273310857,0.03792056154914305,4.376148564791617,3.6437098389096367,0.40007431034788876,20.383661056307186,0.9308861455209361,0.8520228198897781,0.015139632406247118,15.240605003486417,0.0011829310423315076,1.7916495194446056,0.5624922550653862,3.528477431289774e-05,13.402793895159789,0.00043441747897196375,0.02810960437235862,3.4153025144527107,17.56864718672021,0.7813754950859355,0.8175076456539784,3.978924724656149,0.15004259605491083,1.587330395393429,2.011438495639305,59.283728400518505,0.007355741383979161,0.0011741084068358101,3.313131305003596e-05,2.0854288147862747,0.389349496986314,0.004429376593759134
143.06748150014502,1.4956707511849516,2.5157109498730503,0.7563875821985333,1.776904122401538,3.3942935152765235,0.7083809847124392,22.079398085937818,3.2518631802399165,0.19565772505297774,0.10820335160833056,10.368901575478455,0.00043460807153393157,1.6808870451724467,0.4122752178550443,0.00022696745455700975,13.92472302431036,2.871748419407951e-05,0.0021714728289787327,3.263489561237139,13.60161794054055,0.33872740672209345,0.874700669873569,0.016529064949737167,1.379966927512811,1.114552901657988,0.6937854639815415,56.99394078974726,0.13125968757341328,0.00042752625350496405,0.00021269451726966903,1.9620363138795105,0.019124599891264565,0.00499107466571969
195.31009159411425,2.0217494104549143,2.73467998523493,0.331329139473527,8.239353372478595,5.252292506566786,0.658374148859752,26.7326259544407,2.522861081036875,0.5627784477442587,0.04050680468876986,11.20866673960735,0.001106157675491958,1.7675433524153765,1.0404191056103524,3.7596224022016565e-05,18.897710156053414,0.007190075289539179,0.027679416461566315,3.4041342963612715,26.03818557063979,0.7702919462604272,0.027713856435436123,1.9139372194525281,0.1890489631422441,1.8156204547380719,3.6158267044495025,71.80560461464877,0.02031534502909716,0.001135102165370093,3.608112334177226e-05,2.08507739786247,1.5762218000051855,3.8791484518255075e-05
216.3948889105334,2.0255768316850657,1.7320457107414888,1.213286262844244,7.160836480853336,5.932838741178125,1.070084121529304,28.991136744103912,2.70329085161636,0.006625293163220227,0.05291438678448805,13.902166950033466,0.0004186979323796328,1.5486750900147914,0.8271505282308182,5.438901665520864e-05,20.040371474986127,0.0033613319582165603,0.04481867795011823,3.5668789584836302,26.440455765812516,2.000214133988252,0.12822797007629916,3.0468831669674565,0.5963703467068693,2.039905378380734,3.1075740080672114,84.29388889363595,0.02588011900494728,0.00041441473122843457,5.6418574486711445e-05,2.0055215034798315,1.8869091642527134,5.610374918320552e-05
55.022604216004176,0.18215160374351752,1.2117704846349087,0.07794732261367583,1.1779894709237893,0.7714036098021821,0.10724257138634033,1.8795595740438633,1.0410678349939035,0.009126617420388842,0.016016217477525404,12.051925278613949,0.0023960424185338917,0.8794362456140035,0.5438919730945477,0.0014146930105076382,3.113816622097331,0.007237723529114824,0.15160001814937563,1.1902537088835181,1.394059491271452,1.6514727229019766,3.3768429421882726,1.1498878302433708,9.140333757272664e-05,0.17900066413875054,0.49745245945569194,19.851624687308597,0.20220825326145714,0.0023718101858937303,0.0014019625254425784,0.5333677448755033,1.726942289066186,0.03963234279303444
12.344016413798848,0.0068019809677005195,0.2892312532808604,0.11209227901981517,0.06924891181150229,0.027233827900588214,0.08293118354138307,0.2851393523441637,0.00716233683269991,1.0167017477715636,0.13921887932320098,4.604963822272949,0.003971228876530617,0.4003492298005334,0.2004800196083835,0.0014970775593062702,0.5205163416060394,0.001951502972659221,0.6006786406026341,0.18484869649157076,0.23001931008509047,1.0252590822597367,1.6245074072452175,0.11187949611415215,0.58419719056096,0.004486715922445185,0.031378386980370945,0.05782218685299151,0.004702447543681909,0.003981323561788011,0.0015115401769202237,0.04402840055478496,0.006620364287446071,0.058604249069177515
6.474587518062988,0.015098100887953743,0.00016477854005762172,0.8833422992508474,0.6946633849319751,0.0004437833809540156,0.005298289693256472,0.0013740309529021127,0.40149393963445135,0.28878949437607715,0.00572530840299151,0.011507870536140054,1.4776505037667283e-06,0.010021670944870482,0.007285188636948462,5.0888863989742216e-05,0.006668585835938458,0.005153720464323885,0.1418774713811851,0.06209792414094092,0.08836232007761655,0.774974228287553,0.15960688273381027,1.372961507298316,0.9679056196625293,0.025073819482540838,0.4230702111120758,0.0003768985309321165,0.03701385289677213,1.8828389258393049e-06,4.486441234552327e-05,0.052683082379909124,0.017517773847323573,0.01393636599603041
8.769265877600949,0.02687535174350355,0.015228095663498312,0.07899276958604061,0.04971822277255886,0.09200055478580163,0.09737062379858254,0.26104577590023514,0.07881244177556629,0.7947287774751476,0.004372474267452861,0.8319598547975976,0.0006920493054947131,0.22825206268811576,0.03883732507288606,0.0001542042685662872,1.0842255430672771,0.021849521514871073,0.09454979163605248,0.013652326215576105,0.11000683052692783,0.09835979932102705,0.21117411797856675,0.11683603158468267,0.24666582346962418,0.03095083752652311,0.025762676710329706,0.45041881670778033,0.0317271868616011,0.0007005768859899248,0.00014575133800509771,0.08677315267639747,3.545585296190357,0.0008412134883123367
8.531486575763893,0.0053352106101400175,0.2340048709327015,0.09241176332394577,0.022548166115973572,0.07319321410980817,0.21037190427338243,0.250452369336963,9.14613593916078e-06,0.05830224932805476,0.010006957387964251,1.992764151527797,0.001999792608139609,0.2677214218997968,0.1345088189467296,0.0003034531446238147,0.8887751174595476,0.02113378645584434,0.252858773333171,0.04974580057581072,0.19617967012658505,0.37113780921916933,0.3978089148250734,1.1161802811686241,0.2031314336112528,0.001099838751233906,0.015928443129353414,0.148953082293261,0.04717159738209785,0.0019626606490126515,0.0002995597255687372,0.021225873917035332,1.443800069404772,0.00016037405451977015
8.063451640614772,0.017267528737655552,0.10687799508261732,0.5177386319957358,0.10040563304014954,0.14470859388132906,0.01355487834742638,0.02207276337023354,1.5072492425795712,1.1992725069592638,0.003829541869913158,0.4630638550153862,6.494823304169314e-05,0.025570146178229003,0.20693341110284408,8.776239190955502e-05,0.21703930791966786,0.014305547388830215,0.3725121050995581,0.15822414498223117,0.002011919207955287,0.01002483099072985,2.297643525990312,0.15324643325197806,0.003621736159688441,0.025005594323216324,0.01112014211726388,0.41922492518589766,0.0032132589547933473,6.671330739325692e-05,8.882900173684785e-05,0.0007797043804480871,0.045903092769946315,0.0007223907978181506
6.097433314597301,0.002626029285079984,0.15725855506966688,0.024711987736407606,0.4109632270148827,0.07449393654301797,0.014256083191937871,0.016167162771171622,1.1891523593830822,0.5378583852390681,0.08005785437495656,0.6547248354512634,0.0010599750421194,0.04803364606953859,0.3554132248963274,0.00018110099102504546,0.0058825077602482284,0.00046412968697937196,0.11244017022762129,0.07812176068704599,0.005278361560025729,0.31020060207857836,0.09255581189550033,0.43702698868900297,0.6494622887261481,0.0003095976590273822,0.12095002368080755,0.6163390832787999,0.006619532630996954,0.0010465775814977921,0.00018495489374585784,0.0003566153124145961,0.08802125131398371,0.005214693875330986
6.208246191187323,0.0004522234471124534,1.0508470214048173,0.015355183472935411,0.055828073941738506,2.0170224791781565e-05,0.0009730211256782033,0.0032466176201774986,1.5626071250736153,0.9361110640343634,0.005781300881421186,0.0713054034019443,0.0005864809000399846,0.0017401796834363703,0.20205281526093516,0.00018100388370273672,0.03237170557823845,0.00032060601727281407,0.053822155308723474,0.007380224671735269,0.00615258724997577,1.249438117127398,0.009673227394296945,0.050092568734938545,0.4201117180466064,0.004121176997412754,0.077447781684953,0.05295066054790507,0.05623378753106608,0.0005860980569533169,0.00017673922174639214,0.00478182695842372,0.27015003080254324,0.005347494900422947
4.728645892007345,0.01366520736127948,2.048563077667254,0.14380687454985516,0.05648396378918921,0.0003062407459002474,0.04553960610318567,0.024995875683793033,0.12386897577375841,0.4352791204858646,0.06117684617765519,0.003978159473309761,0.0007497350123297685,0.06018101247792296,0.09836360936746075,7.805987326242139e-07,0.03037101848634932,0.0036416736497951086,0.001745032938229418,0.02052885203616841,0.002494439703139406,0.004728749722340735,0.4938002301612069,0.25599069659758256,0.5899158398232607,6.223120081241126e-05,0.014052966008675973,0.013185626263993479,0.04899687891893761,0.0007475734045024996,8.856345570300629e-07,0.008738000787149362,0.12179363793942186,0.0008924734637304725
7.035277347023556,0.0009134511386339052,1.5694843491079373,0.8395066056045878,0.6398443233100256,0.032789720826424354,0.14122615155588386,0.17426777028858656,1.0426729065703209,0.02317306068434142,0.000942915526578042,0.47411915909344277,0.0005600342900576525,0.16731286699677553,0.13322067031389742,0.0005299579065767232,0.07046879961201366,0.00018769099184579453,0.03690872068367426,0.014072603480586575,0.042104769586546284,0.7228488404993165,0.081788777448803,0.30920889579669986,0.07306600397706307,0.005790341040269835,0.2191346910822302,0.14125005375574579,0.052733090368682,0.0005863466616195231,0.0005083031119481805,0.013950637135922515,2.8030735017951872e-05,0.010076807841502208
4.585845490510691,0.00553833139278122,0.4063577591395282,0.04949667597892571,0.6897189187715246,0.0009232882782887524,0.005152639800861205,0.03818346249272523,0.5978053918998086,0.03624147955533363,0.005794337925819375,0.7784019150896062,0.00023353051390705677,0.10088692139659697,0.00044402922647266064,9.022598549031018e-05,0.12696925368356232,0.00029143379341029115,0.10713517410221583,0.028916467252679594,0.11062953706606767,0.41084042889617545,0.11545127629592714,0.059404060491141435,0.06871585532376964,0.0026309535983893868,0.41914111760645945,0.03029521760831791,0.020119316610522863,0.0002212194548182914,9.475387286981521e-05,0.022076561536002372,0.3385718473496321,0.009072108521059559
5.28627814415933,0.026315451168724028,0.11204571326114403,1.343933717605768,0.006794384897519908,0.0013958065938017466,0.09526200764600982,0.07424274366186934,0.14362301106023884,0.5517274042449436,0.002349374267639126,0.036411867687886894,8.254552355856783e-05,0.004589125332572447,0.00036094985119789917,6.124616914444439e-07,0.07290929609770354,0.0019696748425340415,0.008661844185983774,0.003938316371634355,0.015929810079222253,0.1583293053543186,0.000952325449016164,0.0030294922857238885,2.494870344469698,0.009586797954641488,0.00015415807193005387,0.041613387800760786,0.0007312561051977967,8.897642067845733e-05,8.488040173159622e-07,0.05018108265727485,0.022297353699720142,0.0018991582447083768
6.207899843857271,0.054769253239535395,1.0407535097333305,0.45261033583557303,0.3186466923028127,0.006858436669209192,0.3104810376110096,0.06265287864741687,0.930527174050906,1.147768037501086,0.00273702142396199,0.15828589930095546,0.000762559203749235,0.0007854135472176677,0.015360219905897443,7.503419581692977e-05,0.19879315474516873,0.005580041775701781,0.0005529006930442516,0.12040994525662806,0.20953548781192938,0.1906046423792364,0.10925737261531623,0.006339841174030587,0.0019565880369732287,0.06356655736933917,0.22502261044501373,0.35660763537982165,0.03171638593576758,0.0007704521265605573,8.079910027821738e-05,0.0050510818149090775,0.17851896880668575,0.00046187522238873416
5.85176204981116,0.016503037480913904,1.2630855003440182,0.2722999415826937,0.1356010738520873,0.044374017369868846,0.024981571020925863,0.2975557710485436,0.16871264238539482,0.012450259948179332,0.008851590349236644,0.012203357291517348,0.0006622291864061188,0.08235693897113036,0.085390892454675,0.00012838159677859744,0.5762424405617725,0.0016577838546651452,0.025335031466724025,0.06256248217836242,0.04596538321933247,0.06419999730773722,0.3659518961763123,0.6722319429661727,0.06368542431548094,0.03523154456483647,0.04298838968135685,1.0006833695331594,0.0014199834170826088,0.0006653534261321033,0.00012007934733319689,0.0333522724435536,0.4340638135938749,0.00024765687490225927
9.638712571342106,0.2292527881600818,0.11324323731764505,0.06131319296236605,0.020908298243352833,0.042521886035496774,0.43132369599503206,0.1901419104765719,0.021712379362676382,2.733928412464384,0.00025896502629749044,0.24374615940781585,0.0012380084453810585,8.716168049768879e-05,0.17417541561784988,0.00015375985911899304,0.33542982263549037,0.006494540186127719,0.05339570894479388,0.03853158420365972,0.17835237021630607,0.5652133577165447,0.602475225169221,1.5316278958016616,0.5052347530968957,0.08278365421863661,0.010369210746412302,0.9345428814289582,0.02499188050123479,0.0012350768390196859,0.00015809735520721412,0.05804290237525214,0.445707109995723,0.00012122885639296563
3.0270860994137196,0.03362616382483335,0.038786885803906414,0.19143304041438683,0.07630120533232233,0.02211701754133685,0.028256486904419433,0.21524326280165906,0.19486937457811843,0.5061293584757659,0.013634246959802537,0.0010192193042538814,8.430566004344214e-05,0.0069098130119604265,0.04817729664966833,7.228857898870408e-05,0.3277943245570812,0.004435301862635294,0.04888939540391665,0.010333718417971713,0.21360539616291607,0.2791166014862471,0.11171338825328879,0.1606058587899717,0.07445845310866847,0.05578406732895013,0.056481525583934516,0.18055570225369807,0.04856556422974226,8.09719402493757e-05,8.378653422090283e-05,0.07723048830822205,0.0006862888447321818,5.3005058076902504e-06
5.102539209828689,0.0865922526734713,0.0018101207877129473,0.8288351210848233,0.10517409807463482,0.07238177683072371,0.02079568692828846,0.16470819026444303,0.11434243698536796,0.060950495904596134,0.000469883937379793,0.3012105323625097,7.509625164946098e-05,0.0002507505593130803,0.013084123922204692,8.741626146399477e-05,0.3781635706632278,0.002290701341564983,0.0012408105746535933,0.09323241057400763,0.20296397491009138,0.0019928472531694115,0.0010887008940295945,0.6501710935287547,0.22939028015695712,0.027646878356250775,0.06359973649762472,1.3964658658507394,0.011971208075731094,7.829651583566452e-05,7.968589126295716e-05,0.01053169902914215,0.26068314753099564,0.00018031935606712229
5.978694428254808,0.11113720244423038,0.03798568248761388,0.09482730070663759,0.00877724519386831,0.011208376748387955,0.22361201618387286,0.15085452593255894,0.017293305650104233,1.9651880802132464,0.0517347665333994,0.5921006772538981,0.000874779490692993,0.013071283949009893,0.06414882918949165,1.3040353424625046e-06,0.23600180229913723,0.001374067373351049,0.021485171497210485,0.0467557331963617,0.0684535855034918,0.4027264903376245,0.006141462842888839,0.3997913502405981,0.5734359065288507,0.05503776511545779,0.002762631664522138,0.6335905626548356,0.10463596571288429,0.0008965330003454736,3.4664812917110705e-07,0.07981159689280835,0.0016977059955342038,0.0012803747384213613
6.763696296804369,0.14880162331498256,0.10606316226457077,0.013341997801558186,1.3230391005765665,0.05573407176613516,0.0013543497129226826,0.26521492417374964,0.5977183571368719,0.03689712343940644,0.05807069269788286,0.24910720382354912,6.212972910081259e-06,0.0048417195325857025,0.006573118650867718,8.256855101224058e-05,0.4679640921255801,0.0013004363815539372,0.01923258121543845,0.08227843756492038,0.004925319337920953,0.48326035520294564,0.013743046598180111,0.47447580078933516,0.12949666488414013,0.07203194743496182,0.7731133853458337,1.36271491853088,0.0065832943243909255,4.487511044460328e-06,7.808911701353893e-05,0.0019335735444543165,0.003703839064289832,9.80141591381435e-06
8.963471899424249,0.006465516662945824,0.20363591578875403,0.8527548853488126,0.2950902226400943,0.03654825622403939,0.007279747358311273,0.026228406778373934,1.676789040995125,1.1047591733671838,0.04532196334247786,0.745262360720666,0.002102478693355401,0.12794247123359143,0.552335438381375,0.00040055556304364727,0.0061951060382869965,3.4116575856501735e-05,0.003333185004906906,0.0008414245177170444,0.06761854809356685,2.1656963637191597,0.1123163509141558,0.12446276807732554,0.005960871392784835,0.0021345991053354006,0.0707673132382721,0.3971107800255918,4.1808915722643425e-06,0.002131602077332017,0.0003951224485761223,0.06529055538404162,0.25123647090486084,0.005026107916758797
9.88607915420581,0.00018696078411516975,0.00855911728892979,0.03176951731928664,1.051911594287056,0.2716271658122997,0.5560703234977308,0.13471337407642273,1.295716163236918,0.013397062530336326,0.08495768683741024,0.8624389611893809,0.00011415282300772356,0.16660875196926828,0.10449338260134941,0.0005172257097964131,0.17193169793505947,0.0003253870943818479,0.020810366768503508,0.039284334684364035,0.21908528297371035,0.3217594763965084,0.06590163772336181,0.010745310493799532,0.8541471391853545,0.0024516860844737798,0.4013389763437917,2.6692271179973073,8.85421967005438e-05,0.0001092548192899056,0.0005292966120015191,0.010597180391416341,0.5069590968437396,0.007705929698736992
10.821181517276758,0.01634786920503917,0.08703420905805576,0.06810824151162603,2.6890086217300095,0.3110521796292202,0.1952324400738288,0.31519579399396,0.16931187561774239,0.1168985801407694,0.03342938800232131,0.46852517125579657,0.00028280943234469376,0.0910188145102124,0.14095658303012043,0.0002330125384434671,0.3794419114438516,0.00012088447485030056,0.007091556588554314,0.07552184985212342,0.2936204771635345,0.17392337740765557,0.005724807153554831,0.009279046557587382,0.32571952663074616,0.0004538066481728583,1.2765897745791557,3.526371839975203,0.005069659375403134,0.0002988168067073278,0.0002354200368307999,0.029974013974288654,0.0050094838196055,0.004099675059442372
11.41249777828148,0.04280008427222221,0.2254398246443192,0.8752320225522408,0.6621474910609909,0.1285429363843575,0.03147468940005166,0.24674546731607055,0.2142616507093084,0.42946854158582537,0.0011064367404144844,0.9387101136878037,3.1418274438318684e-06,0.14753256728205233,0.0014814938542334647,2.180205236929372e-05,0.29329574986130164,0.0011017103627710661,0.03751736219890361,0.08096043828061036,0.4503457606395388,0.5193045151420191,0.17486079659323586,2.026978063094341,0.46613817685278097,0.015209302353829798,0.3667962471129327,2.1825403922924638,0.0003629611570140555,2.928911304542057e-06,2.498816239842888e-05,0.0037884206016701653,0.8461408643393042,0.0021608369553573637
11.535199808449278,0.04790567923467943,1.2563219948533189,0.2278316667176952,1.5054032766177672,0.22579553581754416,0.012345590518116302,0.5015989764369808,0.0962972571638007,0.033208247928053436,0.0029886369618296145,0.6190808139659608,0.000227219067281231,0.12561890377682458,0.022180138979580287,6.230809147482117e-05,0.6274977345798193,0.00015994719930132543,0.023161745319506915,0.20648677944351973,0.24131997962986845,0.009631110719726214,0.0006542609140239226,0.15722391919520579,0.20136044816044524,0.03289267209305763,0.8193876238411417,4.376896715011737,0.001031069457399524,0.00023974988892187617,5.654890200462999e-05,0.014252559908390788,0.14447513730285236,0.0016055607514473243
14.820902839862361,0.06983485281763088,0.26035254054054685,0.9027162286224281,0.8814442597981865,0.16408247103099438,0.015220653556666523,0.6154501068800163,1.2330296002765488,0.3087539008089565,0.00019111066918648395,1.3401860715668836,2.8486937671195587e-05,0.15635218276535431,0.01780827774343375,1.7756512261958845e-05,0.6059174876875547,4.087426903492222e-06,0.03161202669722376,0.10789914915366879,0.32263541603369367,0.3284138922286101,0.6705091532608388,1.5972888623931403,0.06787762649313628,0.01974665679304449,0.5844835665541447,4.043589724760557,0.002318938114679313,2.4583745559915002e-05,2.224712800867856e-05,0.052270211322652846,0.4194394424911352,0.0013812670510437222
13.23548704118714,0.03922692745307208,0.6015971192626832,0.5870788468165432,0.04292725439180438,0.14810478721131443,0.19963624501549343,1.103074647855925,0.0001756682595231147,0.706406211287531,0.034831848787122005,0.45527161042148306,0.0010009833007559395,0.0278547459560633,0.0776172372625729,3.887781588214443e-06,0.9266119045968669,0.0002210870862410634,0.01133549617408098,0.1022903290736892,0.36759081827831,0.8982541231587068,0.7631726431665025,0.7453610854260543,1.8214056920861024,0.06262862836302341,0.014581793533545405,3.20530117734225,0.07655070753194176,0.0010039994062398664,3.512242988194442e-06,0.17278090440206326,0.03957341159819077,0.0020117066568669548
11.772007147516918,0.1547044273435683,0.01004928181167319,0.30469488376160225,0.33204919511366127,0.19869694654005376,0.009936101637230556,1.2711054864442048,0.34277515156499044,0.04918340363027864,0.0010376200161500754,0.11068448040942616,2.292651069819955e-05,0.03761484176954188,5.366027888681526e-06,0.00021821041507817776,1.1289548447268216,0.0050189932126843825,0.001380904887244074,0.19932857253321942,0.5196382885938486,0.04030843358811233,0.059264001479628195,1.1342035775200714,1.5371102775956094,0.09959557867746274,0.21603577284052386,3.583776427897721,0.04230531994510063,2.145143774153986e-05,0.0002172016880347515,0.051348873895272526,0.3304430526103971,0.0002772513913798945
14.911583795060322,0.03157130815824927,0.13876279907602948,0.24454245880936262,0.8108309452166094,0.48949472198853705,0.39588549289554964,1.1950002570475424,0.1998865518136951,0.8323362109217972,0.011830760202912493,0.3777199164784863,0.00019551581474239738,0.1508936664282289,0.013661543668522926,1.4793669153533364e-08,1.234314948620663,0.00011910452469282637,1.861807361708269e-06,0.11417720654681271,0.2969279408793228,0.2278082295411173,0.08811185053559166,0.25428467191511134,0.5284941283583677,0.028734841939249398,0.36754401165410944,6.646102050483191,0.0002596584372524665,0.00020596515923840212,1.1416439121681471e-09,0.014278237964670556,0.217402668313186,0.00020425392480560238
11.39494197989959,0.04614141016533986,0.08998741571544185,0.11319644753776988,0.5787392010294272,0.3197534539233644,0.0372180667145411,1.5057984497652437,0.0026698183624403954,0.02871754327932754,0.014601900058504086,0.3501922577131463,8.106458385642047e-06,0.11514023674657586,0.024157898239722697,1.1241060497558258e-07,1.2211193950861599,0.0002823605180246083,0.03753350968880756,0.14522403856364013,0.19224660030518778,0.13267113123624483,0.031757087846759235,0.033098554552988324,0.04944396801791426,0.06226816714936935,0.29927309869257773,5.7134303447725205,0.006875476505505331,9.370292594919729e-06,2.3079470988970258e-07,0.02197913373954165,0.221272872500072,0.00013432151713794566
18.420359226738498,0.15189593732879442,0.7389363768890552,0.00036919673823012245,0.8123248511668691,0.34254203080014234,0.06917968593863238,1.1998745789417655,0.012752172304911984,0.723257912629123,0.0013838561379620855,1.925948534202762,0.0012965211463234344,0.4529221241715339,0.2129034177626664,4.230060056645615e-06,0.7772947676059734,0.0008823366092500965,0.0011082312597661265,0.18718757184541926,0.24069837887140413,0.00016080803083160403,0.05796121694459078,1.292472882532081,0.046378326805253424,0.2205806901013406,0.40755008103230234,7.138572018833539,0.0001152012385770525,0.0013197774544026558,3.7500607757267314e-06,0.019178797609714866,1.383016507413733,0.0002864562707157698
18.387495242127454,0.12346045670364296,0.8169017289289419,0.040150250881837886,0.0038563117135730672,0.3112890218312351,0.0028919595217093844,1.5252069153247139,1.6523495347387545,0.01316656591315495,0.027782120913108874,2.061978695139836,0.0012879583779826331,0.27858373972220485,0.3816417871197457,9.767765050770678e-05,0.7693703048012325,1.7923058517173845e-05,0.0023577432112275127,0.16717648925777542,0.11038429559113276,0.5684960021828921,0.0508484323273547,0.032392880812228235,0.15010614297430533,0.14682958745877545,0.023702688136093,7.219057961439313,0.0611586362786301,0.0012554631660429611,0.0001011999229581548,0.11954314378014078,1.7209902980225904,0.0030613252252922147
23.992135227144303,0.0521944224021839,0.4300453229095364,5.487569133814567e-06,1.7580145975066137,0.7180812246126873,0.32250709904941044,1.692430554903631,0.28940967196469475,0.0232397399601162,4.6173920146622436e-05,1.5119561149322953,1.1476922852921165e-05,0.6024900221908227,0.12140881347089154,1.2199087199288385e-05,1.5554927422619194,0.0004299198332871775,0.0023052197418735854,0.2194904656821843,0.7480103400821818,0.38465855232820684,0.014847748203949695,2.5620388938597545,0.1434798137901825,0.13639449891650873,0.7956292089798979,9.608360329816222,0.015426152593559313,1.0986557962656842e-05,8.488933660403274e-06,0.026484766756273544,0.25592433744249615,0.0012898399619671098
19.56877203798305,0.1782334714701395,0.08604296923869105,0.33518590464950226,0.06768715755537658,0.4653634917008473,0.0275540715978148,2.1005690721775467,0.5003047366372029,0.40074759049825426,0.0011652512532071056,1.964494134991098,0.00047656062727148205,0.27339581928777656,0.13383760181227872,7.13119701652835e-05,1.9706429275337538,2.716263640512571e-05,0.005529891038985748,0.34493095669819873,0.3157591114410139,0.15781470290499813,0.2930976287013703,0.00021510054138958393,0.21931739703212064,0.14271603060840451,0.019334258922336384,9.331546532024749,0.010760972603799752,0.0004873339483058927,6.273539076221413e-05,0.21517944742037584,0.003550348304444462,0.0026703547644651845
29.360171618625415,0.2030203073137492,1.2125719053198976,0.07176564666104167,2.072529268064315,0.8520394414008294,0.27365546289152554,2.809158699208223,0.011887961751570865,0.02555375648222022,0.010329327312205894,1.3499692809055617,1.2588798652721438e-05,0.36627313544207013,0.022759844552751363,3.082382661699696e-05,2.8430503254211263,0.00039194008911137043,0.0009142464795445003,0.47766736680710753,1.3437008871072342,0.6131774304725552,0.0375817431208829,0.03101030847346677,0.07653621216571935,0.13455517816899507,1.060250510694581,13.32567253082703,0.0005338860356440378,1.1053195713989265e-05,3.12467239211848e-05,0.11053235962453853,0.022083507577781655,0.000913435709229535
33.85007997166279,0.3285439188756156,0.9297815608044808,0.4288658930765063,1.6033351354694196,1.0913661231876446,0.13128185375451087,3.8308362613003313,0.2965833633872711,0.2928952709517005,0.03741872678469071,0.8205152325826193,0.00012699246784799044,0.345768004896905,0.1453750596566411,2.600320863816353e-06,3.521585592386955,0.0013019126973977057,0.005002864764988701,0.5401034271358921,0.6997530048537669,0.00012459198966261332,0.07109779196278443,0.00010532907834198506,0.3287313374343734,0.16520645168276013,0.75316162649835,17.21444632371411,0.0671010532431218,0.00013694462719345639,2.0081863440373403e-06,0.14317376600626985,0.056349795383001305,1.5250042353881555e-07
34.50431376081375,0.3906221790326512,0.00026564095573514227,0.5079793816716422,0.5968204783742608,0.9310226221179931,0.018128070636436462,4.026099110819782,0.49922419013819286,0.4052744506007084,1.623654755365032e-05,1.854332908992126,0.00029828822482097836,0.3552729644628348,0.2553105023527965,1.4996435645515874e-05,2.9523931713144758,0.0018661383191626937,0.012760812768122576,0.6288581153800319,1.1115261869193458,0.007055075631722717,0.030852498779395506,2.241016637762571,0.7728024978515705,0.3093791387216392,0.24386873114188176,15.505125114472355,0.002429383977086685,0.00029590977401451043,1.6547067701086005e-05,0.14503423007507726,0.6983277746088442,2.3774885567586465e-05
46.393907198430846,0.46389297299294785,0.07257944591248507,0.17112116165381813,0.8364304817536224,1.359463159577266,0.15587679870360738,4.588662429809561,1.6741987316351026,0.7154823800411872,0.018833539550303053,3.7288741840435624,0.0006180345431671756,0.5523059925057411,0.44674020908091905,3.9942935034192066e-05,4.307374183870528,0.00017210298217107552,0.01332430439256437,0.5097670681379248,1.4780820757670061,0.02007586183949426,0.026127824416265308,2.1126112494571303,0.05543666296537422,0.3322287518535958,0.3016488759033057,21.790410233637232,0.003991710350406176,0.0006226817074477303,4.262715518428216e-05,0.5016496163661722,0.15387570702488387,0.0013461958658321197
45.04299627535506,0.5520372312787412,0.5543812335497955,0.3476197174268137,0.48751545680035907,1.1478345987683587,0.08784540611643891,4.836842487358518,1.507985137771407,0.7159878157038743,0.011680547288114839,4.363568803383388,0.0009560114815325114,0.7115631115557484,0.3665373283185224,0.00014583506610885608,4.2054861301171576,3.548625496644435e-06,0.0006099281850878992,1.033919900799365,1.7002721836661838,0.0010835497397720434,0.1241126267230747,0.24838320024085148,0.3150585380320255,0.3189557986663998,0.16650879979510985,20.76812922966589,0.00157497788978773,0.0009662106580999885,0.00013608243175153027,0.357708952472426,0.10409497634471253,0.003490919434138891
49.17406716664083,0.4879475754736423,0.0768600320881582,0.13459824436193746,0.8695431294756545,1.2763084268509604,0.11941364482079686,5.5937707427487,1.0794768076345014,1.056022536447179,0.007622368960659061,4.97259385935272,0.0010296528435487816,0.7879639157248485,0.3558331976640525,0.00017300499929580305,4.028811377278635,2.2034747975625694e-05,0.017140391795459977,1.2844154314244813,1.841836072838769,0.005256567528958688,0.2524626482224808,0.7129034293057823,0.12435305628753873,0.36493126532480136,0.3484433422778734,22.91704669172266,0.035458212272522015,0.001021209976139494,0.00018239565009020144,0.4111361884703422,0.004848565611147235,0.0046411464585170295
52.56707538736613,0.2588412021545657,0.04466824946825152,0.647916218229514,1.9661695491110869,1.544366082320498,0.9607081285265601,6.1572374853823355,0.6176722884546539,0.00024672565911445187,0.007237621099285698,3.14330991125632,3.079647091471088e-05,1.0172038088437203,0.03553052996950786,0.0002728626252276637,4.803478825623155,0.0004387227861104684,0.006927845330664982,0.7807123716481162,1.7751424537820717,0.9344590819821851,0.6631712892342745,0.048220824125032896,0.3730428107198653,0.21101652709566363,0.92753609752895,24.73546207107552,0.0739263446277763,2.8763285888246686e-05,0.0002545534085696289,0.34502664673663264,0.48283018460714244,0.0039885141969496305
53.15827706741167,0.28122233455396145,0.1336564225310258,0.15577610626178942,1.9984568711259973,1.5077216351512162,0.5029012828583136,6.3824341562944396,1.7185810769754,3.143780755909745e-05,0.08247071314487399,4.936118374125633,0.0005418819927093674,1.5383784971996248,0.3831287220546795,0.0002503278815538485,3.637866637959986,0.000285133572549715,0.019688303016624033,0.7796421106970047,2.0895303387417585,0.10137839698312064,0.3354649893853551,0.2711951015508412,0.7921249358930972,0.2719296163245473,0.8094394216324023,23.777788213215157,0.006846515690939871,0.00055124203699469,0.0002637289076358635,0.33751401489412175,0.29991964661006704,0.005178880340684048
73.1411407857118,0.5248440762275718,1.129778402551692,0.11082354513736091,1.9577978143356451,2.0567344381886152,0.7756587022831452,7.359020813409777,1.3756139936616492,0.615722837781168,0.0019492522606843925,6.1886287090304135,4.604678359940216e-05,1.4546048382641228,0.21380700779306497,4.421311744748536e-05,4.735421207964944,0.00040016767919835,0.07880180507339857,0.6619440563906939,3.430295633196656,3.2245787547206177,0.3677901902437618,1.1395359667030778,0.23995428788617734,0.41954053317978285,0.8026787647718746,32.54842314383594,0.0023072318000053826,4.105138609482162e-05,4.591256791159912e-05,0.5245591816511709,1.1949906687271394,0.004757537107398226
80.83909474655033,1.0184112256641866,1.0640859378428922,0.2258043681453351,0.8041231979554238,1.6150160998990906,0.001406306961700137,9.770021758616512,0.3721256415401446,0.8464458089876552,0.0020018840885786607,10.08198697571587,0.002295642813885037,1.2522317761975506,0.4867385480669826,2.5471652296602675e-05,6.749991307308618,0.00011859250350867537,0.024259524271250325,1.8262296640911468,4.631304775646084,0.03279373740755614,0.6411436628619726,1.338723550140027,0.0860761551890036,0.83620653196313,0.355514279412265,34.0215223332904,0.011665882741287712,0.002273860906340195,2.723681105174268e-05,1.0853154800717548,1.647753688077217,0.00545383970962346
87.1806915620061,0.6280583567956682,3.063490792521631,0.0052076142403594755,5.164934763578014,1.7664873928266986,0.08753106307373136,9.545088385760694,0.3619890817421434,0.12000691256320013,0.031076075752322463,8.282143905249983,0.0005775420706297105,1.9914042298293912,0.10747677808314474,2.1573000484361752e-05,5.408762280986058,0.00014268767734356002,0.0722432703600626,0.8598644590334183,4.53221342963651,0.9323922404927798,0.5971552226960203,0.6050849162630498,0.37174839736014953,0.547790584374778,2.808529159785017,35.38162200739027,0.028777185021080863,0.0005866972785064165,2.0146581310558202e-05,0.8045919816788822,3.069133445467834,0.004538982834932029
100.04187828390397,0.7995402956601253,0.45766847999340254,0.632756309458874,4.094817699380003,3.1639173131159866,0.6904184103815104,14.265540347351822,1.1461696927439136,0.30064334227124195,0.010015649204604085,4.046724421866881,0.0001248921702346141,0.8412346828170382,0.347258649775308,5.3462667842911055e-06,10.595157869102495,0.002998524850655279,0.00905270262202916,1.4622770012795476,7.35490625148369,0.19428576765850158,0.01443364191214187,0.4093375198000458,0.5718542202075604,0.7953544430444146,1.8498208085740726,44.75417749369238,0.02130803801459873,0.00011275488441696918,5.641559024283263e-06,1.2042508188174403,0.00569848957361345,1.076436960225691e-05
118.66816931819854,0.6962207373819157,0.0057459746894128775,0.9093447945353658,5.3130165306438855,3.8381738730489707,2.074584167875859,15.118405953266787,6.964598478886617,0.001364711759075805,0.008830077667697896,6.030781288227895,8.531222064932836e-05,1.5770402513555173,0.7754454052718059,0.0003270403117856179,10.48903506989264,0.0001942527846143642,0.018283868818671254,1.4243522159159385,10.088946299109304,0.4483172927128658,0.03133299678128931,0.5857781745354654,0.0279851155741833,0.5960967806763229,2.044969432610157,48.52256121879922,0.03072886785804447,8.05152470411065e-05,0.0003357972825306545,1.0248931540498414,0.017712648587471656,0.0026010198196982546
158.5159097605302,1.4850479736448199,0.8689603555741261,0.07853554062920234,4.451180164807072,4.79063395538642,0.8926163209125864,17.19383747471975,13.52324186203991,0.2532322269846183,0.0008856190929249135,10.124485666683539,0.00279815700762436,1.637004546648339,2.5577176870460483,0.0001265871906723755,11.75952438726145,0.0022001948705665775,0.02494993231046901,2.0229863580345895,12.983434799976143,0.00019302660234138316,0.34818390882278244,2.3526375007533487,1.0265299658974307,1.0765135664039192,1.3651372216333708,62.34173710974689,0.04919325247736646,0.0027617641823132946,0.0001225121571796672,1.187192512702471,4.111576975298481,0.0007306330314644574
157.95406342001678,1.4074525893903225,2.5910650694685486,0.03447060067532857,6.406483030485032,3.810140395439664,0.3897500404514856,18.135408820195124,1.625092665483346,1.488757586850263,0.07873220117883953,16.438906057155066,0.0026880317913538,1.9071835732650742,0.9147778968410546,0.00019992436299206138,12.629432234125764,2.587041293244062e-05,0.010474158047043772,2.4873432158152657,17.657364307025013,0.6608513726421216,0.30528443558490087,1.5373956685378365,0.08047790740381826,1.5399419824370004,2.883533179684058,60.463085735661146,0.12504571015470678,0.002660105074500132,0.0001957899853401567,1.7308195906038997,0.6048240390109196,0.004199634777010287
173.77769622522075,1.5736656547859253,1.0829742460010827,0.2586006145962281,3.0005823209988653,4.053699521183042,0.5324210357135275,22.743747216493503,5.591665818332709,0.5416894218421552,9.936081386313503e-05,18.797614378261102,0.002548534055627896,1.9860153570450467,1.2568956619343583,0.0003798882184715233,14.34523337054932,9.569370741354761e-05,0.0026773035284657406,3.8933033105592707,18.932302896189572,0.03721780291203864,0.886013781915697,1.2710007924479307,0.24032581299388844,1.705791324425161,1.0993972594243735,66.72892446019611,0.007816574125236278,0.0025268691288166563,0.00039955119144981314,1.907012869668908,1.2858867711882707,0.009170750793330169
184.5524873769968,1.801205311484407,3.1735484590240457,0.08007449822394715,3.150043583284063,4.783886930229284,0.8989895018938214,28.493175550176744,4.211515604232356,0.007773356391695903,0.0027731793023298974,11.636411909943476,0.00035214085839097324,1.2940900798051627,0.6568780067615275,1.2734072157298277e-06,18.283163200709023,0.003353992263186562,0.013750570483560166,3.6701607955892066,22.610548998053087,0.854254301902812,0.3439651870451424,0.1720747588243,0.0070152113261170435,1.86580602438071,1.227335101469849,72.08859100975515,0.0002542688334725923,0.0003464819148444946,6.487122837078767e-07,2.4102875503800685,0.8095717531453721,0.001288137190156454
233.54759673275123,2.360048496803125,3.3480938788610586,0.04363950000368486,10.091619885668052,5.616721160249758,0.36431462049066177,28.85271188542322,3.2666532135017894,0.6179721020623927,0.0022626368551932137,16.75548187616116,0.003039372316737395,1.5037289038832562,1.6795415014267634,1.0193984590188548e-05,22.653383057869558,0.004154432899712549,0.07073950428750701,4.549202023091111,33.54417927870905,0.051634981272477065,0.00022277595226845358,1.2377673192679521,0.11886076304364186,2.1918197055304223,4.439997846593552,82.77242279332052,0.0003242632504702197,0.0030484729172952363,7.789913396997817e-06,2.6314020852246918,4.771945558811333,0.0006448531047989405
48.4033116932895,0.2086171713910152,0.1749201356357517,0.08491802228888436,1.6158503446212775,0.42368514129501056,0.0011886104699029532,0.9888455676681553,0.248861146345104,0.001179052333938423,0.03136645264919795,13.297299839697724,0.0044050791647887505,0.6482010852399456,0.5430489339147871,0.0013896559909004733,2.7616112806759294,0.0027195390547396117,0.1332544827175206,0.8925581151462659,3.049733763945958,1.834296405474893,2.9970431927949606,7.073779817397393e-06,0.10057378259443758,0.200753027648655,0.7622994524169964,13.488260440859701,0.006639386626616448,0.004492013095618361,0.0013858646959688384,0.7640333012712976,3.077608576435962,0.05226575534777952
9.704821688733814,0.0002639320417690116,1.9716406847322236,0.035640012717749144,0.35379569312240466,0.008360698936670906,0.014764269856558687,0.019089090634278612,0.09549413891048342,0.0027629436460835685,0.08688337973795555,1.5524877640164523,0.00012134917319763162,0.0037007380741892015,0.00037740335665986365,0.00065314696445525,0.0003786406907500848,5.34939028540756e-06,0.30317484406728173,0.4996145601115359,0.030696217129159615,0.7345312765805245,2.758067369395602,0.037234727408467894,0.0021792181037690187,0.0009099935040633294,0.1772057336764675,0.09643108978441825,0.025044212704210558,0.00011523642303210749,0.0006354624178421977,0.16020746925251264,0.6869536897990727,0.04540135237368783
4.663783636187198,0.008039219190148428,0.426217922670184,0.06466362256664857,0.17306031912031353,0.009918794439630185,0.04525569565714633,0.1618554675005368,0.23316961983359835,0.11601254173467919,0.02329466164905843,0.2113466749482229,3.331742942702947e-05,0.08126743675280898,0.05652292504542373,3.100417715685891e-05,0.14518333456959492,0.014434598671810132,0.024647099680077965,0.05424448564538896,0.08329757831740146,0.23196206359146876,0.015801808678274326,1.561261891647338,0.1621853705991914,0.007616979095350535,0.05608080664821939,0.029872411530583818,0.0009296403757376551,3.1634261791785714e-05,2.4520289042675054e-05,0.20718882788010423,0.4508854932873314,0.007445868703506989
6.327854669065604,0.010923477256576365,0.036773037636003994,0.49201052675143064,0.11161611479784171,0.05184906743665448,0.014255373551826316,0.2540153439733229,0.3460801796237703,0.484097497348783,0.013028728249470154,0.25934483517458934,0.0003151641269105445,0.18122288066184344,0.05842738204010028,0.00018909186806753914,0.876363849096642,0.019867334796485638,0.019552093351520188,0.12248558801518394,0.5884837390917601,0.016145383727032135,0.024235495843663094,0.014826118474055327,0.02648668675145192,0.051124093299397266,0.09000240931764894,0.29495807932787976,0.060547701408387083,0.00031244107856533355,0.00019611012513109555,0.05852958734560735,1.7477172781591312,0.0018719793588695772
5.189077687978809,0.1135880521088471,0.434899982907089,0.8366852347903275,0.1148677541175132,0.07393830976256079,0.00013090319647148562,0.32174256605982443,0.05724423982282613,0.04647366900506387,0.022923798684923075,0.13000546542110555,0.00010033812749875636,0.13179068792147078,8.21170043597184e-05,0.00033004982419151073,0.9471802510384083,0.01817941183357146,0.11902714114956171,0.02822321968542064,0.32734695347490894,0.017756850308504706,0.1534969268345122,0.10172979524429424,0.20822710227744443,0.038544779406896344,0.06702932868442958,0.7015396510436154,0.11277162599569865,0.00010381839523479894,0.00032656396913463234,0.02913555875075126,0.03350244506544466,0.0001530960669047314
6.516989282455153,0.03485925863668476,0.0022345318218421647,0.0001722030589560423,0.5126827814192547,0.07666784341227893,0.014109452395666456,0.1798345774680528,0.32217741911556286,1.2776197759410044,0.017167131004483863,0.4177679717898003,1.813968598203128e-05,0.12080376864511899,1.083017980379341e-05,0.0003232788762473683,0.6965236199943334,0.018558920033501375,0.28662076678586695,0.009921848698380791,0.23091190829330605,0.1360131671426185,0.7455495178330868,0.12813650343953034,0.10793918473157153,0.03253193405743644,0.31182237576204846,0.4492003759906936,6.346361421055481e-05,1.5411687373065133e-05,0.00031469825748479935,0.02614225634266226,0.3600570943191274,0.00021727202118073958
4.334268661183168,0.06961082916894654,0.02598156687469869,0.5840317625848082,0.11720240069322574,0.0532746403829745,0.0021016883094261557,0.09681931487359047,0.024569551456051983,0.0024903202835846053,0.06831764235832521,0.24810698742090975,2.493587616281371e-06,0.02927053635925228,0.003942418835585604,0.00013039157045449117,0.5077809367773918,0.007388967664084094,0.0886869606262328,0.017770353364161204,0.27310642856858414,0.0821159918139642,0.01857584666441325,0.7347076105991533,0.08228319879546905,0.06308991465889019,0.06738396021830145,0.9510103959065143,0.0170182846358868,3.864106190761799e-06,0.00012432313846220432,0.0069740184005596265,0.08851485963617753,0.0018802008492802985
6.124420261090726,0.08240159765975946,0.4483885683875372,0.3705310049230002,0.1715634845574972,0.002327325646590892,0.24953663067212625,0.24004414874641858,0.26284501183147074,0.3102805127596954,0.020851442405247632,0.06652444117785612,0.00010729773930231805,0.16345826588760412,0.0003257351924480108,0.0001127887934941209,0.8186983601424068,0.006516220370587898,0.10846582356347893,0.08577457660345321,0.2946483075214864,0.9608032450540998,0.03167067424749738,0.3510579904529922,0.15305335313352014,0.08540330968158166,0.05571236164262058,0.4833862041073121,0.12121991021413467,0.0001019959516346559,0.00012013987976291175,0.11835440158595426,0.058906452448132064,0.001228678110021932
13.487687601922474,0.06675136231649773,0.4739628220458467,0.1315694279799088,0.07504281166409862,0.2561777773485655,0.1135605275261967,0.0058785547818349234,5.8110842383626675,1.3118343338812477,0.002180312058008292,0.2779755648124571,0.0012602275091669309,0.017556544454280863,0.6945752064455858,0.00014346598951353395,0.2331082977525833,0.004585862297043545,0.018479203982446412,0.0054686625663257745,0.3635919157850584,0.011571170725691365,1.0305601203920436,0.022579936064526452,1.1260988829211747,0.028334884096670208,0.001173770797996306,1.3509069962084976,0.01833980704332931,0.0012607581720518288,0.00013746746909160608,0.0096025129715192,0.019503867270339474,0.002830308230209319
5.719693082786134,0.004689241995611285,0.008928439618449788,1.8304050071127436,0.033662280577961425,0.00669774846742949,0.0002326277661331282,0.014343185369032709,0.7167822096056845,0.4003317542043993,0.08370058974255884,0.568899220221436,0.0007786051004599581,0.003853155642311315,0.13808298826353768,0.0003900219349176707,0.0035684987620533096,0.0003289492466780682,0.009825994191613034,0.1495331756191433,0.18313752497881758,0.5576365904790961,0.005203476995961057,0.07884093467423857,0.6827478287269466,0.00431645040099905,0.004258907418683524,0.18202480819593908,0.02507216456030274,0.0007492614581417218,0.0003718301760670255,0.008012183141011315,0.00033869689798904536,0.011948731239785555
6.590362000329599,0.06808165493074658,0.003235889039056238,0.07948793052275416,0.0757403762903275,0.00010471159488725783,0.1629233334063971,0.3197686409979429,1.4116106496332927,0.12461975547509026,0.0002656239939690309,0.0007621852289338722,0.0001295899730608738,0.09587516220603863,0.09477826532181988,0.0003258840276457323,0.32809069500585203,0.00987710315129564,0.0007783823607430689,0.0859704361014996,0.2678296627439622,0.0037100222369718314,0.01775708722296292,0.5145324181475889,2.448561024094116,0.07308935798765412,0.0064884500782186666,0.2198791199854511,0.0750827291169576,0.00013148714379361805,0.00032959567190105315,0.09915681650199566,0.00085452077452616,0.0005334393621465653
8.281529638173804,0.0582523977635324,0.5782904181419957,0.21664874210997392,0.10556911191588583,0.034556676753545894,0.0049463557093782674,0.14738891082569325,1.4638519272754607,1.5380259960134501,0.02011229586013844,0.5270163989582665,0.0009069312103116096,0.00033297957486145635,0.16853605370318833,0.00012453798111277878,0.5034654926522264,0.003111831470531397,0.00022045786572477208,0.22312994747868403,0.9270968877314749,0.20168714846467806,0.012562002696256434,0.33483780090997856,0.051899053569886555,0.1037634877931693,0.10801877973010682,0.43557793804281875,0.016483394521063472,0.0008885518107165891,0.00011736462653806325,0.17281754222575219,0.31379627145248495,0.007495951334918875
9.190495899878755,0.11871826868226874,0.4675313247663806,0.004023798474290721,0.5197344322784009,0.04375494831928353,0.0013210145588836509,0.12650875472701997,2.244266237182165,0.06006120413609307,0.032428664564075,0.9658213910160687,0.0003865639405276285,3.676927335266613e-05,0.19487851808225626,8.59297941221637e-06,0.3239531317972458,0.003725776380209942,0.06754255430692777,0.2156436480717147,1.0554189556913693,0.011702913702559393,0.0026558962721226083,0.03672805546853694,0.03276613955997312,0.08597420529795838,0.4234823493040746,0.7427143078186428,0.06195399385706164,0.0003883788012581069,7.527097456925276e-06,0.13997051616553835,1.1997100882034324,0.006676979102195648
6.342704449821783,0.0551686760116599,0.13607943091747474,0.6912641084480313,0.4868353620503086,0.09963802254944484,0.02434566680370125,0.40538018831469763,0.07160317437691559,0.07415051641055194,0.040925245200935316,0.0010772810493585741,1.441021438410342e-05,0.016505144611665405,0.0008297149362408835,5.711208487902846e-05,0.7059316008233646,0.009759561519217362,0.031153454417770423,0.14308945660246167,1.3044614403446315,0.08280020164992359,0.021254806931471002,0.031811422010268056,0.3635325334109423,0.027042620697159334,0.26819530543706815,0.7962672258225368,0.07327619110924725,1.4638545878044049e-05,5.680523045234276e-05,0.18565250918617313,0.19305197914367495,0.0014786429592934247
9.44626445151871,0.06166355168509165,0.039323873620799504,0.42427087615106207,0.4809109821571788,0.08769858133919017,0.14636810004024672,0.25864854500377765,0.040995251409019405,1.657979817004272,0.03246085812460584,0.19256196103505235,0.0013814005933911078,0.0007955498165843803,0.28508028419036524,4.762367108487918e-05,0.3974277899425318,0.010048376329576798,0.010780468727903192,0.15159119022678802,0.8378983804308786,0.8986309653680243,0.5758873474653383,0.543734016340203,0.46866304278325466,0.13115771842070317,0.2053937152607226,0.8568918904566895,0.058616630954535724,0.0013950083361091623,4.696515193401826e-05,0.16398645139182572,0.42314722558976015,0.0007800125002098858
13.58981748171409,0.18987939283026709,0.5756890948805266,2.651943128998358,0.18744277841974516,0.29028996537294705,0.05138984498177825,0.3963072063628047,1.1650966272319048,0.26261114435370553,0.007485393714256219,0.01336657262518556,2.386335865600257e-05,0.00574261518469925,0.12204411550718573,9.208520135097238e-06,0.8169305914718938,0.011715382789138095,0.024281741909248974,0.12368148901305984,0.8611130964940551,0.2855300230997334,0.8475866885976272,0.20361931511577738,1.5133418342634533,0.052020786706371995,0.045139189279346036,2.700711401186543,0.01644893017559115,2.036877751262813e-05,5.931599366334411e-06,0.13521528774466032,0.03251455878961821,0.0006199123589413825
13.133504713132513,0.13250037709556617,0.007312154782334556,1.2901006574601845,0.05957280536452472,0.08217057774160338,0.07709815468495974,0.7297082884025284,0.11808693490717406,0.2703282782980021,3.033397833181563e-05,0.4424122770354256,9.139898405404814e-05,0.03338716815932219,0.008776299567560831,9.738487622820727e-06,1.1075607242197638,0.005396100568137044,0.0079778762828563,0.38991506944638654,0.8992719137776161,0.6307966926103485,0.021306899016565878,0.23914618295812096,3.4153436712900374,0.11595583388812927,0.048737025289868986,2.47574307733343,0.01686632870924316,8.532760985739155e-05,8.711381246867728e-06,0.28222865570008376,0.22196849499845753,0.0036106831031685127
12.925502762561655,0.1560077182730372,0.43595918323665034,0.9112962626600287,0.10592620926740143,0.37813404922114496,0.09177542916413708,0.8770410536278832,0.2956538511606894,0.023411960068727908,0.06357174470592403,0.01633274371764544,6.914313626690118e-05,0.014987408764763269,0.017389641674838762,0.0002340865660877282,2.0179106692100115,0.015418542239118517,0.0010715758058559008,0.19920886734897195,1.731649663097647,0.6572414728741309,0.1852833742483489,0.07010637995950461,0.5920523590156158,0.1622943000637653,0.03178422672437123,3.640932935285734,0.01670241740187667,6.347079703072109e-05,0.0002297977359059912,0.19798564958690767,0.01772737207304989,4.920384858155288e-05
15.339378857745052,0.15924779486881308,0.027664029155618487,0.6792247292386896,0.2606515321674664,0.40930593331072107,0.0026875658333242168,1.1275826101893711,0.5047897995147134,0.9120213943627644,0.07105461487481089,0.3352075861768886,0.00036714555799820925,0.011418639089414507,0.1940423023522141,4.969528453277844e-05,1.8415932201796985,0.00942580901824104,0.0006127529164781157,0.5635875698110966,1.5982410206499742,0.16661233314510987,0.15959132803317752,0.23650497858126004,0.6313027896088644,0.22249604285583116,0.0869752121139521,4.898630717163468,0.048316084045513505,0.0003519201762617665,4.718238494193575e-05,0.17809363920859864,0.0010142644298353676,0.0006666214454093758
12.230840469033401,0.0975297535543769,0.028528611190545346,0.897651185625218,0.027140943062886533,0.35422287539684055,0.18701617022252418,1.0752624323795283,0.413891169811376,0.056962772375974254,0.001289394000168967,0.059521425968334825,0.00018594331405547343,0.0025282065487140233,0.004702858832634823,8.820486450176743e-05,1.9469395857353553,0.007656757274832351,0.03354238441746367,0.4248102707969807,1.308038786626062,0.3752608390124587,0.0004919884189990575,0.015288197927642862,0.6173361154252931,0.1270625781647727,0.004273650760114149,3.9492756238627407,0.0015252946027696375,0.00019640034249981375,8.678337873056769e-05,0.1645996795930774,0.047388800882837034,0.0005447846630922234
17.18399447024715,0.14848140589141,0.9649980764337275,0.05193264053135238,1.1633821778639228,0.4278505079356179,0.030500228027321948,0.7771816053168832,1.2151239820808974,0.4637351551982982,0.00012538374665179341,1.0881743880221189,0.0012141385057767256,0.05125667875430405,0.4128846769580707,5.181531098066387e-05,1.131362889094146,0.0037421617698973056,0.01804653225031563,0.3221673865247439,2.052909626634925,0.04191698188169014,0.21670037047037438,0.0020693506554061705,0.6977982136790044,0.11270884941993276,0.43241208431688183,4.865480293141445,0.008088039870265979,0.0011870379237208847,5.745781020231432e-05,0.17237170837702656,0.304987746435395,0.003094879414441102
15.460437352435427,0.12957110996027432,0.27943284172031646,0.048072414482186195,0.999590165966155,0.3764216655961495,0.026669335426714992,1.0054701897724287,5.2810414556368506e-05,0.9058710521012732,0.011742925597654136,1.2110489951145027,0.0003546446149924258,0.055387755245244245,0.04983562885152884,2.354974225431658e-05,1.5930401706131203,0.0021027372948821325,0.013332796122312007,0.25584863453729206,1.205669850544503,0.024051014103649702,0.023916977528083697,0.03202732151369988,0.008422860151734662,0.1375770196833722,0.51541832575685,5.986205593616228,0.02198075734991326,0.00033616228069305494,2.463746731418524e-05,0.33238130174760777,0.20477984704851043,0.0037762604694291085
22.816430743581286,0.2168295804708313,0.8224166728574324,0.08218288680238539,0.2116321927405825,0.4496494173076319,0.022337249136443124,1.066317749657875,2.0923113127100037,0.03362835191283854,0.10323504327642154,2.8224917616506846,0.0012077586335525398,0.12544041210541498,0.4353979051781936,0.00014127489775027046,1.7705302555516487,0.0019500241124326123,0.09919783378259642,0.5161334844787661,2.380138388044167,0.02453493119932666,0.008719656640278364,0.03684690647513794,0.0033430359215520736,0.2260349593611207,0.039069411643836774,7.390226679152011,0.15518829643325868,0.0011786689572017184,0.0001451275507018103,0.42813515226461374,1.2404859661180534,0.009352396556541295
25.630866166951474,0.4405761601225928,0.7498011902052956,1.1571549599052353e-05,0.00041656004757080587,0.4559693518112048,0.11422002438477667,1.9804096426010644,0.9124102177164517,2.5126640988849185,0.06088998677740504,1.7031812049220152,0.0017540737614947035,0.019435847255719473,0.42098866611725355,2.6305974616567125e-05,2.500083523976703,0.009242832026084577,0.04938580378563478,1.0504302464377968,1.9253168619576433,0.275742547428011,0.16506841740584935,0.710614522856254,0.1481507205751327,0.5134799111008403,0.010338008194203507,8.066687968852204,0.010243507894876517,0.0017279280268546933,2.7725620525349816e-05,0.48142680266897514,0.3383271621726773,0.001816773839225752
31.91679879044998,0.1813935282879466,0.5064951639853732,0.48986842131499486,0.8461050989061102,0.9509146025900022,0.41663925719517536,2.374494325207569,3.22331825438373,0.7466725557884919,0.00456444007321284,0.5912077336841725,0.00033221657250394863,0.030654896863370543,0.34932101775355934,6.270732033168123e-05,3.585197011329655,0.004577570191291255,0.0038817064606896856,0.714016971351519,2.7765002843930033,0.021657824860412248,0.09592364052013017,0.5089908180928907,2.101098739239525,0.2063353285298318,0.2539966481174863,9.919310155010338,0.00578331218849907,0.0003287343561279875,7.234072922496309e-05,0.4087489508325358,0.5961152372930724,0.002219297027205873
28.677835075095206,0.3245639451466833,0.19090444134138654,1.1387129486039247,0.8546375446801202,0.648140444386084,0.011244157228899937,2.7071394673594824,0.02628311441352298,0.09653875676724302,0.00018019847639761115,2.1823414061453876,0.00015369415708244865,0.01044170182586832,0.0458055604638315,2.9415695530850595e-05,3.22942045404934,0.0032402621827463023,0.0026183083374375763,0.6881525723018481,2.9719891846880193,0.0044243823805255435,0.19820872842322204,0.29996789359566245,0.1574061312388685,0.29239003602952485,0.4584256783533538,11.48034613752069,0.00537927263082674,0.0001617892101074481,3.518902630883497e-05,0.4611120173660587,0.18563265719520558,0.0018075838740169799
32.02279160790651,0.31831711182576505,0.010959543924473054,0.6102194547676099,0.6408973634978913,1.01407609685091,0.686022662105205,2.702690352296533,4.636141530987067,0.11316665117720695,0.018160101840192386,0.727724301162007,1.3221992332973145e-05,0.06098867829661828,0.31931829626110353,1.2420541786885258e-05,3.788819414072174,0.005610960706772804,0.00026597000338942684,0.3501975466106741,4.487083836503289,0.1358988080023114,0.1129932679486717,0.29144238467017763,0.00011454444525374969,0.12635793548175617,0.14940878071417238,10.03709552155709,0.04493336246911723,1.1480559584807616e-05,9.515756584494044e-06,0.49248401343848447,0.14010120945404425,0.0012552679862580954
32.463950508781394,0.3430419843044587,0.18344137587689233,0.7885472780365953,0.9475507500090665,0.6687098826105449,0.0035840393790938095,3.3801948025875124,0.48563316304721243,0.03542635255929157,0.0001060523622907609,1.8317135361229946,2.616474390109639e-08,0.06395066673720308,0.005840021326862587,0.00020904515097354214,3.65937229843734,0.005010398969777541,0.007116805389432787,0.7538701970613712,2.5058053709843047,0.026502716666787295,0.23097997207362445,2.5482641457838646,0.020171067815765994,0.318243995034278,0.5762189304156123,12.275409337816305,0.032234192306033256,5.99391896763142e-08,0.00020323620432517405,0.42553375322328507,0.3404732291202336,0.0005918252641259414
39.5997767032114,0.3044658546831317,0.0027999750793492578,0.6453548744178248,1.2013339996526953,1.280645949992904,0.46056922726666893,3.916561387964358,0.40443161470829553,0.10190678003320337,0.26719556328967026,1.1651903233326355,6.023195908054479e-05,0.1117104775265389,0.0566748832433203,9.386650141659524e-05,4.183005110122278,0.00799599239951638,0.014652385129852416,0.54205029421456,3.555727202279759,1.658496352956115,0.000984843254877992,1.885046867324562,0.46035572199947866,0.39206491301905644,0.523138389639885,15.575352407037139,0.22777961585847017,6.676790764963262e-05,0.00010273238801402281,0.5121394942545787,0.1416371868881156,0.0001854168863958948
33.491964799251306,0.42370952787211,0.003554742949073824,0.010645595265704721,0.5889115310199194,0.9011441959507529,0.12692745116186704,4.858846105276375,6.673320299307476e-05,0.1428739246852227,0.0008556917267137224,0.7092496773671448,0.00032256327875445257,0.09763127214605857,0.00179444519804103,0.0002804620068120636,3.924097635911779,0.008712868417833173,0.02112354123192007,0.5544426712235061,2.6719715144852616,0.6667299908033735,0.005474062189273503,1.6024866391383756,0.7088684279882397,0.2812971439909848,0.3103533972827727,13.86900356753709,0.04691151355256655,0.0003398760143257093,0.0002928850655147449,0.553464235092055,0.39957932457036566,1.5856485231618013e-06
44.75110431829006,0.2280606767306991,0.6658563241821702,1.5090501616903162,1.0493705758233272,1.1847745486581496,0.6146524367105989,4.248293279978291,5.186796301237024,0.00025509385330617574,0.04605381434884796,3.0971299581001634,0.0005172474635290739,0.46929553947251745,0.5159152311880044,0.0006260233865022447,3.5062828126056327,3.3864022490053785e-05,0.027155012702535557,0.7094444418897295,3.421531855067966,0.009967555183691997,0.048613122959965185,0.3332441656740672,0.06423021840190717,0.22899099587834118,0.30253337556092524,16.554404937052354,0.0005601892776376011,0.0005352276389511259,0.0006094268236718324,0.6276198518113896,0.08920961136221843,0.009490441553137269
54.86745030042954,0.6016299950868489,0.9017348351094236,0.0534972611563707,2.380947713074478,1.3574263665392308,0.018517640592386052,4.648550798254883,1.3134552732752605,1.791121285598729,0.013508110083521128,5.148243675126017,0.0027509334441539112,0.7509661202640099,0.8080381343031606,7.685534240916856e-05,4.00617182255019,0.0026524629545327904,0.11157198402364013,1.5391064401516128,4.378245367780494,0.008679788537482056,0.07384055800105528,1.3545614931300638,0.0021934090843086173,0.5121466408146569,0.9758127165113981,20.71957424300695,0.03399661693498585,0.0027464289569144496,7.336992676042695e-05,0.498031405111572,0.8534198891039827,0.004160666598062475
