SPE,SPE_x0,SPE_x1,SPE_x2,SPE_x3,SPE_x4,SPE_x5,SPE_x6,SPE_x7,SPE_x8,SPE_x9,SPE_x10,SPE_x11,SPE_x12,SPE_x13,SPE_x14,SPE_x15,SPE_x16,SPE_x17,SPE_x18,SPE_x19,SPE_x20,SPE_x21,SPE_x22,SPE_x23,SPE_x24,SPE_x25,SPE_x26,SPE_x27,SPE_x28,SPE_x29,SPE_x30,SPE_x31,SPE_x32
2.569269581150363,0.0035607970247867847,0.5802750184633845,0.05898569203449839,0.11426203128805684,0.0003624369634506141,3.1866238101780076e-05,0.0024662425475735603,0.29834479620605664,0.020172292998297547,0.04244216149779401,0.06907822065697208,0.00048372447993680784,0.009926573085100454,0.005962164480389654,2.929430902504639e-06,0.00018648914482245036,0.00021474728605477066,0.002571971107074353,0.003932641549170546,0.014607670632115571,0.07156776362082934,0.06282966886628116,0.7804138809453837,0.21770789082516823,0.0039253230781960595,0.07097989728951885,0.004537259554822852,0.04604457757791032,0.0005039537123518523,4.707945040060486e-06,0.002300292322049032,0.08036109571684091,0.0002228025814311953
3.043288511539995,0.005691877686654872,0.515330920052968,0.07555569491115485,0.3600411037927334,0.0015678584290970967,0.004324921611285679,0.03288255472752931,0.7543541257611285,0.008914096985054226,0.002725252241263534,0.22535851848005883,4.045653599941089e-05,0.0351631838479637,0.04179187837204016,1.2152379396529272e-06,0.014468680210920196,0.00012361201789829235,0.0002646268523661476,0.009988465790804419,0.019965320160953308,0.0015878096381483344,0.0005008386318010529,0.0834535411416198,0.36849602513865326,0.001365076424981961,0.1929944760903288,3.0235104604031523e-05,0.007795947521297655,4.4723019866346346e-05,4.1454517645264884e-07,0.003036344587784203,0.2751186928936889,0.000310023096230641
4.925974972756981,0.031551703606463886,1.1445490717408542,0.30393003748093866,0.0061954443439197334,0.00017386570574888687,0.08529065218016353,0.00884906675013625,0.7855370242401406,0.0004486886894885011,0.07164967134091794,0.024166419299368934,7.0055659228228656e-06,0.004782536130480543,0.0025224411424171335,0.00014460353642629928,0.04350311455025626,0.00026673404089278566,0.0036456579689135285,0.01015541418444967,0.005003711034037989,0.02792663978851733,0.0005814111745376501,0.121838859502149,1.832387060201851,0.014716309100921273,0.0041543546256941465,0.12035235185086546,0.025649577140463217,6.3014393494013655e-06,0.000159676040098962,0.0005432860911606822,0.244990701195237,0.0002955810741967553
3.052263241625174,0.0008781306204704404,0.07465576945947355,0.43167961585285486,0.12365653178069963,0.0005837292526834896,0.03644843700915986,0.031829744623931344,0.3079718600022536,0.004860987594653967,0.0028049845875549296,8.945158414097204e-05,0.00044098090437447347,0.02450108681826098,0.0005448563660012965,4.315827449623101e-05,0.05969640651148859,0.00020753036728562822,0.025067857892530097,0.0003964951148312468,0.0009824720693154846,0.24068530295015184,0.07889302604285944,0.44947994058825774,0.639381813137765,0.003990785826152047,0.06688072929106464,0.019547902447225308,0.00417282018704851,0.00043619374073258245,4.1873827474687576e-05,0.03135159911728958,0.3900208971588277,4.027062386418573e-05
4.419333590085503,0.022253637788343644,0.5161221782598533,1.287758017698567,0.3288772800142292,1.091478062777345e-06,0.06420480065840431,0.0024525058322567616,0.03379363711673969,0.5425015698015232,0.001060207687978092,0.14619270003108595,3.7463668143012695e-05,0.002846315826539021,0.018292413576378234,0.0002923177291635367,0.0015496188666692472,1.9234785225575346e-06,0.0007765370005819636,0.05199081647114907,0.030492000760309935,0.0003574670015372444,0.09464758203696035,0.13990687522235898,0.6914180412517663,0.060496278037124464,0.15297249768605492,0.019004514402719053,0.005302513766303523,3.6753968488546486e-05,0.00029555996799764643,0.011382555971552686,0.19192188316503567,9.403386310360603e-05
4.777055018927753,0.0726498666988188,0.38529557082794347,0.5914213524983034,0.08320157416320219,0.00011647910742177558,0.13581276768583728,0.0681601325762143,0.031336385605287294,0.34501904823787305,0.0020630733568502793,0.3731639098477906,0.0009402595013984072,0.06406768424182822,0.08537671527659389,0.00016176001798666763,0.019752275577551787,7.289081264078588e-06,0.03348363825108893,0.053641634726536144,0.006293107278149402,0.004772780844115415,0.11027609404075164,0.6200543318799979,0.635449392449207,0.01356599529531837,0.030971165750971995,0.031022540486564092,0.0031035765449463995,0.0009145832041443139,0.0001629298768042714,0.013870011329375027,0.9601176584251937,0.0008094342424236728
5.008263232240286,0.023342376567419415,0.581641107252973,0.42614830516014696,0.21953165601694044,0.011803541424203316,0.0042166061330197535,0.013339537703803372,0.07703637174560947,0.0004758927258664059,0.039512408196709724,0.0013876656545028297,1.3224053333138401e-05,0.02066156050153231,0.0020188601823930147,0.0004236768617885926,4.381794719226334e-07,0.0002876612587325135,0.0016337503718928652,0.055789203093112034,0.022145264474347524,0.8757927318991453,0.44779650159377543,0.8307027144977304,0.3660146067964156,0.020354849764438975,0.12907895167745911,0.13734311105710345,0.026609916875290313,1.3333730973591375e-05,0.0004039344537741502,0.015235032981204906,0.6560537772513656,0.0014546621038111077
5.904843436418636,0.02185547667401641,0.602143469705322,0.05262779103396611,1.667446186525553,0.004417838304260396,0.0013696985429456471,0.020930462631539345,0.5784308859095373,0.7252978260637853,5.866082353784892e-05,0.06184583429033692,5.947786213399648e-06,0.007922336823871858,0.0025227464869808694,8.491791472652032e-05,0.05249418572670301,0.001297642486629013,0.03239189313003499,0.032571552994590885,0.039962461220330626,0.2027977290474955,0.09876666736534176,0.08231521211776464,2.89224447338531e-07,0.0026798802479176243,0.8054459946943201,0.019811854168143662,0.016890942216681852,6.813676998555146e-06,8.287654500632724e-05,0.019690884823458665,0.750667149095309,9.328120869610735e-06
2.6872697112444244,9.981322237371064e-06,0.05971546662529679,0.006463685314698965,0.26524985209804436,0.006673992857844016,0.0133792339558674,0.026159014948969567,0.028422059726693556,0.0004325701468792263,0.04287253234675726,0.3421206895411353,0.00010426364992838325,0.05629776652549342,0.05624790498012098,0.00015274529737391426,0.0015948807331386326,0.000986667205604413,0.006207005042581919,1.3047146209067298e-06,0.0005030375071897686,0.40652060554459907,0.0030265436895342097,0.00030443846453303,0.21117059269499774,5.6625391425656066e-06,0.14254856018769776,0.12182333596684282,0.0013818637925932836,0.0001030669709147902,0.00014267584090839122,0.005721921117276067,0.879034873886216,0.0018909160086922597
4.692922826378844,0.000972826725241702,0.1382834335763494,0.25525382734759633,0.30399152792918105,0.00023878275313839718,0.031211840978880103,0.003353236259468052,1.9179726251227314,0.4017287655292703,0.0034013198498646538,0.3724885709771679,0.00011984317741297141,0.0014604854167494749,0.06034607597204112,0.0002515398496447826,0.009391664593661843,0.0011211279310464899,0.0015148051128189434,0.014099730773146578,0.002108081921626277,0.11574231059619625,0.1027475950074458,0.06185944835630467,0.08036453762404201,0.00027942145557009453,0.14675491364593674,0.007593066240357671,0.03904101761896705,0.00011209863602088105,0.0002444914026883811,0.04117610172192648,0.5752670886154153,0.0024306236609349303
11.745956268340692,0.003258558397273922,0.8213088440437304,1.5345266014162926,0.4692429933532689,0.011115179801130437,0.13745466774047316,0.03919732279819614,6.155828206159584,0.29770682214685507,0.07315352139397599,0.37917930308119124,0.0014741575597850387,0.037444805391570524,0.1844177761636695,5.536781934055261e-05,0.010716475560131292,0.0006307023328749713,4.584481705809167e-09,0.0018288855805896646,0.005255201772475623,0.09781516252303121,0.0077346475732806225,0.8172126212604334,0.10511228575763744,0.0006664213123489266,0.1934063827460443,0.08012285299120543,0.00440100616199529,0.001503660961623981,5.9840316002184445e-05,7.69424740154626e-05,0.2724252473960026,0.00162379977017923
6.473021572797832,0.0008194174237689932,0.5663777573669015,0.05057869415540776,1.1710558783849785,0.013445408392757444,0.09055356642307198,0.049059193035572005,0.1372607005862624,1.007817620617697,0.06642727003787556,0.42535271664054064,0.00021311770468793368,0.04286505824005048,0.10341634288956271,0.0005448245206952346,0.11595655986882365,0.0009687007098737566,0.020205724348860952,0.0012034685845132116,1.5615878943238845e-07,0.717743221800893,0.15851216605701687,0.0047422917435853765,0.33184785627821684,0.008222044391960764,0.6255904957366586,0.12696086002639015,0.23179630165007653,0.00021129980692663627,0.0005492129838462255,0.005875535720561661,0.3932817139488338,0.003566396562174965
4.079708988092381,0.0030769036520666895,0.009687723226578031,0.2889429203203015,0.12923573431028096,0.00129658258010794,0.12742433138781406,0.017473018941421444,1.2891749385306632,0.8596327764743588,0.014570702161776883,0.021171004536104737,3.7907805734781873e-06,0.004057590808171088,0.001927698799045281,6.510869450445253e-06,0.0021705323299426264,9.36038305769045e-05,0.036634301462865435,0.00047704380802460574,0.01657524426461892,0.9667177260315971,0.02713665124117935,0.002234306550217427,0.02556842594417284,0.00025912436705710564,0.07137601676816906,0.06908468532836437,0.0363551670875661,3.308001990397144e-06,8.03614979443553e-06,0.00944618596714631,0.04776343527042671,0.00012296630995779117
2.0888750045978774,0.0012863533587018847,0.027486161456911216,0.08133900540558539,0.042398784481156554,2.935375373042874e-05,0.0015950253692447397,0.02157832266097688,0.10422737095909254,0.051578002356978916,0.026320951200074348,0.10381056630321697,0.00034712961050616635,0.04150473339018604,0.002320925088761315,1.607179771418157e-05,0.046878288057384726,9.169100430539536e-06,0.001529930267300934,0.01865200516670985,0.010248262331935485,0.6431204836355315,0.02469421583797051,0.5134348264901776,0.09943406304523586,0.002542218180760086,0.025456550028572892,0.006646839593307993,0.031437720255032914,0.0003515865915689889,1.2996360353052076e-05,0.01684083009630558,0.14165183674767323,9.442561878804627e-05
5.240947054670728,0.007136045619083012,0.027646371182836842,1.4453464788991834,0.14650170377371743,0.03604897685038896,0.10756234342835355,0.029812604209702814,0.8148198041963607,0.7184927989366451,3.967908937110988e-06,0.08186821496504824,3.540007386568977e-07,0.01566542050296189,0.015045403400234369,9.904320781010642e-05,0.2501597029033457,0.0006448953788510927,0.011578923173394486,0.002970153916598538,0.2916050254639407,1.913690008630079e-05,0.05860590616663873,0.3314158046189748,0.17687783805636995,0.0002548016005717313,0.07618659295036313,0.41262999740404793,0.02065265799911543,5.258749826460246e-07,9.846575698480992e-05,0.007542667991573926,0.15327289839624852,0.0003815290366374338
4.183133482444398,0.0007175232835390266,0.6633301444764279,0.5219019347764491,0.5874075891181868,0.04024647808870778,0.08340950610813486,0.022095876524284356,0.04790980000888256,0.01294657949635656,0.005521938662190627,0.009219377917590562,0.0003557274507028884,0.005124645216325875,0.004706064687697214,4.937561383657213e-05,0.1656978485031022,6.584433171305728e-06,0.0019475523178285497,0.0005232446734961101,0.10096605032317761,0.06849588244833672,0.04689989124657809,0.2050457845340772,0.3056467195014622,0.00113800897221457,0.33706073543759274,0.572110289966791,0.000492829803148664,0.00034254645281623904,5.440544127415684e-05,0.014353741225408721,0.357328519918692,8.028581591733673e-05
6.192775173267518,0.017783200134853683,1.8892741932788564,0.1369944805277877,0.07841008752233977,0.006771571037514916,0.2568296773514566,0.07812687482107585,0.00029143215955700985,0.45882295505428955,0.047301819424771095,0.11775130010454767,0.00027639092742681503,0.13980432328535403,0.0841977139292949,0.00011128449534982056,0.2523970311620814,0.0002557680335510444,0.03947239914179205,0.03250042513323457,0.12454802886823628,0.022627082436203212,0.4295801597664042,0.14735465603069728,0.17454308742402228,0.04482013747418222,0.03913396173905087,0.06878864784717137,0.06015611049369142,0.00028060039816649304,0.00011687540017336665,0.00040044491300342743,1.4428166398254274,0.00023581312595361036
5.387192927290276,0.01224791783498864,0.008984856106504393,0.04821976472489039,0.24308754575005004,0.030621916484581856,0.24285108471040132,0.0525437557668687,2.214732032128917,0.6342470766342639,0.00027565611149770066,5.6564785024106934e-05,0.0001070631066126515,0.04588447455651616,0.0019972989037866044,0.0002519783526615107,0.2593492982160095,0.00012306958299060274,0.03855126674160307,1.8883262243615165e-06,0.15914063276025706,0.43712552474882355,0.0024130735188182028,0.012821030054282409,0.18535265734906584,0.0009748312323956655,0.11598920759665643,0.6232126728624264,0.0018741684766842859,0.0001048175661674529,0.00024049415874904357,0.008053786569529132,0.0045874134099200626,0.001168108162107211
3.71613294037776,0.007908905329300293,0.01164507284716646,0.7246424760670181,0.31051462784925515,0.006379279946942152,0.07459483986209721,0.0508548759760409,1.2161816025619094,0.08335365167107217,0.003478007594116829,0.005284675646942768,1.0244147504974427e-05,0.033567458227572976,0.004373887765066801,8.785141023437984e-10,0.13353354126021408,0.00020329013615810705,0.029222560098003777,0.012950743366086415,0.17258246720156156,0.16055279168934816,8.531622795100418e-05,0.10895282012759212,0.19203508118140764,0.00040937603911886486,0.15449082717628282,0.12350319266206469,0.0026807920710872797,1.1372983236001607e-05,1.7686989042546665e-08,0.004524591310580424,0.086743888036886,0.0008606647526717015
3.020803694482415,0.0169714404439823,0.005711363011971229,0.041569912409713757,0.00019181454406190117,0.003055591740341269,0.04097056197763707,0.02951457941744432,0.27069121766251,0.324324773332355,0.00018775093162813242,0.029844215414747435,0.0002502579864288082,0.03280774514531684,0.00017048003989170342,0.00015786155065745973,0.04449842082674044,0.00030547740401217296,0.036700731878210706,0.0016535459649013025,0.09580933573281875,0.09010238710943072,0.23938577316389448,1.0215671403502309,0.5829925942197924,0.06657898159196975,0.001071166821461084,0.01196839225575886,0.01997785554025156,0.00023908969930923766,0.00014884963876929096,0.004231153305875339,0.005877644770938825,0.0012755885993623504
2.2456127257408114,0.04303721040230461,0.4328602052008617,0.3645703241592141,0.3783967766295639,0.009843736511874321,0.05512394251952524,0.006190866211294554,0.017654808543876507,0.020527704211658986,0.038516522616325946,0.07930134498809982,0.00010749970129985031,0.0005151475725075852,0.005130170533821788,7.844001728196163e-05,0.009334689702962156,0.0002862764947722021,0.02447403825329238,0.005690323873567882,0.0013204105622508914,0.001967781579895237,0.006156424102137381,0.001339028050340746,0.09022713825750081,0.00012320467179553247,0.20080296740504536,0.07565866549038472,0.01031679205301809,9.884040493698253e-05,7.774111962113582e-05,0.0007152013909115872,0.36486691052404063,0.0003015919848267026
3.0273650237839487,0.0019402043225373185,0.22105560787478254,0.10718377466857448,0.021971635827680837,0.01020541892709546,0.10711200816081325,0.019999461988209954,0.8093665127531504,0.47931467973646313,0.00013842288554212053,0.0700483199008542,0.00027722762612674974,0.023174600619948006,0.0002809230532680102,4.408894455697048e-05,0.14269305792177678,0.00026160915332706144,0.0320084171582026,2.039336943080515e-07,0.14385345187225446,0.2605422215756973,0.025336793150084008,0.34920888427336616,0.02670298376354161,0.003252953766819214,0.0134626569944672,0.15219538699030036,5.390230687486712e-05,0.0002740303101364388,3.7389570553708294e-05,0.00046451876468244646,0.0024382839319357624,0.0024653910566307742
3.5565287695372545,0.0020099094040691903,0.04430005425548218,0.6835262905630635,0.017030135416551732,0.001316089399944392,0.0045537140018204894,0.008523818782445486,0.6318495167219573,0.018442739590764683,0.003980512666477348,0.03974448938380978,0.0001728020419575048,0.00012539620431122078,0.01957298854347537,9.959281984044726e-05,0.005502577354077562,0.0002968837475940549,0.0085592981833232,9.349983593271577e-06,0.11151300637976173,0.04699954164217054,0.023181845056424493,0.06589300353244908,1.69949275815887,0.0008103368144008572,0.009701206304826104,0.09440261856257079,0.00032306834786174785,0.00016785006853828186,9.68069875448569e-05,1.9610938363355744e-06,0.01429639818957926,3.220933386146427e-05
2.2511807592663855,0.0013040739983305846,1.0773732366794764,0.14211512955819797,0.0789527401528423,0.00038565430615175063,0.02803416207582868,0.004410288223916634,0.27574202242300083,0.08342410222748277,0.0002490698178879768,0.010414885607994081,0.00015205950569306296,0.0007496590825577664,5.07541972350146e-06,1.0414390314619711e-05,0.060563002897387384,0.00041530199010861177,0.008719646560092316,0.007613755598427807,0.03185262393488434,0.019678532928983222,0.0928663485812828,0.21064478134723474,0.041376381430022695,0.00807980535440136,0.03285134999425273,0.004532724630052484,2.667834977192352e-05,0.00014371178969764664,1.1690380982152572e-05,0.00010795158986659337,0.028358366515009985,1.553192452767974e-05
3.883428828215331,0.006063759477891205,0.49642734536647637,0.7173257650722352,0.04456959580093911,0.0006588769195762809,0.029080766052800883,0.07375460943486056,1.4336691603275837,0.11669945553735302,5.450802378824086e-05,0.018603700897541063,0.0005390154220594874,0.05138721326659319,0.0849044820180389,0.00038615325728351744,0.07914994128839192,0.000563637491928455,0.012032094360494749,0.0026014915661565323,0.020595345381022156,0.28886187004305486,0.013778280543641197,0.008204745172583973,0.13903459503789947,0.04386972606055214,0.026803676541672507,0.028518539703644385,0.07030841448175819,0.0005535817407650792,0.00037922101191890337,4.888057358109695e-06,0.071992174394181,0.00205219846328607
2.7382420942668872,0.06527826726742385,0.057700508119120364,0.7778401848795566,0.06337293583362395,0.001784717048708704,0.055955214714165896,0.04660892581341626,0.2917263347433722,0.1436717372430126,0.03509273507697851,0.1020267792669899,1.7577131157992898e-07,0.04869103196017252,0.0011795070868719781,0.00030137893954919565,0.042976032230787914,0.0001875605041618053,0.05737115740814165,0.013532701870616566,0.018096015480410038,0.12093721429644798,0.0025823798996813725,0.4717017566180945,0.00735756947084168,0.0060458571434550586,0.02206017339587229,0.09716533939402958,0.002674167928197162,1.615415068518803e-07,0.00031748134043653047,0.06812844072064662,0.1158703177945681,7.333464717192775e-06
3.1846992313202054,3.469423633910091e-05,0.10913654688227512,0.07294947948719907,0.10369237328522134,0.0021249480442489263,0.10491441895068718,0.004657431628511244,0.44145557923382267,0.3336639557316806,0.006157194777950279,0.03408075584628028,7.411291769971221e-05,0.007084027269378205,0.002566943619849083,8.360394960434175e-05,0.0002301212736270614,0.00024353599279735915,0.019287050140070608,0.04819881026526928,0.0007526562760868022,1.2629925720141866,0.06558089625310268,0.34886180054138777,0.006083147768183812,3.522452012085042e-05,0.04997093885408022,0.10681562403986153,0.007831641789463177,6.839439157505947e-05,8.347213247334087e-05,0.008418904188759162,0.036568374861800965,1.5661235220071504e-10
3.3353723689875676,0.002554588100606978,0.42110779981055607,0.15170362045328217,0.009203098557831454,0.018524888719176593,0.02878287520140119,0.02924693425122181,1.0941014173702466,0.0424552640699425,0.0012793133570604541,0.22405808031430302,6.193614698899582e-05,0.031068411915764014,0.02865202142677623,0.00015788252885407772,0.21340216084125208,6.73669527637502e-06,0.11838729602764884,0.00016210750529713948,0.11619853719054073,0.12065517151322848,0.38812712704565755,0.20249069275069217,0.037942554498731844,0.0031991855888264865,0.000666647298674882,0.04027338133395425,0.0045530154072720265,6.623367205024422e-05,0.0001643445365452398,4.734314830979875e-05,0.004585787249212074,0.0014859144603853738
5.3030477034046095,0.0029328969435541284,0.33995441974497065,0.0043334876802528675,0.41024877406420174,0.006683421935971237,0.021630766574379776,0.06497973341553516,0.2903600484241127,0.30063829014230004,0.006787459124758685,0.9793753584873561,0.001656766649975879,0.08584356398609479,0.013768309233583386,9.188145669930485e-05,0.08177394164507808,0.002780854616027564,0.014251529355258443,0.004706178180594086,0.004181686044170814,0.02030509011466729,0.05557852241718968,2.0320365438427808,0.010328360262744635,0.0019682350854692806,0.252785231456067,0.1765332246456446,0.0009384768361797348,0.0016788386952451258,8.774946620649038e-05,0.0275811105222652,0.08358269163789055,0.0026642607173842973
4.422487597620437,1.2084688436589313e-05,0.6191706899116014,0.003955943049788352,0.09097669645400754,0.020775522401861635,0.0706744144264767,0.00011431458036202785,1.209474419854148,0.03673771016506077,0.02916119921893621,0.12022065869866201,0.00017608860368119284,3.099040763788769e-06,0.03489936853949967,4.616933041873956e-05,0.005283593577410852,0.0010813302592185578,0.00022499822466201197,0.007656179177478035,0.02892290847809393,0.10336682578516267,0.5014748666809384,0.21691111362102627,1.0788804366928233,3.830318226702977e-05,0.045797737567425376,0.12280580621405209,0.0030898824228630167,0.00016790835454764721,4.231241904188299e-05,0.00023663135065706646,0.06962960753876433,0.00047877711029981507
10.161049601077936,0.009250768465744895,0.05031391942393874,2.4663765741899804,0.7290983776055542,0.06617029175008471,0.20742851157784173,0.01609530257907606,1.6474894766932546,0.9472552279810896,0.06182373820446989,0.05896302368360778,0.001094114711128547,0.015342992658303314,0.08511147664881055,0.0002765656723796083,0.009906640877133775,0.0005109791791186012,0.0048058086255996805,0.0013904105831417646,0.06531548061965352,0.5375706050462207,0.6620645768689186,0.21485450831725192,1.0306838159084603e-07,0.0023492713147383218,0.4365278149505238,0.2662816793503905,4.203111857772127e-06,0.0010633842881541285,0.00026735491495029795,0.0008458997403022051,1.5951968101772578,3.7081990763176653e-06
2.2249607985044926,0.005057982479117565,0.37280448350583417,0.1532326674648512,0.06536887194880638,0.002556958874762756,0.015015767022235121,0.01742513129511713,0.004503281627751438,0.0590945931089046,0.001018651587333299,0.04735205396770666,0.0001539371084543327,0.01380741910078924,0.002461566298254104,6.389190753711238e-05,0.055635510920498385,0.0008295431255521737,0.002651792604547314,0.05376897958492564,0.01952501287692737,0.6097451499339127,0.07072180100764808,0.03380967868766077,0.4584958121642121,0.00037005979561669395,0.025527194193106305,0.12312653321860906,0.0010665891172544676,0.00016149055745926,6.809369818648077e-05,0.008064480332679796,0.0011516119186871499,0.0003242074695537334
2.2829542136242096,1.8753367577313275e-05,0.17261298784498313,0.013923203060643739,0.03479137545601268,0.0008994384325779214,0.00015643011643176835,0.007097265645556305,0.45438014938589083,0.2916909184343266,0.004345115001279807,0.030681388396899562,0.00017279109575033967,0.0071556935197464805,0.05148967745367348,3.88275252419707e-06,0.06162562544674616,7.359477801321199e-05,0.0008072671150787674,0.0128252604179812,0.029561532723741735,0.3442272401940433,0.24898196105254938,0.09825200482966598,0.3443241391482132,0.007810157971176001,0.02364329651734141,0.03661804095642003,0.0034242254648230936,0.0001860687795811791,5.7641514758007765e-06,8.531902387513113e-05,0.0008605957953785168,0.00022304929423119728
2.432791741824964,0.0007355910558598847,0.6770417545125588,0.0006004392819729125,0.010263859432642632,3.164612246846548e-05,0.0035256215554839883,0.00012870183026080068,0.031397719833510584,0.35941894921415335,0.012738811736123106,0.15115420379838695,0.00043203423421327977,0.0013459026284450095,5.490910705507242e-06,5.156528866995147e-07,0.042342698317027805,0.0005997528488059623,0.0003226345087519898,0.02917673590430815,0.05254260878116658,0.0037162661265672543,0.07110870084613626,0.6916449568014608,0.016816018582418744,0.003222451858243029,0.00209331220434017,0.0006281310564885121,0.013868787567855223,0.00044074292126903094,8.674765242842818e-07,0.02199746748206562,0.23241310667963702,0.0010352600622257804
9.76663470744951,0.04853952455065097,3.8973961629720004,0.25584579130104856,1.4737462160440902,0.0012561666168355529,0.14062788043145436,0.0635795534617269,0.0036515647992104504,1.4794912828444975,0.00028814714042472127,0.027107264224105723,0.000820333563973606,0.019905932436647768,0.007957098901983076,1.6381959540000724e-05,0.07654221970234656,0.0006491784682878352,0.04414155677241704,0.04666155073800478,0.013884672574792393,0.00557115810340524,0.12256247756124135,0.8529878347183845,0.08685084758642213,0.16881776319847283,0.765631739119428,0.03216557257018211,0.07406374826398475,0.0008404812172889271,1.904802070067488e-05,0.021245291939657,0.0329739997209844,0.0007962659253225135
3.2042662691057924,1.101768991392436e-05,0.11103242683855688,0.21155202844973017,0.2605501014972991,0.00350684206322319,3.477846421632823e-05,0.0322704873066404,1.3075429141116914,0.017833595792122438,0.08702359946409932,0.26967085831515564,0.0002749260302966777,0.04415025391911463,0.06586892960170124,0.00011454592858136846,0.12616083547812315,0.0007191680620816936,0.0010546378857337643,0.006711663295126353,0.003219020342527732,0.09749389771507747,0.022946718548131222,0.040624249898575195,0.0500728388911244,0.004429673009800951,0.12960186738258886,0.05197296881769124,0.1816256687877096,0.00029396862676541754,0.0001203372841904233,0.015513403406358943,0.05834351661119218,0.0019245295906511238
2.4405728855862128,0.009867503151403573,0.22647478992708192,0.012630081466169122,0.09665339796403363,0.00628134031300506,0.032236704173041614,0.004744308666526087,0.1341476694406532,0.5505040169091718,0.0008518314107897222,0.07662743682991462,0.00011172660575801304,0.018453927711308996,0.09041553547029364,7.221167155602223e-05,0.013955334128244741,0.0002132590009978815,0.0012600003616655723,0.02002798837724066,0.09893362337251946,0.32945215898958574,0.2920971846918893,0.006571921030319138,0.06277237545718099,0.01194019496279975,0.06199746094487287,0.016536648395901254,0.004032336257616907,0.00011965071922921263,6.497422694074642e-05,0.01791501621389414,0.24235483201150598,0.00025544473310170815
3.7252382604702077,0.0006446439279355709,0.10371731382634719,0.8621376604148098,0.40121686452943967,0.005037817123113845,0.0186915350221488,0.038892524331957744,0.02124303870492942,0.2888030548501307,0.0020711109329491083,0.3253373081655062,0.00038369981598749176,0.06321235090125625,0.08654839147295353,0.0012421713286994167,2.4184568984664317e-05,0.0009268957438501985,0.01326233985553292,0.004850470546486526,0.017791102027004155,0.6727328499929974,0.001233500923888322,0.15318464590545872,0.16799535814263475,0.004603264147989476,0.21246656385318152,0.05102228862302665,0.07412376772993784,0.0003736471815230268,0.0012374962809386296,0.03690984063192068,0.09043824421193958,0.002882314754747909
1.6838242560554966,0.0007047392701974847,0.00584835208562533,0.05036854620802804,0.008305551879218028,8.886650842382843e-05,0.021735302802737944,0.006586030840819967,0.8392859156993195,0.0004010189635186173,0.0013812695399739007,0.10634305017841181,1.9786148249914564e-07,0.0030100314264999814,0.017718377157673333,1.8112021824118442e-05,8.153630492253701e-05,4.755924431456084e-05,0.07929252375754425,0.02142527323826609,4.2870279581180765e-05,0.00010044659875146182,0.17653386132731427,0.001304788209853871,0.22702182761085885,0.004291276444755262,0.003864833600683922,0.044841262528035,0.011463330196711195,6.558266172254869e-07,1.6426910330843098e-05,0.04871343750736975,0.0025252817206945313,0.0004617023051374198
2.795449557175014,0.0028840089275345877,0.8243059329428084,0.054733526660859275,0.011073673053095822,0.012997295355897562,0.14629569194880312,0.05486708339835965,0.21492631763614153,0.06872400721303364,0.03398226040533709,0.09845387397082163,2.49119276512558e-06,0.04215640910380987,0.008172739464571874,6.756013414281483e-05,0.1550778929979928,0.0003462051589162377,0.016796540536989955,0.05575293004726527,0.10841714581272636,0.04095798492793278,0.01309658064364816,0.020180178178933743,0.005740968564789497,0.0012891128008982909,0.009000351884048161,0.10491797854669091,0.028589427128961613,2.3507059259070507e-06,6.482618128109752e-05,0.020639140891395093,0.6409370398688757,3.088976077912745e-08
6.116295155690633,0.06677973764271651,0.08235495842204779,0.12083684405719367,0.0026409595432730034,0.03798552627325497,0.0011233147545178079,0.019701473093152438,0.594382111115271,0.26025905621673556,0.00021852979310724676,0.10519706161066683,0.000764501339786534,0.0024940535585949073,0.06928199760605333,0.000488501432010394,0.115454326169414,0.0011994030449424553,0.00036224593898497465,0.015493304917483824,0.19887835880646998,0.05529702169676216,1.2808015402286268,2.4337171553514225,0.001786216061478483,0.03899459343145592,0.012912255536431992,0.17500067026107916,0.001993917347074542,0.0007939533130835552,0.0004804769281025968,0.001082095262522186,0.4168250523922856,0.0007139425446301206
11.133473759465883,0.028545072542322407,0.1677648100630661,0.9539653498675862,1.0691429692230712,0.01380238525636623,0.3274058830580167,0.05000261508441324,0.27687241423706166,0.05817996343710828,0.0007683820177083776,1.0184818052028521,0.00014987113763292943,0.07704549033926643,0.1195259182603901,0.00011836572300192815,0.17255359798929762,0.0011788274145663378,0.00679731165486542,0.01026729463356712,0.10036616913379766,0.6173441617642369,0.0048834061448295735,0.7667429941703491,0.48528566520327365,0.05285813286598577,0.5212380754485723,0.027401314232518764,0.005595818230655161,0.00014478486998422142,0.00011106108550627261,0.003770391073163747,4.191636528855127,0.0035269292457212674
2.840897598265681,0.03592937623113636,0.37975710941740365,0.05396760115902732,0.4614699828367575,0.0018073946074469377,0.030941855277913842,0.04630305563117806,0.018506679490630493,0.0036394120703906268,0.021867243896860934,0.24101622457306204,9.147421864332816e-05,0.018534645068310016,0.004539797657691052,2.5243520613582737e-05,0.23847482702453981,0.00010809635903811488,0.04663130960630002,0.020680708117836056,0.11366277432476148,0.05531961887850297,0.019810284694831537,0.036925301075201665,0.1069135965185863,0.04929393907022367,0.22552794908789003,0.22364580963824174,0.0010693148673370284,0.00010147487324925399,3.061938120566994e-05,0.05109203914255176,0.33316605997192905,4.677997638891273e-05
6.525707417058733,9.055176567729575e-07,0.07459831493392269,0.5980167427285981,0.06841184882052348,0.00014852088132045124,0.06783947542484844,0.05233339944964938,0.6512813330879828,0.35010235796902,0.0014284577529517155,0.2713275350845344,0.0001363241218795396,0.07676307468059043,0.13427418978268876,4.0995359711847903e-05,0.18347139467414753,0.0004228528699920226,0.009536988256168484,0.00012082040635799977,0.15022129254266925,0.34442604724088793,0.21374089583792005,0.4071407595557621,1.5612296436897055,0.02947806689477521,0.02659828929925251,0.0012913248834552015,0.01785838574999433,0.00014581908778913766,3.823604769848182e-05,0.011090229252665314,1.219970005242697,0.002222889930916044
3.1569503634914375,0.012576211692469266,0.1186158784960969,0.1238910398251633,0.7050511965514635,0.0015048083810454839,0.005048190646921426,5.395706547895874e-05,0.850496075015512,0.11159335085271233,0.0036911591679967774,0.38232100068003116,1.1723697589129385e-05,0.0008267729845661475,0.035915806648149355,1.7209132626066658e-05,0.0016870649073457444,0.00044962098394014596,8.209192021275511e-07,0.007508075966391647,0.06368244255791396,0.020815567569642212,0.011179454006187799,0.002903506896662851,0.2124117183349695,0.0185125994340587,0.35231528501989684,0.0003302871709909047,0.0009256012869871129,1.2876701497904922e-05,2.0190268805366168e-05,0.05509925336192911,0.057120791680799074,0.00036082558639490144
1.4112597964420728,0.0003158663535588765,0.0010193623857264436,0.25468543739309224,0.0009093027390816693,0.0007323953387697852,0.04906709454662768,5.491538441641864e-05,0.26048243839013857,0.5312394429849917,0.00037667503200216734,0.015164666487719462,1.674486375846977e-05,0.0010285675516454517,7.259162944633915e-05,1.140017128328082e-05,0.021985420903896113,2.8339973287985847e-06,0.0014906924008352988,7.748172304168753e-05,0.02369106362104199,0.04066339507180596,0.015586093355319018,0.12796925928125802,0.01725712936899664,0.013070390207174142,0.0012453789839770185,0.015648032581743052,0.00135793842380929,1.7788912250032126e-05,9.505076698203369e-06,0.0006113073828454935,0.01511121468099675,0.0002879692167966405
4.236249319999091,0.0020378582822980756,0.06087607153925244,0.0984173709843651,0.035005631843292105,0.011475212315650943,0.009170116564289899,0.0649833930933859,1.5400738647584447,0.012619682955793663,0.009353042292651168,0.5059672076868925,0.00023972028669249889,0.03774551160293517,0.13214875695632547,9.883596566848295e-05,0.023954605167077918,0.001780527622446541,0.0012482438413457333,0.0006108753119151004,0.06489130036759258,0.015765390570285715,0.02173951331903398,0.03148566141096575,0.506675684004936,0.0030551892927516123,0.022172851286213508,0.1585201123307585,0.10688939499511321,0.0002507646133326628,0.00010213832286151854,0.002978068596743662,0.753375395902115,0.0005413259156644072
1.8977974763727636,0.0011955700113293315,0.2708978290459186,0.25808313294081364,0.2879936020938684,0.002324065359911702,0.0279204599813473,0.01661664080388819,0.017210693701727085,0.25102818505034363,0.000475404114495483,0.05972437487512878,0.00012150396333115168,0.01742161989229888,0.03605610901334919,0.00040725577583611446,0.003383598843637526,7.2827684288610795e-06,0.0002208105624058476,0.00439708586365423,0.011762717985958486,0.16684539559951728,0.07470518715390422,0.03753187343730125,0.07614252163864181,7.702500614089189e-05,0.15232134162348399,0.009685354021485024,0.018748106987331814,0.00012687844435489235,0.0003921435354675381,0.0013655043486063166,0.09153006337277428,0.0010781385560820768
3.012204651259698,0.005302497960509371,0.008851305517268261,0.08553266400752739,0.5938650473965135,0.009715165074889492,0.04228347058210298,0.019484290502815242,0.04084409878664705,0.02822923160969681,0.00504147758504882,0.07787572639814741,3.7744549012998584e-06,0.005780954288279131,0.0015801655995759255,0.00013026525825305865,0.004741810516512025,0.00012340618465561757,0.006506435576620482,0.017318151488979205,0.056504692788341096,0.3515556771953196,0.29621433362988475,0.1728411688151636,0.796140545238844,4.335006264928251e-08,0.31627404206322374,0.008429306579679186,0.026361870092319856,6.228639760335661e-06,0.00012081078413638252,0.014983981464269646,0.018861615306623492,0.0007003965231262454
6.6892550675473235,0.0005271195842001624,1.5812677033322318,0.17573752818680347,0.32550649470452414,0.014888963274688187,0.10148132063120816,0.0015043381379048586,0.45022419619807236,0.15457245738833653,0.008347867171089396,0.2779565380072819,0.00040328161740323446,0.0016802139913498924,0.009747808852254358,0.00011789771883266127,0.01895681729693798,0.0022203080118704276,0.015764299889515634,0.04631802344647962,0.006281976156695405,0.3142630332614056,0.43981853247188046,1.5059382458184645,0.2661139856791282,0.006897275656222844,0.1503568965927574,0.04532372255812222,0.0010315431969291126,0.0004157260940514283,0.0001147639451215344,0.0006464775267349478,0.7640111169869179,0.0008185941619074352
2.2616046160881678,0.0013812650417676599,0.11077861070881419,0.019817007186554565,0.22259784690948511,0.001574320781698804,0.0017310341850925695,0.09468421283353487,0.08891270532174,0.28783704540349614,0.032279889777203676,0.19665129231320502,0.0006481831290720783,0.08876057509876113,0.049879392347443846,0.00010247726455635595,0.09913324371113719,0.0007243096937308926,0.006711731868828857,0.03259125416884867,0.03357854306384361,0.04596476325302902,0.027159445599843266,0.44231510197441193,0.2150117000009776,0.001260585602018827,0.13041874758949343,0.00012812949980422645,9.941072308564148e-05,0.0006589007563674002,0.00010211185419652596,1.2028580908532515e-05,0.02611537283063826,0.001983377014577942
5.145244981631214,0.0015003116080102995,0.12170853570683235,0.32769095544295,0.26245280875613947,0.02260174624511959,0.014068791509461193,0.0006213884737310658,1.8728884753437907,0.13875221037870097,0.08358384611673958,0.11522535320463516,0.00012923432038147438,0.010376830673620038,0.18512431217067932,0.00017549837600508474,0.005932253360058484,0.00019912372771367225,0.013315004368834229,0.0009758630228737891,0.4339941242297427,0.26606078441978415,0.33527708183832916,0.04971659290493649,0.44834280418977607,3.730776258292613e-05,0.15177503982422058,0.06701250573459587,0.002589350210579234,0.00013462093198289644,0.00018390523089724004,0.016887815714098923,0.19533812049151308,0.0005723853418971303
8.145520774419204,0.016204779912811818,0.13409320874861572,2.6577979254803425,0.0003514573021342159,0.014829389757864174,0.3224929593640444,0.0013659474816147203,2.7600174501880526,0.36554017582444814,0.054102676889942095,0.19620791198551954,0.00020409490677661648,0.007449284954367097,0.029335179213997982,0.0005915020378004994,0.020164594711573103,0.00035607672337369616,0.0018690827646209338,0.006813007235543649,0.17739149529624873,0.22026960260666717,0.20972443344803057,0.24306153741386707,0.0892568399059142,0.018118253172025013,0.00010748987770638396,0.24803565398793465,0.0002480802182331648,0.00020003580212815257,0.0006154590156025304,0.0037664545522363376,0.3445428839978039,0.000395849641362631
2.5241481185662358,0.0016558018640547303,0.3451763419579179,0.0674297418426871,0.3213637454773726,0.010416624482279547,0.01589453622792385,0.00815376777940728,0.1555262460469906,0.009757705991917127,0.04189814099987063,0.10224612686031256,0.0006033828502648704,0.02274877435612141,0.023538548592555334,3.7163062142036036e-06,0.0044959250158406435,0.0001832313402090679,0.01879224557342229,0.011447215430662964,0.14269342351665995,0.010460696960411565,0.019110336973001595,0.6895066231453046,0.1105068826959355,0.004059047679684548,0.19315385164896606,0.04372310643609217,0.12466535085107194,0.0006264107819806576,4.733028672755191e-06,0.0022986353732948953,0.021212109549455866,0.0007950909296791568
11.970646739420287,0.010317320911811818,0.5110941394843247,1.0030122071912158,0.002980084398595185,0.014731353283909636,0.5377424741505903,6.940516041875782e-06,4.878359879243931,1.117838456514653,0.00017982522074722504,0.05927506786550788,0.00030394237140088484,0.013302152304285133,0.030296873409943546,0.00010107134628915438,0.00214545280893627,0.0008947271880496377,0.012075985917471367,0.0006718194271204905,0.16628106582539026,0.9180375534516575,0.02571499198121563,1.6728138743583025,0.6589523447734673,0.0537846050842716,8.797894967079328e-06,0.11067579214623671,0.05529715126588188,0.00029975608606365076,8.993396970514543e-05,0.0030284930522349427,0.10981608836287125,0.0005165176131976209
5.384081979340056,0.01772384445112685,0.6840293644543453,0.32707937323632685,0.07100871292978306,0.00011003755003949295,0.008649815803627916,0.0034391913972415104,0.04355607763731986,1.277530151348447,0.07742997586898259,0.3060525228262854,0.0005967712959476585,0.004868835675904293,0.013014241606426322,0.00015763091676313851,0.00032724718305457217,0.0006786706750678944,0.004471909606306326,0.08801521746463101,0.047350356054722854,7.994385827555947e-05,0.0010980079198003238,1.8484446069141673,0.227992828252513,0.01994033792713006,0.017899069319871497,0.0029934309385309813,0.05713060312554123,0.0005964667203062263,0.0001750122585934075,0.0008426216122078259,0.2295471350408854,0.0012519674698835974
2.853466240706787,2.8608023342981493e-05,0.5072155594091243,0.06720455435895158,0.281396823607407,0.006297632312164643,0.0656491238568698,0.0015696176869578143,0.003304606142161457,0.8701193773620456,0.0012209439614151428,0.008211051769875514,0.0001275958596837063,0.0002475945010954146,0.010207928617896314,3.077641417832933e-05,7.149756696335682e-05,1.55159713120095e-05,0.011371630703810904,0.005347503545212645,0.013006150379271858,0.2585683921975044,0.0239369335256069,0.3628077048140784,6.53433361004998e-08,0.03386500017067558,0.1492012584871724,0.08019206291634813,0.0016125063789512856,0.00013922228593984801,2.6947411716147782e-05,0.014230318120993594,0.07622402084453302,1.771616019095909e-05
7.951480394808618,0.0207262865704897,0.07501280502075833,0.18880832849114998,0.1017942202156986,0.056734257521531564,0.0003698970846746672,0.005848328461065501,0.6964283782805637,0.3262456516824881,0.07724895991357823,0.04596718618739302,0.00019534980549453613,0.00023701401024054855,0.09057782158231217,0.0002238062759467153,0.25649608006291935,0.0005869065440914595,0.047970226267877614,0.0017113151929673185,0.1865607536664255,0.016209003769302163,0.995460661758513,0.6667982569730513,0.010680090647320667,0.03301923898488261,0.0759200718319111,0.5702856194650833,0.046393427097541295,0.00020570518217981579,0.0002301859273830418,0.0018018715150256547,3.3535865544801435,0.0011461343386136285
8.134458118423925,0.00988312434878794,2.0895858903439755,0.4865159183301738,0.0957391628556432,0.006462236377319251,0.19731590560049692,0.025356034855421563,1.8032220885294767,0.06232170617208228,0.0011541297963749665,0.03653592701461624,0.0001263003024763962,0.05271694052118063,0.0007187466114624486,0.0004226626770850707,0.1444173360831353,0.0004352857760555626,0.09637420480102228,0.01198137631190679,0.024494675100101074,0.41439147872321974,0.037197940626141617,1.561381978803787e-05,1.9859858352812187,0.01722444125143392,0.04110642689847897,0.014758060343948876,0.013844243973328422,0.00011351070408728838,0.00042301936762331304,0.03046033466866226,0.4331147898666095,4.277049059154175e-05
4.283896966847183,0.01331904492411364,0.052573923367740846,0.21996679683619808,0.1247553578740695,0.009221705206895746,0.3110307069717113,0.0005075850255056499,0.50200785951657,0.1469546693592974,0.0654337187534205,0.005303640596393056,3.489736892505489e-05,0.0015024546600564332,0.004987385500218704,2.63119472339192e-05,0.10997629357919428,1.8576654320314974e-05,0.015370712869017799,0.0005126642288337447,0.2288880437739157,0.5800060362255861,0.11798557710730433,0.26566727787535843,0.07030059379933758,0.014382843683005112,0.05973349567834392,0.08651652762748692,0.020092722929578925,4.1758843090472526e-05,2.863778593491385e-05,4.779179687800993e-07,1.2567369139271813,1.1754433374337575e-05
3.6662330728535486,0.06873500280788461,0.27194526882609577,0.5323986979282052,0.06930560436124514,0.007226395994962568,0.06215011954013821,0.11536890183798108,0.16053832606912002,0.3342201822878597,0.03315987667769954,0.1295404746681396,8.778520515737914e-05,0.09111289164089934,0.00011523557560417191,0.000827010510097663,0.26951979803337106,0.0014924429340028205,0.10229849938976163,0.00952498514704093,0.18370187597680443,0.00413524051777973,0.5630661163055467,0.3223494673738561,0.0026072858056073183,0.09148698053019207,0.02217500724813552,0.06341478243753623,0.0029373081020151507,8.694646783321869e-05,0.0008474180765599436,0.004668441297014237,0.14274346168488525,0.002445241594516309
1.7074515664341994,0.013980904068104311,0.11857103707511836,0.032876249416458815,0.024419518304203722,0.0014017899863737588,0.056664280907236624,0.010302178161844925,0.6819750480435838,0.09255336570204746,9.908984653348335e-05,0.020292694817157193,2.3076558404075324e-06,0.016830400851086152,0.0019279068350837245,7.665977748788577e-06,0.03976875959919063,1.0070728541962811e-05,0.039405360120059026,0.005262416388068122,0.0337383980242215,0.003802223078090401,0.009418599492884112,0.06057863155262847,0.254756676925727,0.02149123417830698,0.01609776561266667,0.05498869352249442,0.008077811184359065,1.107659318625344e-06,6.7699234599765085e-06,0.0014297864447529558,0.0864895234161501,0.00022330093485788447
3.927389083192709,0.00527156689606315,0.5028643980206825,0.1777321931473564,0.7253239340582508,0.011028647306947388,0.008003795037076987,0.0011270275006709614,1.114836640823257,0.2249715010355954,0.0119085262249105,0.04419384468404051,2.5060630374368614e-05,0.0018691392961820421,0.04886864178522767,7.716452609749869e-05,0.028714600478823005,6.7791273400768374e-06,0.028881333452083126,0.006471301566008577,0.0167879123595556,0.014365692415855785,0.024551128965941853,0.33223887216537984,0.0024669136559598566,0.002685789662127046,0.38773042717111555,0.1842998458003782,0.010332592377555877,2.7979250351881215e-05,7.038747535087283e-05,0.008247503858429255,0.0013928983201760012,1.5044117543291483e-05
2.357021823250558,0.0069534723998405995,0.23893133440421602,0.9119696839273593,0.03994091595835505,0.0013549336061009967,0.0015940188494438065,0.03725625703916525,0.04516466249088492,0.02264384313837621,0.0005360128690200261,0.13651481314529404,0.0008655424121377488,0.03824182509394669,0.026426230441043027,0.0004377771274699176,0.03739935654742546,0.0006350153692773634,0.0353089238828473,0.00044270429774798396,0.057694179454388504,0.08777109390738072,0.018209928651781584,0.18552082142762116,0.31831077644685024,3.4035427954775535e-05,0.02546417629247686,0.030352027756260905,0.01581650716071156,0.0008655794052261533,0.00044084587537349595,0.0004788856070562306,0.03186192760310657,0.001583715234416988
4.369821218039255,0.0029584720011317776,0.23604607984095372,0.32476480202240876,0.1111010442645077,0.0009346781614482425,2.6208095432120896e-05,0.01057778852702108,0.6410345095565516,0.20036199136757343,0.029124166546553705,0.10920469215668355,0.000260254813387753,0.013408510224528745,0.03293733461179411,0.00031664182492108434,0.0671294262694614,0.000626645460594164,0.01386827610749974,0.05842321790030144,0.014885440427667934,0.025585213944844618,0.0725326843171555,1.3264797328353939,0.9377478184463643,0.007548014431974586,0.04052613563915782,0.0015953060454945644,0.03886213582414454,0.00025032818712536383,0.00031529873677439577,0.0004990175122153659,0.049872298343901125,1.7053594286721092e-05
2.1394890789141785,0.020953443583560372,0.2114481352216335,0.02858549077175533,0.540882768768525,0.0007779995616662859,0.018650634012247758,0.0024516612825596098,0.15714385151719992,0.0009937758859810276,0.014952217362486465,0.048489817493977475,2.1408641323754748e-05,0.000452931534123449,0.007848041509808319,3.58618187982002e-05,6.564592710864422e-05,0.0005133561482676045,0.010651267309228073,2.878790992737447e-06,0.0035071681532592405,0.13561074996913167,0.010845159914161939,0.11790139826321112,0.11220128601987966,0.020719410416223268,0.2691754078395158,0.005929532876066446,0.04811197266733609,2.037388909300917e-05,3.2680301365571264e-05,0.01217830029352995,0.3383029142708642,3.1536899297057284e-05
11.246196649033116,0.07669917738642122,0.09293566525804778,0.3478649543269978,1.0315757352360966,0.00026235549230992295,0.2118742462293935,0.0018055905339444385,1.245999271166673,4.065385311363642,0.04845172864600856,0.15832773099083933,0.0003105124271822458,0.00014197381225903292,0.22473348374967386,0.00017197781461938497,0.033121762873826656,4.9268507425289066e-05,0.019384163533445745,0.022231943037663477,0.0001350690431661082,0.5702317521632182,0.8656202219190174,0.9445516724368946,0.5439044235916525,0.10836165936605745,0.44120411220673433,0.06967077096637866,0.02013447991042594,0.00029353086218988206,0.0001829284918353168,0.01689583512955218,0.08289124976357494,0.0007920907959483242
2.819820180261642,0.009872053918379687,0.25688929349757034,0.28852397791386697,0.06544259554093128,0.0017060999656905195,0.004931846995015489,0.02157479736035926,0.44363011829583376,0.02684383423773665,0.022374727597780978,0.00047787833231492714,0.0004476892236571623,0.005697487604463258,0.0378566609042181,8.541369483591143e-06,0.016029548174393973,7.055377338595115e-05,0.0010192946369462393,0.004271264085832758,0.01302081709467379,0.12405361780034377,0.09069789302073249,0.5864192477790583,0.04479095052540635,1.9727561411582383e-05,0.023386568520881973,0.010042375785664377,0.011424082722410737,0.0004553486380449684,7.114755871206597e-06,0.0033410641970781463,0.7044923744953218,7.339368813799676e-07
2.5096621758661404,0.001410732415174504,0.00672950945240566,0.06379481588535743,0.009305323697544266,0.003066170785917446,0.06501261979488383,0.003904256309893283,0.02738566687551881,0.17148261206341398,0.011596449038042142,0.15564642316659683,2.079918187002496e-06,0.0003091800142885161,0.025030505374000134,7.945293567179618e-05,0.03044717209419781,0.0011925644003820512,0.02788793213571304,0.03781155218288589,0.0036981999674771527,1.3573419575667394,0.001032451095736458,0.04309594596042455,0.003659430211916245,0.005128856237594095,0.006814101328674008,0.09854121453794965,0.027894311792972682,2.7406471573031822e-06,8.815415058076611e-05,5.65057303834638e-05,0.3193012657811044,0.0009120223173558973
4.813837326620542,0.0001356274719296807,0.2356202792007647,0.7118953153702837,0.04396725298244142,0.001243551268691743,0.007236810887628676,0.009132878887842737,0.23619461925604734,0.028723104276732043,0.014713906799153756,0.2240643029313644,0.00012354589377982993,0.007279127438340411,0.005184250276249784,0.0006769239088329838,0.0003250726851716898,0.001337441223329122,0.0002690684837838764,0.128616001929614,0.015234528575206564,0.26495857182578425,0.6852094620350804,0.12501638619651895,1.6718839632091083,0.007456131536876353,0.024128778031086068,0.02490122452575185,0.018617732915193336,0.00013429643951579393,0.0007099252393241427,0.0016858275557556578,0.3159127914056181,0.0012486259577402573
6.307198594682984,0.005597221099646049,0.0018183611646263355,0.04744636806942614,0.9549938973262991,0.016631445169026756,0.08592385915376158,0.008161816120575743,0.6716280389571405,2.52686906268367,0.005355198061221141,0.016631787929047664,0.0007711436505473909,0.002072454970927993,0.030025043908145546,0.00020484747477893283,0.009786327332260857,0.0001832476111123867,0.0019544166113328455,0.0017649279432441,0.00831197750442949,0.23185603653218143,0.38099554100761446,0.468313130250231,0.07451892597677104,0.012002809824324012,0.5580746274474659,0.0649775984321073,8.967495001807319e-06,0.0007600476155857819,0.00021328947025472402,0.005788877696509128,0.1131120731309865,0.0004452270627310676
2.7357014011145697,0.03219280835550322,0.12631127653037955,0.024393578660994893,0.00927212896947493,0.0009994144900293397,0.1151726079074722,0.0020338829378377314,0.1739971907611183,0.03507714236217592,0.0007626460865516076,0.17848938428329214,3.3409063000281056e-05,0.00031680013002666175,0.002111671951412792,0.0002087656998571708,0.007220216870982192,0.0009211030962995384,7.014577371176481e-07,0.01076389847739703,0.0011444484089301772,0.00014703547815106372,0.5332329641219582,0.4902987718064165,0.0708888698034104,0.010437504681218722,0.0026702281718266156,0.06723632252923874,0.011084091197930588,3.097688357681114e-05,0.00020839564372959036,0.0001785414567203879,0.826901435654621,0.0009631871852984192
1.9126572119296235,0.0019475265195813129,0.5271106742847579,0.27411984992110877,0.00019376727100770715,1.7149600774417405e-05,0.0038130626766369707,0.01824100466573543,0.042023560433832985,0.00805922176026914,0.003334180121876484,0.20119103383517872,0.00043665124659128155,0.00827888391998959,0.015360395585904012,0.000187318466022952,0.00018623037957526544,0.0013092955836627657,0.0020605680167385633,0.0005919075854133041,0.0034323643402096394,0.40729011035520735,0.09539518487896045,0.11882652311911847,0.13168754024753407,0.0004556007488304031,4.4754912407672255e-05,0.0033597017137748154,0.001770932663448527,0.00044345396281042125,0.00017643903435933671,0.0015185489072432475,0.03820152150018174,0.001592253670879714
4.3434751275406285,0.0002828113784232033,0.005832278567310168,1.0794968170231982,0.01115172641880959,0.00012668544267415425,0.046300272602794415,0.04315758828320715,0.10147440049368447,0.08402960178527824,0.004541909854205234,1.0908671497895912,0.0011811525341319726,0.04234408424360379,0.09276159935623943,0.0010254382920295993,0.19809806578443556,0.002331438261933751,0.02033527001447627,0.00024379292252227726,0.02225610995934003,0.2751582440859037,0.09623133409864454,0.10244192033090103,0.4399712721597809,3.0884346873864263e-06,0.007621990359154224,0.004827685354380554,0.06259247562186723,0.001179493440155832,0.0009967916863316939,0.026667664207270552,0.47315214457359567,0.00479283018006731
7.699751208823676,0.04455070414043329,0.31175336264232917,1.2671307111825765,0.3332481284235331,1.6763168860638202e-05,0.11583437607091049,0.0032986945457023123,0.031341623974399185,0.11186581991003704,0.03150355409796369,0.1930131640822672,9.48142136433319e-06,0.00014351861011668645,0.016055353210746835,0.0015672463935297283,0.0026286154337414065,0.0018074713889613774,0.044468023139339,0.07381207108915858,0.05259725705783079,0.035341477080632434,1.206715294565274,1.3344673294128249,0.6240257586330868,0.0740928432132335,0.14389004255323098,0.01016520789037775,0.0002151107381996301,1.0286768838886974e-05,0.001581114606680238,0.009957626142320502,1.620737233018001,0.0019059442171738764
2.7751452815169957,0.000533244772276588,0.4639313017791342,0.1936905102896067,0.004831795774984484,0.003896796652839756,0.03803915913882548,0.0001350479015936534,0.0006909124440044642,0.02902415724281538,0.005288769855212255,0.06982784809397849,4.179751853742983e-05,1.2090180450853214e-05,0.0177306725724634,2.1251744671156613e-06,0.02342030018763886,3.5418093281423114e-06,0.009610336327769416,0.01842065078052572,0.009372871731015607,0.24041208460996272,0.032402367458865766,0.03777085388395736,0.0926007220010244,0.046051858470306926,0.002686064836053849,0.13825633227487372,0.003566030601770932,4.884267541412533e-05,2.5935964388360775e-06,0.015592981554014276,1.277043989808783,0.00020662951806193127
9.426843157992293,0.04651361650492263,0.010397643204238706,0.03892002449297818,0.5523640815340796,0.0018988123403946174,0.1456855477930375,0.00029518202034781643,3.8645672434931155,0.711512019016372,0.019840920346363523,0.006429818461199047,0.0006367508855246325,0.0022214667933836574,0.02393257550819506,2.476463563976043e-06,0.046190980901779026,0.00034791575586118215,0.015201798338335988,0.014984492455282513,0.054665982911938346,0.20853595165334038,0.053720227434926215,1.3400857074860535,1.8750394594865878,0.02789302827982117,0.32788496510928006,0.026386762032868792,0.00018603788179447626,0.0006195782826334553,3.859334811372112e-06,0.0024757017024101893,0.007385571520189472,1.6958566662135654e-05
9.126446645699312,0.0003253787843690634,2.206703574412261,0.5279892291840071,0.05606811578778062,0.020211759732373106,0.07087751838976608,0.00963941092160738,3.0925582045290536,0.4011497632989008,0.06665726305641903,0.0035417909058790315,0.0014869324004291766,0.030483925964024782,0.11303630343655792,4.223331124517043e-06,0.007079157248707544,0.000797701227259522,0.004940550353941647,0.0023647403092890403,0.14134971126887855,0.07247320689927188,0.12763909490055925,1.5688875663881439,0.3065254766912785,0.00242890117700873,0.011468122525574272,0.08671723881194561,0.004544068698024714,0.0015076392254361008,3.072767744233346e-06,0.008100494007975275,0.17833876407611182,0.0005477449876092152
6.794218746998375,0.008957475194894036,1.155461064809542,0.24379714594254395,0.04573233720041028,0.010935725450487292,0.15405437331413094,0.05096499595788004,1.3829283058853736,0.511839239629501,0.04992250917925455,0.01846228186976218,3.8932317695760405e-05,0.017201276035229383,0.007727641456852933,2.0378315234855184e-05,0.06376352207508874,0.0006058505643444288,0.022623429474745133,0.015253290579511268,0.012146306682656207,0.10413843907817,0.0089210999805145,0.01988172667743992,0.07613732969928165,0.0018727547923689653,0.015640438159311643,0.04089543857657702,0.1094354092216141,3.811938637247893e-05,2.023382587750341e-05,0.02435568882014181,2.6204458293730877,1.5747247942669167e-07
2.6151651621993333,0.0037572617488718127,0.1844471920467989,0.014590469911671513,0.39705571600558637,0.01656486271211582,0.05905001492437742,0.0019948168148871425,0.012363403203253744,0.349445104879794,4.2791054217294083e-05,0.08617395014736255,7.067016362691537e-05,8.377726479089059e-06,0.0008851481030337243,0.00016411170563095348,0.08963940283951612,0.00010648476573883373,0.0017001141759393336,0.009901453468994204,0.13330779244806287,0.2589971813396293,0.09653956764688719,0.44041855974411814,0.05231396354176718,0.0006302375440744273,0.22368780263051954,0.08945374931320021,0.003503675770691944,6.4106318039426e-05,0.0001647041331780626,0.00582638810309619,0.08122664488268667,0.001069442385486482
3.382436971005281,0.06895763348311754,0.2815270260120961,0.049696930197920285,0.43283955836560767,0.0015754348005963565,0.08563637661824791,0.13413298047093364,0.4904862549649486,0.16052727687859927,0.0007049363059600994,0.16529934010361844,0.00023860249624952894,0.1354899448744081,0.019862767927061636,0.0001935908129832461,0.10793906648126736,0.0013561480811298636,0.05317253890726995,0.014362856646487388,0.010175548512992348,0.0022328382649155266,0.05754733909986277,0.014381023611117266,0.7442733724900191,0.019166839826215552,0.2165932564715549,0.002258956151730765,0.0953341051501616,0.00023221624022795871,0.00018112093543978903,0.011199214793170697,0.003134229862701343,0.0017276451666684886
3.702190312011461,0.07268503949927488,0.22187765999286777,0.006106890079718361,0.45519643946942284,0.004540118034157873,0.03610878458685979,0.10638613407783065,0.00019692674379002847,0.37219366569162393,0.0990890591090491,0.015063388839164684,9.96016295745125e-05,0.100643767186047,0.0006670560647571922,0.00041594236530717734,0.2585981085599194,0.000285859299187103,0.03962858093020537,0.09553695148354249,0.10674174862224323,0.05699490731780486,0.10111624929963194,0.8851885933309116,0.3397882916694412,0.04938835480834687,0.18276859191762396,0.06859783355264179,0.014223642221325598,9.027153080579522e-05,0.0004054350838137331,0.008853676895727722,0.002395080802425239,0.00031766131641753785
4.992400072590627,0.00013119963461820998,0.557837014204496,1.4579224266129254,0.32841686631060074,0.022600553613266856,0.005375512214656275,0.01870593204011906,0.22504355546260466,0.07487873385116747,0.013975656143875057,0.024978544553214604,0.00039664642605304247,0.003426672745750628,0.0456853806763368,0.00047987998385038046,0.08103576552462714,0.0005010324711835996,0.028284148141665057,0.000716962763637157,0.04644238515435992,1.2222773522165227,0.050542796264808613,0.014961312368028454,0.30992952165622084,0.014950351066039681,0.19229591030786786,0.10719333206632597,0.1014094306108427,0.0004060418306445868,0.000472331207227264,0.031863995462792075,0.0091287911299078,0.00013403787439014424
1.0440336297817303,3.970889242563253e-05,0.030669939244424474,0.23506402789742187,0.027925526978728476,0.00034322596124011654,0.016191964704981583,0.0014413609149798356,0.220845964900728,0.044541044599374066,0.005647171131574202,0.07611890040939226,3.6021180172466736e-06,0.025017624465401917,0.0017856070784977663,6.606336022414827e-05,0.0016203944349787208,9.469875687106916e-05,5.86286269343661e-05,0.0009396907051309336,0.04783868587207032,0.12525607255638926,0.047775652061021925,0.05069204357693649,0.03833433804218932,0.0013852177112565524,0.016590391126818513,0.00017451699257151456,0.014524579051646851,2.795062607743695e-06,6.95541081384468e-05,0.001074159672555652,0.011899950341202161,5.284249985835016e-07
1.8839222083395017,0.022818410118641295,0.025727537020577788,4.275784239637225e-05,0.09150540780075564,0.00023544322647911105,0.11483196734200421,0.011465273444345269,0.06353517877018414,0.4342027924965519,0.0016014615564740994,0.03743862938881355,2.3520202026452904e-05,0.012156355728388054,0.01189869933291811,2.234899390654175e-05,0.008409047759397135,7.587704132728712e-05,0.002376420012185618,0.037063471814008056,0.0009925690830300245,0.584891948102801,0.013391405863404536,0.0027316975291224277,0.22556079887917177,0.011738008091748048,0.039768123523604364,1.4817459704081246e-05,0.012172775321956594,2.7541337071705474e-05,1.870399957223889e-05,0.020408947264097446,0.09649458012019911,0.0002796918726377294
9.478303534560643,0.00026308452762383857,0.10967169089063138,2.456308767193314,0.9523361741025906,0.0039498772196353196,0.011503482540383527,0.03696795886814857,4.034713616580674,0.1371499025600491,0.006557343341011362,0.06985116798166599,0.00012374269847776218,0.03568363234884493,0.12885149480495575,0.0005710547390512519,0.10980200472026086,8.510515387703085e-05,0.0026797479021867998,0.001267470194097728,0.045498516105985785,0.01648753221563951,0.00034150145389816327,0.3455429093592453,0.16051815556181817,0.009171592561384993,0.5163706662144179,0.02675690135224909,0.0064549555074918255,0.00012355307668858982,0.0005461610232316267,0.0012949269191706745,0.25058287262071377,0.0002759722212291001
3.948383194886377,0.0011849979134767096,1.0024455734056086,0.14845261377680594,0.12012753524341394,0.0006402327882315567,0.06510993846440893,0.02105038477631543,0.12437970512898593,0.7852833305022785,0.0011179424962360451,0.351191863213303,3.916623327890264e-06,0.031073410416170694,0.03293505257519406,0.000867828491201203,0.011455736858594657,0.00029293022087922187,0.004512445511098734,0.00011912875993526152,0.003697221046065848,0.3168381702272267,5.486024327192356e-05,0.5521995407769785,0.20488201740541714,0.008861138205416983,0.05939857881450589,0.03552255810221844,0.01499408100975643,6.0176221743042855e-06,0.0008422779529456377,0.047192090351254753,0.0001672730549014759,0.0014828029087766677
0.7655532813763516,7.012574509229863e-05,0.0007752884789073813,0.000357694326202974,0.11892709343625507,5.0057385241680453e-05,0.01445558975126946,0.016057450533884944,0.11775998246174539,0.0947442963318523,0.019072793889688196,0.0020434852841720616,2.593030727871782e-05,0.011112208642063397,0.0014419880098031055,3.794751150871446e-05,0.0031052080279656306,0.00024352395324243086,0.012894042582446657,0.05465707658741729,0.02639269848213091,0.12263083584737704,0.022874396958390813,0.0034059128197088014,0.0005580153861690998,0.00405858774108248,0.06219758184646686,0.016167665047263777,0.03454443357819709,2.474326272662309e-05,4.155880445981681e-05,0.001097490552063795,0.003721018721415978,6.559082860880985e-06
3.3671782989253147,0.0005323657723096009,0.13354297307819996,0.6809594970398898,0.08665438544434373,0.0006679876108232138,0.05313941354690672,0.001611696343900911,0.31442860829025354,0.5805642452378883,0.003653646285631452,0.05167534677213389,0.0007492580300880786,0.016982851496029388,0.07976115798900735,0.0001964203880213597,0.02535124599901127,0.0006713112916194689,0.0010963120301938636,0.046105424548737076,2.4812633886662885e-05,0.5370187006120813,0.06754837047276607,0.2323165625459423,0.2758419977269859,0.008503850599605055,0.032757760706196126,0.05727876651013243,0.015216228426919706,0.0007480131182269704,0.00019260082986852865,0.007909891941283661,0.05295649821454284,0.0005200973918881022
3.333704771080017,0.008058283160936302,0.5763227131825936,0.3016111307685386,0.37945708120472166,0.01415246248219734,0.0566154464680037,0.0034520856410374086,0.0005261204724772034,0.11090438459151704,0.016590379161140534,0.044442990984192,7.55212098762101e-08,0.00018230115409429784,0.0012928430998112267,8.741018194329237e-05,0.06098674630182163,7.577299342109227e-05,0.015487210461840208,0.0017603372321550687,0.006015211609161252,0.029284007067554803,0.014136331450539639,0.06993149009452088,0.7425915163469474,0.0018346450112993035,0.2163989345563724,0.05093059319307251,0.04376016224171504,2.2604126462510686e-08,8.682500370061003e-05,0.00010772370002109145,0.566620829694018,7.034433157856045e-07
7.91534168926658,0.006868452759673877,0.7908875682513745,0.9155060378993537,0.215291015053186,0.0033323371015083103,0.0027637760916225857,0.01680398478693406,0.6393897362386174,0.01501198100667252,0.005887304401424703,0.044154759391887025,6.108642957102623e-05,0.024922292055458616,0.06440953352655779,8.520675655821836e-05,0.017664270765834458,0.0012567181875494603,0.004555438807692147,0.005164846079805942,0.006114916163280052,1.1697974772287296,0.05923623487989434,0.237951503582928,3.159684479599105,0.009456108083561914,0.12810667574869739,0.007277489285724859,0.014980259532667704,6.943716315954599e-05,8.965357654035896e-05,0.0003434635568395671,0.3455288513220617,0.0026887939521078996
2.120328280201495,0.006085178408583737,0.03277242954016835,0.019403566808069865,0.024652053913189878,0.00022290572658390792,0.04657991532296492,0.00405714948910277,0.4866873909987196,0.42008690268304777,0.00524081146613331,0.07574618924441973,1.368903742686077e-05,0.00555005850941801,0.00013420028815612378,0.0001484366255179216,0.018930472184922102,0.0005247057951177592,0.026006367509872046,0.002792474288280583,0.005996779620409321,0.45767760668432134,0.04110930765065079,0.18412565072390993,0.1290889100485172,3.2087727003437336e-05,0.012531258868471536,2.7860741041378347e-05,0.002802951217401112,1.2163034922687535e-05,0.00015712220679644896,0.022988576811169115,0.08784698564683402,0.00029612138035180663
6.996010855232093,0.008963594826645232,0.20053004691703094,1.4921440025951493,0.0006319634087100574,0.003483515212357314,0.015747362855263892,0.008395890415896931,0.05478503526319116,0.21695554871323483,0.009986918402651777,0.10371993696969459,0.00046381851039955764,0.010004983724340654,0.00012919438310270994,1.9511020035928368e-07,0.07318957933353991,0.0015602800851929964,0.0195681609323109,0.01128146339646462,0.04802723228977833,1.340496862913934,0.23610994909366362,0.6869862456619742,1.742568945871992,0.0055883529874100404,0.00023590525310987612,0.09880257375309984,0.00011222202009991628,0.00046969946767334305,1.9163669918863553e-09,0.0455081322570704,0.5570841166168936,0.002479124073650348
6.723539295300959,0.0015136702477966477,0.09367839579223002,1.294995307929298,0.08239010966052149,0.016320701885315383,0.006588283845801253,0.02724071214816877,1.6571704564011387,0.07283048776586717,0.006107668995915107,0.0036489657810170623,0.0003101518249216331,0.013250950028407904,0.23923739876314754,0.0005289409857213921,0.00032161892927361777,0.00036791002942518917,0.0034467250626642344,0.0026850079075480546,0.0018536755681611869,1.3122481335353304,0.5830924221633423,0.09911096789959355,0.0018224309641563447,7.86911198879953e-05,0.049858496583424096,0.057912715338592255,0.11689618546482608,0.0002974965457634694,0.0005327018700550694,0.0006782826616488081,0.9764358051303517,8.782647164725589e-05
3.810390015430078,0.034208884482700985,0.630898800518003,0.014946744297142859,0.0012520143759064291,0.027140879851919205,0.03007589010136235,0.059854035094569547,0.08552883494372039,0.005250678336382648,0.006632667466802981,0.12789242019738736,7.47336531257502e-05,0.014207534035221736,0.03599005477583938,7.116919651836302e-05,0.10699455798902803,0.0008605931156437384,0.030464605809762454,7.206700124044717e-05,0.02348820341094513,0.3308924652432715,0.606992954097814,0.031253259088997905,0.019798692847823502,0.012416154636831066,4.332849163563339e-05,0.43243408631046526,0.009264221469283216,8.048364833871515e-05,6.184645225055388e-05,0.006920025275666335,1.1238238851487434,0.0005032440657342478
6.01450564136507,0.0014122937026865238,2.9348350823119844,0.00460647391014841,0.02913301162985924,0.001339813012803009,0.0004948218793809238,0.007498130451848045,0.027164878290660183,0.46793220255982115,0.023145518153213758,0.05473430269852667,0.0005120969203096085,0.003898004238265472,3.8009615270363935e-05,5.0586638261327776e-05,0.00032658866943854306,0.0011738287522840346,0.0038357581318577117,0.014852533428992667,0.03708748764780187,0.6049007086239989,0.20239382047618046,1.0155090404223424,0.017694380604057064,0.006787332276743517,0.009495658949865007,0.026705847355860794,0.016188034792242928,0.0005134890564622906,5.598221903792235e-05,0.0029824670232400504,0.495880130222192,0.0013273266994328983
5.917436355626299,0.06493163020724693,1.2498145548484625,0.036761772951383546,0.6276313215100898,0.019619034548431922,0.15214287003907806,0.0032912482654936506,0.33235474881314686,0.07122052018799126,0.04848318747311779,0.03964708689043559,5.361581054483219e-06,0.0008998090722504454,0.0044407777032151865,0.00013714676845512323,0.10714709691292687,0.0010849188100003676,0.009184802907797067,0.003056025803570713,0.003100461261511441,0.7669701604905953,0.010279045326157366,0.21763982972205556,0.51623807388856,0.022385800416452554,0.33686479912168027,0.052620160675563396,0.00027576703381279664,6.632737134517973e-06,0.00014649735770775747,0.01075606681215502,1.2077903191443178,0.0005088263444482874
2.4638528706347125,0.002420513026109844,0.44327837030256756,0.07294641867578107,0.23670819342072047,0.004391056808153835,0.048493810878545596,0.014685220940906822,0.01800134475359995,0.045257930519317556,0.0010852415179186685,0.053322158066353494,2.715275942350043e-06,0.023411599792953878,0.0003957839714034903,0.00017476748262329285,0.006555497993696616,7.564239997790363e-08,0.02860063215673998,0.00559198334821831,0.013305634761675865,0.5574364609342722,0.00130253833719802,0.21299048753445163,0.03934914467726955,0.0007062616378951004,0.11339931734329306,0.06863894334968366,0.005052118234580023,3.1947158238745615e-06,0.00018133018007327164,0.004134681709192976,0.4420226297158955,6.8129294546325286e-06
1.9478201972101254,0.0020511484037762763,0.012195769606829296,0.0877227759570325,0.277857516945692,0.0008267010884277418,0.0010875565951423314,0.00017809008799448884,0.6557949591618991,0.02849909869357682,0.0030009564725103728,0.02630051993938291,5.918901129054834e-05,3.968479777267059e-05,0.015332992203135462,8.378970920339616e-07,0.019391422420791518,0.00034162667651228715,0.0034204016174914443,0.011890996577445445,0.018063163998598395,0.09168708820263492,0.002634894772412859,0.12772781996739532,0.39756533258086346,0.0012502817167082956,0.14725991897306703,0.004240997743132312,0.0074442383491967875,6.301561755376012e-05,5.676238116375533e-07,0.0012600367697957143,0.002537540506127919,9.305623503182913e-05
1.3673803964343543,0.00037003448615408155,0.0643201795761776,0.02810828972713517,0.1470225079970775,0.0005586994150637227,0.02139284529198164,0.014559164247415098,0.18715999275292214,0.02144679580669908,0.0025945415681429655,0.12072446965187048,0.00021595427113437718,0.009991923632484443,0.002327908786118411,2.4235470830908773e-06,0.0019696603022491344,0.0006107247450541012,0.0025671889717890184,0.014887252625908348,0.0018937712190576982,0.050287723430754674,0.00034042935182455723,0.36504006195375777,0.0003642180917477089,0.0011510079696411767,0.08560783155810057,0.0077234605233896135,0.00022613734795873982,0.00021579955819661686,2.047710873115394e-06,0.01610396703167939,0.1972550138087808,0.00033836947613149256
3.225877703228823,0.0009012794196516156,0.33846648482477143,7.089274819906301e-06,0.02718440660432702,0.034493840034373606,0.11583533632591379,0.03355023860555073,0.8190380516669631,0.000544235474696562,0.0033048336018558166,0.2902747409267044,7.243723447631089e-07,0.02347049645266924,0.004706707150914826,0.0003106736410995926,0.2398085802572678,0.0003900229946304521,0.004187011028018513,0.01578864498981766,0.08451771112166594,0.007339715731672188,0.2754740839241007,0.12565952944873132,0.3946999208512199,0.004972755118188519,0.024149393065853977,0.19352741639776003,0.010379836639014171,3.3921666287124507e-07,0.0002983967258159882,0.0015765229697545181,0.1501359004267845,0.000882783945207107
4.044086883997281,0.0024744707099471205,0.023563495076182838,0.05821925122936939,0.12061068483255738,0.0006730844100979693,0.04676523676614841,0.0484247762352451,0.014545095396851882,0.26692415437552675,0.00832335268683784,0.21244257639127476,0.0003709452684815042,0.013549511511377428,0.027976319066501477,0.00013541202565473467,0.14296591953698268,0.0006248108690729914,0.005616803677982631,0.05796528896950408,0.09590424245223977,0.3947134961606317,0.006294995343121073,0.19068472839974762,0.007786662413503406,0.0013039802570068075,0.06283299340361995,0.05513551552994205,0.002640392310132579,0.00039284389195506176,0.00013945269883956166,0.0004792542434557325,2.1717010810262005,0.0019060568312878315
6.929356486147688,0.00040702551737920495,0.66947855367181,0.7698883760842586,1.3832179911612834,0.03097443747931696,0.06267674113149822,0.0007788203840593108,0.004620602483454501,0.021027437855269917,0.007694186999651139,0.07584826314681878,0.0003482704789697996,0.0012267437664076298,5.557589319123673e-05,0.0001652369554150352,0.04559815640015615,0.0006480322311740323,0.0003239888308785507,0.020644935045570027,0.2146149082150298,0.2971063383219026,0.3898850241185193,0.07986816609248143,1.9227975528029608,4.3805827607863945e-05,0.7082927975121837,0.17357352708894513,0.03543785477315982,0.0003448984819956785,0.00015651256900690603,0.0007155153355670304,0.01018026791075293,0.0007159415810122517
5.394772296453383,0.043396103635084025,0.0030582058136617665,0.1254425096949868,0.06482257000804814,0.019028132545003944,0.12118164230531567,0.0002600700446723311,0.3657732068982584,1.7014982830570196,0.010724889268682326,0.15021044584644894,0.0007645296400396759,1.3638100895673236e-05,0.0230917031505003,5.1154063573501605e-05,0.003298474066059584,0.00015028609684361076,0.0034535292260599276,0.01198823695149979,0.00257995077805208,0.018852341098761743,0.2564331102875281,1.9584089545116847,0.014048443729082552,0.07400784163257877,0.062169056780100346,0.28296639775114174,0.002323018296134765,0.0007963694036211337,5.121766881656211e-05,0.015323325729453392,0.05837886949112434,0.00022578888264946324
5.944906639998061,0.013563868840588888,0.40917871752496887,0.04577937838864178,0.42907812441622617,0.0028382921082577583,0.004524807943328086,0.004567171026397918,0.2746911085672623,0.013179405306750195,0.0018154206583984953,0.2633466146870116,0.00035676992948097965,0.00021996768294694843,0.0014541884581376517,0.0008100667504484138,0.041584305492485256,0.0023215949278157086,2.532855279287635e-05,0.016895855688219184,0.013140342762156386,1.2786776922540226,0.2561242790012443,2.3942189251579116,0.017574194038444974,0.002448241902387931,0.19183055411802552,0.14695520771284254,0.038007917994626716,0.000369289594064584,0.000824794487204307,0.07580944238831466,0.0014379115530700475,0.0012568600835858711
4.45690493470719,0.00023597616066417138,0.27852206956469205,0.13163659869005315,0.3749905191789476,0.011502644470219966,0.05345919451682054,0.027957787904173248,0.46637977353508825,0.1263575700119556,0.007938588966729717,0.29241788308599226,6.420784216901143e-06,0.06445803312977476,0.05842936421502957,0.00026979504787746304,0.10657069457306341,0.0006132417962809687,0.0021311651155685386,0.0007641381000808808,0.059972541707361396,0.39826310454885244,0.03638530674167917,0.19170713516320406,0.011567745615130211,5.294137100887613e-07,0.21386223544481256,0.039486446719302334,0.030239069284294838,5.359633348736429e-06,0.00024894628899671344,0.00047991880628607374,1.4688290333465783,0.0012161031464036159
3.274599836908468,0.009994091419000551,0.4756588012351767,0.008572665501612821,0.020265364771356778,0.0097808649322655,0.045022760669713696,0.002776247324391624,0.2737655267326036,0.586278135361205,0.0015142688255541297,0.07489772566337381,5.440407500718495e-05,0.0052472786767325365,0.11567816400369456,3.1911503413682505e-05,0.02807842823930325,7.17182530574855e-05,0.018226349059964952,0.010140048553327853,0.07450931562013671,0.3599240326198953,0.4308730177318507,0.00190918294182263,0.06712296171859422,0.035845857586588856,0.016873798052148684,0.058308458974919465,0.013261841826092097,5.804492821482813e-05,3.029948368444931e-05,0.07003992863401655,0.45972195853374404,6.63834560043188e-05
8.270667858232512,0.003358345972688958,1.1824201379884927,0.872652098588162,0.004058999020398274,0.021521560780097978,0.3996946387275231,0.014761846134715038,2.0349017394847384,0.44850931733863286,0.00018239307914033454,0.12883307954579568,0.00052744650585869,0.002951367950257213,0.0015854559550670467,1.2343992506241417e-05,0.07036408903930047,7.291324518830661e-05,0.00010918284285046845,0.026886440616454885,0.16705297307028186,1.3346621214409315,0.13884674544098605,0.6727868346519332,0.007671120353132285,0.004355494289941624,0.0002655058549032902,0.31712231043303035,0.016295814192580478,0.0005246634258978502,1.3836820747111319e-05,0.006444711786772416,0.39121841125789303,3.91840561177246e-06
6.1512277683049845,0.010616870762057763,1.6048282166445542,0.09913101139800104,0.048710575121936134,1.7174834657330137e-05,0.04877279713751843,2.3851714506713655e-05,0.045406302657664675,0.5941614825637525,0.0077307872750283155,0.000492197409294097,0.0016191750602883173,4.739638455037062e-05,0.028430251783739872,9.533062213545829e-05,0.040983425714297375,1.298475429733402e-05,2.855253002129869e-07,0.003597590966441425,1.6878857098398026e-05,0.14343008788073272,0.1698521525945404,3.0595159138543386,0.09129725880446865,0.009313711931487506,0.00912423150567484,0.07249112721360486,0.014941559838590204,0.0016158619313483568,8.954515856191509e-05,0.001131776663653593,0.043085822001067704,0.0006441317397956853
4.363998473916835,0.004766573373857689,2.0064152112689078,0.14983175506436447,0.0039396492947035636,0.00022295511695668126,0.0011987607249412397,0.002753567659853749,0.07408455433469524,0.22600823963567654,0.0349702567301435,0.018852607707695836,0.00023767577284625275,0.0029163125278343395,0.0003225687000812826,0.00015243733836656313,0.014837687681410689,0.0003949201084779741,0.004276012469221297,0.0033060905579362335,0.0021101269562961945,0.31286710948301494,0.06222288194921481,0.857311835950031,0.26799412544830964,0.005922739321188103,0.0005716725502853467,0.014256249897891985,0.020567131461579232,0.00023259816388578622,0.00016514290879403665,0.0035039244036921256,0.2652666906565481,0.001518408698132914
3.869958346457466,0.005762832567067657,0.18234434346795808,0.0969219495152495,0.7559590065818607,0.02686250761122732,0.0986339013620896,0.004738536384677217,0.08305351377447658,0.013997584907509913,0.022180611320749277,7.828448221036403e-05,2.4740324983880454e-05,0.0029450880878459347,0.00253014698436303,3.9080211645296813e-05,0.05217162330986469,0.0004755448205000657,0.0003177967043511632,0.0053258233361946836,0.004945540128206486,0.25259823547825433,0.003048957639427665,0.22024152494682803,0.9877469104936515,0.037099618260982785,0.39614950760543616,0.2273254720670821,0.002882430391147751,2.440153495334204e-05,4.165375293615323e-05,0.007816337914819487,0.3750904755252461,0.000584364963669019
4.200541398835011,0.0011976079823923028,0.3766808211453562,0.04038145175613475,0.404236110263048,0.012264667063833926,0.07568694056150527,0.001930493886971182,0.104978866215498,0.4116965562812446,0.024294031994657073,0.0027298569312848345,6.574352110263504e-07,0.014707723334455438,0.002046967772037458,3.8177664763956945e-05,0.00709297627076025,0.00024096498360767698,0.0007405915002746065,0.010839626328459338,0.01571547100354816,0.2157330466230348,7.05858191074657e-05,0.11293463904238839,0.6663031900462456,0.03724661491212443,0.21949280541701335,0.030267778297055837,3.995995184976868e-05,8.847518657296434e-07,4.223605504108822e-05,0.00905310174259583,1.401092213667803,0.0007637821338415331
5.5978516320080765,0.009485514590351973,1.345530867436729,0.5081342071134982,0.011147018868332085,0.01580979418858453,0.0035590766697390346,0.004090298870604785,0.3128093592913352,0.22072975419459914,0.0029787026691775994,0.00011927097265733933,5.342935328060471e-05,0.007009832383354133,0.024352050182522882,0.000387337262103397,0.011294295851770737,0.0010937064553351084,0.0014922344296784075,0.005428369992605745,0.06851396741525204,0.8283748090001137,0.6653789278620134,0.09852744649266154,1.1581422858344181,0.06515374985134444,0.009495828614848104,0.14380281893285354,0.0009055851097237251,6.022629408704306e-05,0.0003757025896229548,0.012888798307811202,0.060036499477617335,0.0006898654494495036
4.2241619240800965,0.019887366661048705,0.008985198033756307,0.05217871382201167,0.2950243576156003,0.003896076828726597,0.0009169942755585133,0.052726439852224395,0.39632786355331884,0.0725452154573326,0.11251472665802682,0.4135708557411946,9.108127998331381e-05,0.026634396499579993,0.09451388708177942,0.0004007230626956613,0.009667319879888406,0.0017298714008400294,0.0008320985766192173,0.0017643934579099749,0.04291048480494551,0.9026976874180387,0.003135789869646532,0.11757698431931117,0.2922232485185449,0.0002246568350154846,0.14927266330053496,0.0408952318086781,0.007088246334531503,9.193203589166299e-05,0.0003832279578978902,0.0014365979984457859,1.0990132435605453,0.003004349579973655
4.852735377152799,0.02179713411717695,0.26898053684136064,0.04032924642176523,0.1973739259391102,0.007398113990534949,0.002105853461460764,0.003197623067938396,1.8500663993902975,0.679440043708912,0.029824625894824087,0.1643260773728538,5.168323507865315e-06,0.041416922149734615,0.11140337729988686,1.4194689369090911e-06,0.008396141704441,0.00022380718830926786,0.001758531568041649,0.002253156709479975,0.07157203857545404,0.014837750421472411,0.12332097294369479,0.005449255422540029,0.9773016858289592,0.0003262505228410406,0.08911239512801239,0.12477803301275966,0.005114139914332822,5.812570607125724e-06,1.2821903756025658e-06,0.0054890320958402615,0.0046249634776296174,0.0005036604297075374
2.895184539883883,0.00997652505374211,0.05573955436879518,0.026389896592785306,0.21318921275269428,0.04567553778202932,0.025278012437709652,0.02503725930202565,0.04239945472438011,0.5237219260514195,0.008128809866041435,0.06581346536013699,1.5628923367902606e-05,0.014665912056956745,0.004589634201030576,0.00010072515392276215,0.1684576845217173,2.9484276037799966e-05,0.10069756931643162,0.006465801147354718,0.003497345871145735,1.881193788053744e-05,0.2793781636488554,0.1533192378721005,0.1983289318744685,0.0013734721959589148,0.14015200229471184,0.39900790741237624,0.003067669918035128,1.7107412945323465e-05,9.603279485909904e-05,0.0006113573850345797,0.37943702177415967,0.0005073836027724394
1.6438381340244148,6.0056955795202955e-05,0.11832100930468506,0.051887569268336806,0.11605054711190861,0.011819115377487834,0.04334549653338088,0.020396662438017073,0.062152800013955525,0.1595413990401407,0.0004982875367022404,0.31410877491111217,4.103138153700424e-05,0.024974601504133245,0.0010594022249617203,0.00021563016256263945,0.10446573786774359,0.0004350737885083948,0.010270098109141897,0.04273282344509671,0.0646506937969349,0.0006193088806478952,0.12446638509551104,0.007854596007244306,0.24446187308144765,0.0011676075004409393,0.06607005820529525,0.04666849691010368,5.981113188355928e-05,4.1768416668893186e-05,0.00022240415199122147,0.000585992949723102,0.003970776238830991,0.0006222446824842551
2.2488941982223407,0.004094641191730557,0.7956065760863116,0.38814548444732094,3.093810606376524e-05,9.220022289372236e-05,0.0022764740843774895,0.0022314187044543874,0.02253183664656678,0.0019470818823145834,0.03494259003319553,0.013375715754977912,0.00020596273908639158,0.0015616119520963953,0.004339954415145447,5.817242321152494e-05,0.0008001779256871577,0.00016528461233952034,0.009888765534445869,0.0003207039256104067,0.050141702372606525,0.04364498142165924,0.0644337002746362,0.07504630670202733,0.42817874236664843,0.007320187212969177,0.00016157305260030118,0.00322454537831001,0.029349419175434353,0.0002139199787498021,5.744315677748916e-05,0.01322775205654752,0.25125164008744255,2.6694298101927924e-05
1.480657547419858,0.0032152452438739486,0.054450325597230995,0.40077686653021655,0.1184994689554181,0.010127326912866053,0.026915940776217624,0.008945110664224105,0.23469917485175873,0.03591928692122332,0.002467345476428983,0.021856365547370006,0.000242620494395079,0.010681621820286001,0.010855977431243264,8.534920375524944e-06,0.0012947865060877397,3.761012241217825e-05,0.01265618712633426,0.0057160605777275345,0.0012191542942343217,0.07416391191486446,0.09007029548824132,0.1712414484389534,0.001195653544708314,1.3124413047244499e-05,0.0695792336921943,0.06373533642298906,0.02526060447660401,0.00023544688429774662,5.419256036727291e-06,2.17526775874666e-06,0.024506742232577015,6.314461766117208e-05
1.6028910563857783,0.0004559375183386365,0.08134289529584345,0.616066832637566,0.004479715676271472,0.0001549042214944013,0.002161065292510257,0.007169435269769947,0.20786971286410363,0.0028208763441905727,0.06660248747352235,0.1321786476634491,0.00010292552186945335,0.002373260449073564,0.008848094188345127,1.529811288596774e-05,3.456882354456455e-08,0.00033290168398263526,0.007394084184775094,0.009506932179505288,0.03915054351717126,0.02876000784793127,0.11950004320644834,0.008400271356942598,0.142882714596528,0.0008589927985712144,0.003236850003666949,0.03719896222620044,0.0493344246623941,0.00010170158782129502,1.425603738785207e-05,0.019495554983552554,0.004027604908724079,5.308750611771546e-05
1.646393706159226,0.02508529899363739,0.01606114001834281,0.044615239569968906,0.1500927234445772,0.001857596392151436,0.06275543250253582,0.00931865805318245,0.011669366658281374,0.18935486284398753,0.0007827335636233394,0.012227822906395956,8.152144607896831e-09,0.03434166444385503,0.0048795190504224715,8.646079726803429e-05,0.09392895269268275,0.00010392270759278773,0.017680212241412533,0.013767318481134863,0.010128202088242465,0.24607814496507271,0.11840026789736692,0.08515215743098341,0.06168091377227657,0.025978482647069655,0.06352222552050552,0.046553734396634835,0.01935373989226102,1.289873164266539e-08,9.435698316853025e-05,0.09782943833953094,0.1829218822659893,9.12135481949633e-05
2.810018091131148,0.0011084973301942027,0.6164627543273467,0.5854144626120599,0.020722557785365043,0.01203488397736824,0.044006326459524694,0.012209712437896016,0.6797455480687571,0.08438425232359016,0.002963662221750876,0.07868896191619192,0.00024175165090183673,0.004325710566220717,0.007069785025967448,2.778128699074999e-05,0.06823780474771918,0.00012722507117622636,0.007091284615833536,0.001121385986083737,0.008641427693565743,0.0018201858049622759,0.044346511434473275,0.3337640748768101,0.0775627305174678,0.0006900694742804674,0.005276230358814193,0.09751052786632773,0.010443952722221634,0.0002512695869719803,2.74797201206455e-05,0.0014779457858216112,0.002041785364205516,0.00017955151416681125
1.6019604234814975,0.021426448673867737,0.26248200629369534,0.14918081415441256,0.2018371524890816,0.004512346675930918,0.07601718249096509,0.0032773182071570133,0.2400968100234808,0.14536451112410625,0.012253522542278166,3.1289204050787604e-05,2.106906244025797e-05,0.0034099568359720694,0.002024486862986097,7.40245431947466e-05,2.9667547035309218e-06,0.00042439272781463343,0.0006760171359068617,0.039001088940601725,0.006865165623372185,0.01673280750965049,0.021675495037417662,0.033623046463433455,0.08991344465624326,0.019932248753222737,0.10123684985841326,0.022017316482526833,0.08069232574501044,1.909989714030248e-05,8.20056997193871e-05,0.008129955219236751,0.038897918391813405,2.9339401651283818e-05
2.990227956889527,0.018921557294077525,0.003864841002670988,0.6286202609030958,0.03759890178635357,0.015190370532656903,7.220781352225741e-06,0.0035226799079061595,0.09667602258552487,0.1823572012588277,0.0009512713660344542,0.0051405629330250726,0.0001874328263964067,0.00033719964300010183,0.006141431899380977,2.295123749735505e-06,0.17090935914556435,4.6691437642425965e-05,0.00016913807344503916,0.00854694872659111,2.169635192746127e-05,0.012039569990210332,0.03673840355831261,0.22969577215458237,0.6256104545891774,0.004777101704632113,0.012696260254021895,0.3670046292419392,0.00045473789097524343,0.0001798395991111166,2.4975238146142353e-06,4.3486765713046344e-05,0.5211465948327346,0.0006255252050793396
1.4781558941289497,0.0002954464425025574,0.03923857508499724,0.02503638688130545,0.3021080391371818,1.9160273452223685e-06,1.953738904070123e-05,0.018938894342019265,0.09686452322924777,0.0023076311078933922,0.02356917394961957,0.1804139024817926,9.73516312951836e-05,0.01793589158249194,0.0003004726430996499,2.748431863193047e-06,0.02321719095064272,0.0002921429934038086,0.01045616805241857,0.002119821604023076,0.004724883126539092,0.03692175245542647,0.15716449661421977,0.20632067356623834,0.00039549691364038173,0.00858328192654722,0.15926106081540756,0.06300458845605741,0.03724139024660223,0.00010094495796108535,3.977821995802749e-06,0.046176267250909696,0.014888022020739949,0.00015324399448105996
1.9847289492577775,0.011260604548245585,0.024040111380966497,0.013593837423729774,0.03157092842321414,0.0004440855079237751,0.08816886489595073,0.0073929721078327595,0.2588450443960861,0.3125462341629636,0.0057997670175834945,0.000473883288082924,0.00032331255608234925,0.004408506589955648,0.005291557917365108,7.398075997777984e-06,0.025911108832752133,2.931468612275709e-05,0.0033123730626947066,0.013528345953794966,0.0017770533904473704,0.06420398095405686,0.1290718307288542,0.6891259886473892,0.030757429667059865,0.0035073829162870617,0.02364819030135276,0.0418458560624574,0.0015194679344557236,0.000307648234343197,9.199320867412672e-06,0.018407116142922182,0.17356438322964118,3.5170900298351e-05
14.250435736380602,0.01690816041536841,0.4924818245820209,0.7819339302101666,1.7738666134323724,0.009189033925391636,0.176579256175885,0.08797638188730492,5.5619528120913015,0.01655029182302898,0.0025781496850408345,0.35669051999478024,0.0003743715183889828,0.11967919314421872,0.022678423658413813,0.001998198835650127,0.2489617780306685,0.0012277153186873763,0.0787784852142634,0.0016564778565904368,0.01889035871753645,6.812267445758732e-07,0.3218088582443917,0.08380618693793986,2.862586761794788,0.0038718638272215032,0.8387082497742158,0.021003443637252723,0.019306710824182,0.0003901185269510735,0.0020218144735363493,0.05289507345854271,0.2721173389087446,0.0009666582290132007
7.702583563950014,0.0008139076128661147,0.005841739385360865,3.3031554519496322,0.16536046813898397,0.0001989277035670782,0.010922030747244814,0.02503129238875463,1.3177508551522656,0.7153520638496024,1.9362110233390147e-05,0.10882242811455704,0.00038861302428891983,0.01385544934237816,0.04616535342601394,0.0006955575305022368,0.04053495268354292,0.0001482848719329804,0.011743689304215231,0.0023726378108352483,0.002619748395146948,0.009199139869501253,0.0592760253452531,0.0641682165336054,1.1007478168232672,0.009606499045786834,0.09383867804518542,0.008395572753183499,0.02517340428607104,0.00038327541609999,0.0006958314157839355,0.007748555066457656,0.5514337977064993,0.00012393810139561595
6.207620479293143,0.030810803078371682,0.7676211999270298,0.03035000845401513,0.3902006703098284,0.009810221155890052,0.3168647259781668,0.001929100099715136,0.7507348621175436,0.4776704298272441,0.129144793068925,0.2075664079271839,1.1285755040948142e-05,0.007372106152343403,0.0015970946510559644,0.00031732750591842,0.001790745977532332,0.0002766677686223433,0.019092816940347736,0.007521724067177664,0.04640256336177463,0.6374970712083015,0.053286937104120975,0.2661991685372359,1.5438320844856468,0.024495751813007414,0.20816977481176854,0.0005841211030370287,0.05174772326666626,9.578378651060112e-06,0.0003159186695987143,0.03159710652070125,0.19258252047923374,0.00021716879144653565
0.9911730053072132,0.018872925087405946,0.0850788444516321,0.00010756750054935821,0.2849191249517662,0.0013061208944669573,0.005350384552672155,1.724393023401831e-05,0.17059143496352394,0.10831961008057829,0.013884784370126309,0.05752517641315325,6.133711494838285e-06,0.00037810430441078904,0.007934120950261447,1.970752878646089e-06,1.8435203105183797e-05,4.049020966788922e-05,0.0005449234315364919,0.00016125380601023708,0.00019127172767926804,0.006776474214830992,0.001072864321328876,0.02723017028077773,9.906559197323576e-07,1.833954734220494e-06,0.1458993780956875,0.002931839228045722,0.024289040256434264,6.381758357756042e-06,1.2178730897127989e-06,0.025275440844110403,0.0023953486055242426,4.210392521878858e-05
8.442010408858073,0.08413955843868731,0.07054979712918645,3.2694462114162683,0.3274908220782901,0.0004474882792425739,0.09684927649490249,0.006650361773248903,0.1152133432753285,0.010422667645381953,0.00430356922982804,0.1313816856232879,0.00021372296678613843,0.0022590922952343767,0.0026155868113296415,0.0022167406296155377,0.03889330423258619,0.000676802200177685,0.0009801256238293333,0.002615165349786338,0.031581801152121024,0.003540552374256283,0.4017628430522973,1.0340865969947788,0.983249249700514,0.021402426966975932,0.14805683287775112,0.0021536330959209373,0.034921502403537794,0.00021207477074216045,0.002229634961414699,0.004965598602127596,1.6049107013916142,0.0015716390210205615
6.839113218244881,0.00017779651599105935,0.5923094267736474,0.024159284832011896,0.5674814603460416,0.005779282861925244,5.6473181554497794e-05,0.0749703787683118,1.6530056445523433,0.00169602455126261,0.06898474388338513,1.4993858064098913,0.0003992904825604224,0.14213169110645058,0.0765647109035911,4.586982236541483e-05,0.03576243153601839,0.005209731363708347,0.02180627065279556,0.025536130414897582,0.005322649885183633,0.317599248963463,0.4919683280545139,0.22078415762328035,0.5158408564393571,0.0008442425193122366,0.27645301149185336,0.008373314798536036,0.015605978378516683,0.00039246510080207013,5.234326171524699e-05,0.003230753206565537,0.18076418184339646,0.0064192377196321945
5.669756602697773,0.0002034765757115412,0.785420291491066,0.004416458653064317,0.00011489885465073305,0.01527406779638528,0.2868718727294992,0.004615104820855673,1.927583164540477,0.2989429754055448,0.01202115348315482,0.14224102621442233,2.376306155313158e-05,0.0026977477681072596,0.00181945059187424,0.0003881822207697573,0.03633126851325022,7.809551799875953e-05,0.0187285010403681,0.040087242404363156,0.0001785319016666008,0.44052978810444576,0.056611923662297614,0.3504190543229187,0.9843945764503688,0.029245996677597256,0.00019298223930589635,0.06750976333727234,2.218939066078914e-05,1.8701857096750326e-05,0.0003855430348233828,0.02700157345956692,0.134612996687808,0.0007742398888274127
6.750123603668705,2.9536499405878986e-05,0.008534076061757859,0.4010250803479568,0.05127196420320884,0.013187751138816477,0.05059424301134259,0.025938489077596945,1.421524468253035,0.6395936634425154,0.017981879664583297,0.2971651458100101,0.0002464078848481867,0.038871120233564156,0.042161670674556895,0.00019560270589077827,0.008411387833530896,0.0010129099184966268,0.005514921104676214,0.21423272095745613,0.0007757233610759276,0.40946008645752235,0.7890218943308133,0.7699709049529974,0.207328183899709,0.001653133027591409,0.03309276649435957,0.0231735322695603,0.06742763380155689,0.0002556092727126725,0.00019933325107777513,0.024251330395576212,1.1840847318325414,0.0019357014983614677
2.965851921059855,0.010960214193294716,0.00013767003104970166,0.7262974489065634,0.5116767991302619,0.00024926088679488975,0.011431620369251242,0.03952489352052025,0.27275318718163666,0.00953254859043373,0.0062673112347141225,0.08667625131953427,0.00025037861686665524,0.034301685862641394,0.004124021504285287,0.000773025201606275,0.002315995280184903,0.0011050164803672307,0.0017248174550020129,0.008400548105563257,0.000973279180589498,0.20308285311930072,0.03597697594681648,0.04380165384503309,0.563182989779164,0.004345374948291813,0.2543913114734833,0.005403766804718011,0.004758337825490709,0.00023505506374436915,0.000746127017799797,0.0018696006097032752,0.11828764782981983,0.0002942537453282644
7.358132684950126,0.053085543961616036,0.0012545220163514567,1.4674898924923767,0.203979219661023,0.004386152038423428,0.3785280849795585,0.05043989881509083,1.6854742988904308,0.6125793500947437,0.04368505240495406,0.2620207829438369,5.843153485055796e-05,0.1224614919183214,0.009915462449570636,0.0008072011546266134,0.0534435490887313,0.0005880656153916465,0.044695619013642725,0.003517171487950582,0.022233064753094743,0.6953289987679351,0.3441315569327075,0.5430727347396661,0.06724031962298174,0.06423402041738825,0.08556859809875285,0.08587949201827715,0.011133732891034386,6.412154969354161e-05,0.0008348916409514074,0.009023437541182865,0.4301812737598679,0.0007966516551025202
1.5270946075830216,0.000391954924337212,0.18484213885752848,0.03727954191323125,0.22520456951362858,0.0004385197934152261,0.010777188865219304,0.00019347681300898277,0.06278179633315434,0.07069674735620458,0.07884679068562132,0.013478937826856817,0.00016554360753488824,0.0013798532253471295,0.004464561806440958,1.038096806525684e-06,0.028359349576250536,0.00011891327588447933,0.002501587710050501,0.004307741221263169,0.03472200217745109,0.17380293373916317,0.02433816359867169,0.2524197717981608,0.0559929318848251,4.304420876032191e-05,0.1286987174637587,0.009415844109678665,0.056890402427067555,0.00015432692101068147,4.1562683193104926e-07,0.00808773727876594,0.055748237823285626,0.000549827123805803
1.6808551613339713,0.010259604183098906,0.020147418544566465,0.018364254080501942,0.45425690075330916,0.00010748685908808922,0.0228616882792467,0.03941306852119978,0.05880621170834036,0.07429372096503603,0.00235158920775959,0.06012882214662689,3.891880520770053e-06,0.02302538921275324,0.004992592382929509,1.889294072823893e-06,0.022547413029524177,4.360683874693184e-05,0.011042922770719475,0.042646661458877126,0.001187266135857285,0.3114418836297687,0.03191021698616861,0.0008522410978992457,0.20138529665163243,0.008735275266820485,0.22067916763934867,0.014631211646573907,0.0003471984448296734,3.4252098077889294e-06,2.33602135834952e-06,0.013656151832714753,0.010375508327651366,0.0003528503266218166
3.3463827589700017,0.003410991101293741,0.11899947684209443,0.5789033549896117,0.02208216740420834,0.005980897130941367,0.08497606788539021,0.044724507178883585,1.0835421662514182,0.07932665769704302,0.003203604759523443,0.1803337049342888,0.00037892181772757413,0.03741783657295691,0.022128584989640383,0.00013084741127016743,0.0018053713417336072,0.0004360497305375297,0.006970532538658971,0.019283953378173364,0.02331590084198878,0.26053444859521063,0.03653925616987734,0.07592277455481461,0.0028475899785505732,0.00013757190187210203,0.007838332390458828,0.12055005236824083,0.007419370467510991,0.00039035415258802765,0.00014219662300387858,0.02760445400640099,0.48865385179443144,0.00045091116965721137
3.653569793773072,0.018370221171187615,0.0745351552694576,0.26763452194952275,0.11530625598320846,0.009131678654642936,0.019090310310746268,0.0033187867649724155,8.388827930125355e-07,1.0576275896734535,0.016554169168389473,0.3408772765715243,0.00037672448031346906,0.00897872120888691,0.03463340922521993,3.667653281549079e-05,0.0004925348844796417,0.000459810910749835,0.021446540937400862,2.847984815618026e-06,0.11759683339036082,0.06736759070365565,0.07202263578836764,0.9188601463297785,0.3091339075087891,0.016330627425875988,0.08627743048939736,0.05359518725978391,0.009439895996251722,0.00038605101865806386,3.124107015293776e-05,0.0121326158294552,0.00023816087356814394,0.0012833995243959908
12.214571126613292,0.09737475111826999,0.0003042100140950402,0.5189283527803592,2.0758221393565583,0.033691953569516056,0.21164035546395701,0.007403999567654648,0.538274781814997,0.0050773849533281845,0.015537686976461821,0.13397965226615216,0.0002751482264876912,0.0378142393183774,0.033087286632718746,0.0002847456310272191,0.014922020966223812,0.0015034962664742305,0.0004256253780075085,0.007487233902176764,0.13891546976263278,0.6845907453486486,0.016174512508456317,1.6025233460508568,4.370313134311473,0.03272930712235892,1.034309575020735,0.18613877823840122,0.07025012346407009,0.00028638812645153874,0.0002769717703438473,0.0010688262650393877,0.33960569217630093,0.0035531922446784816
5.9929349719756875,0.001180915815415036,0.8656637504685911,0.583292917001232,0.1801831707151023,0.03836959958453428,0.10620493871221427,0.004288990838872856,0.5352746478998783,0.1413424495141812,0.019787283481522294,0.15074442990793063,4.0914834922312495e-05,0.0024979227632570943,0.00785235938898177,0.00033834452886309424,0.12662833609423974,0.00040604447336381737,2.1885204548816895e-05,0.08836861369988543,0.21491500948992295,0.017988227840787203,0.009444977967958705,0.49239636260033476,1.73642235572192,0.00039030418162194525,0.118152830641212,0.48078260221170555,0.00023396087175894172,3.8305924444845835e-05,0.00032567019454672494,0.006715840868233405,0.061628139444068,0.0010128690896351665
9.585417922584147,0.030955429540137323,0.10537467029445353,0.256221414458583,0.22690449648639752,0.0228640210839229,0.5943347996146485,0.03156428655764191,1.1663537599586453,0.10479337465190346,0.00024179185141518344,0.14869236518972473,0.0008057019523470124,0.04717684210376276,0.01221355952838303,0.00014291948624076703,0.14550996542691239,0.0006556804639811432,0.007498806536998918,1.992040758259657e-05,0.32038532391942354,0.38310206580860073,0.00860666556213127,0.7947310406140893,2.350972504274787,0.02428287073448868,0.10889263773972228,0.10248430038623324,0.019941356150170723,0.0007941740708358283,0.0001420686607848749,0.012538171113324462,2.5561313072563507,8.963069952334511e-05
3.7157561575971445,0.012474133035461904,1.0177959324174288,0.712778787727004,0.30395869459627356,0.006675709595358941,0.0005184143583060428,0.02493178483406248,0.19917209707461486,0.0017680633271700752,0.0005255974960462237,0.0003139527839777338,0.0005704458312879601,0.0019009899727207929,0.0029300191246399536,7.265410396538778e-05,0.06997735039306312,0.000688112167174739,0.008635969778912032,0.0004480796183395632,0.23033324497597915,0.07278854032973651,0.0522534114472588,0.2961770809649017,0.4184286717793293,0.0005320310324276019,0.14808207276813118,0.090883851883387,3.09148125783216e-05,0.0005458939327804052,7.374123867588388e-05,0.00973653642418216,0.029661651526944173,9.172624502403521e-05
3.2603787886786653,0.00020068344620702354,0.9068296572597805,0.08586385873711411,0.03816869619771351,0.0019263542272235968,0.018891490636394073,0.03876334316290758,0.00796510548909053,0.013040734490982725,0.03873160355100423,0.09000838553601659,0.0004982911352727284,0.013734723508559036,0.007741871902688752,5.529649917092858e-07,0.20105925319021467,0.0018628746001752555,0.014724510540393494,0.001463048551593816,0.045591766139160876,0.2831288824373306,0.009054289134601254,0.8675419750734938,0.17230027805682224,0.01230896804349243,0.025209299371764825,0.06575138840195803,0.08101543041719293,0.0005163893979530905,3.3934837992134693e-07,0.01034622149049323,0.20505291278690227,0.0010856094507958676
5.948966686353553,0.0018954321337614278,0.4428919947314495,0.38237553994450807,0.42355175376327575,0.04476120481877881,0.04623148761585359,0.006109562443555748,0.006528973655704337,0.40659867587774895,0.007980087523433274,0.45651591452778706,0.00023390991806011567,0.00024328504821304482,0.0009113559368085609,7.098259156073928e-05,0.3624236902251339,0.0002835401629476867,0.013720416088179895,0.04662486162167386,0.1698745800538748,0.00020568285452418318,0.07314878921729172,0.6185681081751155,0.510411506013687,0.005430484427739732,0.22699778812850907,0.9398795249201818,6.969028295636849e-05,0.0002420483456064741,6.398313784870953e-05,0.04248250811283844,0.7106688016656153,0.0009705223893297328
4.286584740907262,0.035281840508768314,0.31658734586882964,0.4421372915265138,0.13276833678712105,0.005864723608849807,0.0872815113692226,0.10875242375761525,0.0009848555985213425,0.8452002701400385,0.0737336393146959,0.016074521405663973,0.0008222330570774914,0.12170225709678842,0.09431996824053089,0.00021128268736470587,0.029643056539225263,8.598571641318113e-06,0.0028625384432272817,0.01092489331820559,0.15179027266034986,0.016380349857065366,0.5749566413521365,0.45042360724942937,0.10720841002363443,0.00037501764338668774,0.08607842993854647,0.03469048124770322,0.1446158431313679,0.0007987248183373999,0.00020851386459758747,0.014209538218100535,0.3795177239703812,0.00016959909232414398
4.8464805119622225,0.05127857351557976,0.22859312875068744,0.04565027818815891,0.1453274425409688,0.02523332146756148,0.0025026471388525343,0.14133142570314555,0.5841685248419606,0.03183151615133488,0.003674280178207734,0.4295735659946635,2.2923340776476723e-05,0.06692863117805889,0.010393842774294655,0.0012623616774017298,0.3448968798843083,0.001753318483689241,0.06060525738379247,0.0005644658001092637,0.17623227925688806,0.001709373009268582,0.8590526747182319,1.201418829956748,0.07319508730805402,0.03519186399414369,0.04457099417201587,0.11679037800934852,0.0052250862684106265,2.3830110948307935e-05,0.001293890338022296,0.018388988126005937,0.13523106786597963,0.0025637838346052122
9.01604972078362,0.0519209292990527,3.579051161562727,0.007781196621198574,0.05174651177564212,0.0013418774938598259,0.32670554334115537,0.10530534759576232,0.073309675037982,1.1492526876234461,0.03585367515513319,0.004539488203465503,5.0716127668696124e-05,0.13109963176088757,0.11320834069780483,0.00010730263739834179,0.286309078134442,0.00069577992559041,0.028908512484834625,0.02709822368702573,0.1378284293822039,0.00738255040060641,1.2417269757426894,0.005233681916970866,0.02043489999380852,0.012834799304183412,0.026836840800037964,0.06397855085303804,0.042955920796787644,4.561868164105038e-05,9.865500785697344e-05,0.005106323584190844,1.4772604354688348,4.035968569355797e-05
5.452235640919816,0.09515032769760587,0.02134811777881339,0.056141836551143354,1.3967264327688431,0.0008645293417689384,0.04984862146002814,0.12808834157062732,0.019099482471202578,0.05881103853497423,0.0009281393978444247,0.0005897918838936104,3.455468000258961e-07,0.10787870584215374,0.007324233954526544,0.0003049167327347959,0.24550134151786543,0.000419754525808974,0.08220069297172024,0.011744966723572546,0.14234668247877164,0.1502645053113131,0.0002852480408743115,0.31981105153559103,1.641766341563459,0.07034515836774731,0.6689602812106266,0.01218121054988066,0.11906048777916654,1.8797359916916483e-07,0.00032490827975303833,0.03686675081052545,0.005015963793337626,0.0020352459532427176
6.666211975895855,0.0005704198960938233,0.531712518730765,0.016386666682288317,0.001883265724830568,0.008877181822966203,0.06736283085771497,0.2204691185841553,0.1592470323125943,0.014927586906305367,0.0016624216664443332,0.3846673889319151,0.001758849219313878,0.18249608973921752,0.07566220874983384,9.40526772956939e-06,0.5837374545451468,0.0013791480891411421,0.1009494233148776,0.005489403649260395,0.13370753863164803,0.04689718533823685,0.011169579490941915,2.3781548361643186,0.10969670333699094,0.00014004403984133927,2.1708259525259464e-05,0.19521732407628367,0.007222721739695046,0.0017958033019283672,1.0167158558662866e-05,0.04523694411416697,1.3743786046461592,0.0033144009069660417
2.5021572706120776,0.017747597857865786,0.08832316261483533,0.047463590616367034,0.36117902078619146,0.0010828136039538173,0.04296250059852931,0.016643154106048958,0.28199619652782776,0.28374492105499866,0.025391325154428112,0.08328701810633155,3.86806276862848e-06,0.014264460281091358,0.03959199195667552,9.88276928276373e-05,0.07078798140118522,5.4699817143109166e-08,0.049459044827579825,0.01369744260131935,0.13808894353256118,0.13311634185862004,0.11081599802538032,0.11069735595884825,0.0031392100062230836,0.07855350875166292,0.1592248705036356,0.019935205043114246,0.0060860258986900565,5.062472736398743e-06,0.00010679382516567568,0.01942169507265536,0.28524095962302193,3.274891198300687e-07
4.345227971416787,0.03671153956390735,0.12540568644435768,0.0004766759170234318,1.262409781635495,0.0030481201896104815,0.005294652889107168,0.09379360431498453,0.04592415627057637,0.4201960456281141,0.06736191331464551,0.02488217136499776,0.00042290356173908133,0.09170879724659378,0.00788824581382229,4.736762978469313e-05,0.10995832504253394,1.2552613713296005e-06,0.023799420093789356,0.03470107875383152,0.039745794480520846,0.014940288953063088,0.22852636226206935,0.3540371207041123,0.4175724862748604,0.0009367231288965537,0.6763050891939184,0.03329000201916842,0.00829011948266117,0.0004176215162887934,4.116755646004471e-05,0.018655005219586133,0.1978943385829377,0.0005441111059587294
4.685946326839283,0.027260368344398895,0.019890865941670048,0.6837857115723933,1.173848075953662,0.008039610217724353,0.015691165636042757,0.00786923363292242,0.9561324377467552,0.016264702150806113,0.02656223253274324,0.0009124156607788714,9.519838037464447e-05,0.0071337117440369475,0.02965842702187763,4.736168429498435e-06,0.00036239588974863507,0.00011199489430521475,0.002097674192844528,0.003468556479150713,0.12195182364227992,0.012739041086483745,0.0566682083832368,0.07760310188207681,0.5570901058235328,0.014222637335544389,0.5832214389412737,0.13971310414409707,0.0037247158185977508,9.879521117366305e-05,3.4119908807457224e-06,0.0173166257295827,0.12202804822701568,0.00037575446284253286
2.6556234997459955,0.0011656310300340023,0.10539809707185303,0.0005232451969642709,0.002118730880626048,0.032895324616183906,0.005623337006684303,0.04686156472738606,0.1378591529080858,0.0001770637215828029,0.00308844344520013,0.575130272470332,5.669375876789135e-06,0.06939491648531575,0.0015486711684941147,0.0005231242999416941,0.1668359207691159,0.0022163275917042135,0.029531126141860053,0.0004647027284343276,0.02206375041831168,0.00043806454391395305,0.584329008858833,0.4365437599706418,0.014556939896289913,0.029409073930128593,7.211490684294913e-05,0.3077523861191152,0.013452723464549867,5.483251898708039e-06,0.0005318025301134239,0.00046726342813168,0.06336228918436071,0.0012775176071887736
5.3866602590549615,0.009190771747432673,0.36325703664487,0.19104583817352652,0.36740672769366756,0.012403879046685764,0.06887962719242645,1.81833728349673e-05,2.6777191472295083,0.04987706631616897,0.00046363567596095545,0.33858721204027487,0.0004316864376420945,0.0012523525342913117,0.06429168517609776,1.1548112246233916e-05,0.002190809795516189,0.0005354084372242583,0.0011130290022080443,0.0018225457723581781,0.02632418414700387,0.07294928208762834,0.005280874008630996,0.5053695306542164,0.15268630548921255,0.001156081249697505,0.1553464994168387,0.22843322183583267,0.014256950045763533,0.00042068629974429663,1.0613194497653661e-05,0.03559424644276883,0.037847202837111536,0.0004863909450736314
4.136533972702638,0.042351649288017094,0.6267475887278818,0.03211458828058388,1.0197676668299693,0.003361514647339209,0.04127294100755779,0.04777598258180934,0.12457360704702522,0.0443057430126238,0.041371818306440065,0.060538114272621124,0.00016304010780338003,0.02107131281163204,0.0044844885881317005,5.6483240247380395e-05,0.049673858455644114,3.2420609591621245e-05,0.0057077867185397705,0.06450032770762384,0.03308110751895401,0.4045457462413427,0.04807425606248745,0.39737285065413386,0.4226505840728427,0.004068656214011171,0.4788851943320082,0.012631979118329303,0.006237541360290726,0.00016267751929215188,4.835803181700061e-05,0.02806256275260138,0.07024208642981296,0.0005994401536312414
3.3073005607899595,2.610644718701305e-06,0.6699668121146425,0.3813347282382458,0.012769277265931347,0.0003514627511235387,2.7318478289836364e-05,0.007629913342617848,0.17213538207420992,0.22298000154554712,0.00031261184161601773,0.05288948351762359,5.5445708440019486e-05,0.0010616861568227092,0.018295174743588494,0.0002480572536089423,0.01781955205760208,0.0001868515949897692,0.001986184010923042,0.020786401219469352,0.42930229918494955,0.026389566500102057,0.00014617960760593738,0.7384189776410313,0.08875630702611018,1.1661111379466948e-05,0.0032291129335923884,0.010354697576780487,0.0032275593565363804,5.698267042056665e-05,0.0002406025939504689,0.0001886383890631371,0.4259337060550351,0.00020531558339192962
6.096360966893271,0.027721193803456817,0.0005686380833228736,0.6514661008854936,0.38198804919828067,0.0007737709726838435,0.04495978361664886,0.23770283847961052,0.45740673845192015,1.1546509344687919,7.367541900407334e-05,0.2093112553743186,0.0007283095346100904,0.13585407366786723,0.05303021768260945,0.0009291674250766145,0.36742455954445535,0.001117480297998093,0.06753067861442505,0.006015633838533472,0.08361197316807584,0.1882138199772987,0.0021220671179644018,0.0025401309537143313,0.16059119175831751,0.011594220588456336,0.20108645319601665,0.010139518701015184,0.07942840783182892,0.0007249522366382982,0.0008874879615979384,0.07689963458810851,1.4774485616200632,0.0018194478350692569
2.0280742524465154,0.00029561693599640095,0.03587775752145952,0.06507069033531977,0.3117664159210035,0.004194755410878386,0.00016388255505612664,0.05019227193419158,0.10075760405423399,0.005262883077115994,0.0009213412424656025,0.03564789460514852,0.0002891181907332375,0.027059414204048816,0.028511519434406926,5.9630431002803116e-06,0.05215959670954238,2.2906013750125354e-05,0.03369232546858394,0.002040392733372696,0.02599068988971308,0.01700171547147187,0.25243666758671723,0.25552466733284485,0.1567102238562109,0.008927939230884854,0.17179935596641338,0.0004485348670075456,0.012977008790790211,0.0002755527365609706,3.967866763591315e-06,0.019705195445074826,0.352339817199395,5.668162593023484e-07
8.484635698077344,1.2703742762940394e-05,2.0772071539758588,0.36054432115463275,0.00019387603807553537,0.0026049570052383486,0.005636338204068708,0.01631507340304592,0.5626244446111252,1.1158236901689782,0.006615375335564384,0.3191731859767742,0.0005519612455909395,0.014567960046994573,0.04772156550020182,0.0004006397986420121,0.08813231538599094,0.0020006708274399798,0.01620921042950309,0.2967239280299779,0.27866804567665643,1.9297904618540578,0.16449840172995606,0.0023268039041201916,0.021139357310481683,0.0037845759413929108,0.0010795142199526771,2.481958897886126e-05,0.004241643130302835,0.0005399755880553435,0.00039207781620987996,0.017525907355299505,1.1209831095262393,0.006581633555175477
4.939227671193294,0.023989978809122632,0.4406363580202146,0.03816598819894621,0.0812154432107994,0.03823325855291873,0.10794816134304372,0.11194540214146337,1.1449916360582701,0.04943264787559822,0.001206755774806127,0.017030165785057626,2.032556833024777e-05,0.0712743103932496,0.004530263309730408,0.0007715629550529286,0.3392588869462369,0.001293546393905314,0.054030349770306504,0.00727080657376296,0.39443668265995396,0.2001022222754834,0.14026390255013252,0.7197605031762835,0.30319836133421174,0.01897558296027896,0.021570258935699804,0.35014569218506014,0.00031725547224445097,2.011387089385123e-05,0.0007930979727065157,0.029779419722611288,0.22653908484887247,7.964554804503752e-05
6.8386931449051875,0.0012567963526330542,0.12487034108658197,0.05855120393580458,1.2737569984252637,0.03890892548474242,0.005289950376236595,0.06459701581546116,0.20961230369116265,0.25651465662183176,0.002783334823362466,0.09364663916809957,0.00040902364388074864,0.06215996270252591,0.000722519016176807,0.00010005030946220599,0.4448629515592807,4.04606305829058e-06,0.12881916492810333,0.01680555384124174,0.2520263453313731,1.0730099659343255,0.10239491245606441,1.2931057295050319,0.10980722685624045,0.00014603565676016313,0.6619195684741515,0.27196884745282984,0.026274806868098927,0.000395654468099954,0.00010849265649841496,0.025094960837309326,0.23875733928927823,1.1821274216603823e-05
3.2983453925506496,0.029838232849122764,0.8932505346951568,0.0027884200377658163,0.645837914749162,0.0011308968752739255,0.011693564863571168,0.019765127091640248,0.12565783655900092,0.061807178880417674,0.07352421509167603,0.06779111552549669,0.0003018575820491172,0.0115081390828919,0.00016490321789478223,0.00023230113377921681,0.0864397495838506,0.001863643840842459,0.04301171970839707,0.004607803197978293,0.05108582818178938,0.1592396772775021,0.13967348414407788,0.047604801970120666,0.07517179077998837,0.027117895647380992,0.3384251408495227,0.0015127400567581915,0.010056058875562431,0.00031405442432794087,0.00023770048143738177,0.002194168909728194,0.3624998018856592,0.001997094500826686
1.72070389521715,0.0008289681731360935,0.11476254427633566,0.013009052781295303,0.044135019195944696,0.001346720901554088,0.028625541942043926,0.03966009744031032,0.01085194894978683,0.00041497858972077344,0.009368870334641195,0.060807444086031115,0.00021429797956485765,0.08997015217882902,0.013425459965744431,3.587186476801902e-05,0.25108549009737896,3.937734169843911e-05,0.05129857547100209,0.035721218852547594,0.0747942835996061,0.03903249362109793,0.03380677805410473,0.19741638011111054,0.003963007966123829,0.0005356437003939679,0.021756073168810137,0.016280383097617902,0.0012063127800181176,0.00021890137445927657,4.0887540718888626e-05,0.002585375262060139,0.5632171943508895,0.0002485501678056782
6.25871386915366,0.026008924692979704,0.06728333659310524,1.3816210517123144,0.06933667918622334,1.146231075592535e-07,0.022426847488263364,0.0005029346228120022,0.6017786116529065,1.5036694676464688,0.01448488557792922,0.03586187360239605,0.0013446629154516524,0.005686199579793293,0.09639975375174627,8.630531875665725e-05,0.009731096012185678,6.760224294536574e-05,0.000810261608040482,0.09812167546503751,0.2988783617652363,7.642384992711814e-05,0.33822452244343176,0.8718075223643176,0.5576117268148408,0.020604349705501245,0.01869340958164758,0.10894356093352964,0.01759062202394834,0.0013582097131686428,8.655172864118173e-05,0.006115950620541926,0.08317054505703593,0.00032982825942878564
1.6775760771442718,0.003849210340000945,0.48145577410303286,0.03131658830548761,0.0005084188813102162,0.004421697187544348,0.024214419712925477,0.017575367077362992,0.033418458302421745,0.04814372519390488,0.008190054477074313,0.007858604019261866,2.1717125615534168e-05,0.015841210375276447,0.005470214378442235,7.339127625880394e-07,0.0014175080104181523,5.7016700007500916e-05,0.00024363005494611647,0.01464647154733013,0.2239999532872498,0.05838003047681112,0.17443200762494532,0.043713170458688104,0.07502656277986915,0.015547358118268977,0.0006324700919427882,0.13538748320553606,0.011803575671678003,2.2133318696050283e-05,7.369613168181006e-07,0.009592997223860875,0.2297568757201699,0.0006299025001129839
11.728364659768001,0.11720135488610985,0.08630167299146425,0.5511930286228959,0.34459047722318037,0.020438195211552473,0.045442938106658545,0.03595389115892657,1.9560740817486038,1.850299578074183,0.05063589879793929,0.04214871495997277,0.00042868228299605666,0.021099064530894558,0.20839204571376502,0.0009391527518837554,0.026020207895648486,0.00018099690646474062,0.01648365468095957,0.05295406078837547,0.27695633623660565,0.34070355319819107,1.2369106755883046,2.3800431587374304,1.30793293192306,0.08199342221856325,0.1090236656782866,0.05070954124689836,0.03248304775984798,0.0004414434997878618,0.0009308528288203087,0.03539539876417236,0.4475691678528449,0.0004937669027142117
6.466261497007385,0.023550074686489297,0.20270715274406098,0.011847259505837631,0.00011798009507001679,0.000666080711665664,0.22704826045566368,0.18331915173597416,0.06553101152378676,0.8723774726300184,0.030700593591247462,0.29186352585062136,0.0011913494382990635,0.11699131944036174,0.1617565888679042,4.216249420026763e-05,0.40665219662438906,0.0005439435914752782,0.03207687210041819,0.024638045043389765,0.16386105269894446,0.0819292452928293,0.4924794963960194,1.3630122170156158,0.037876283537797796,0.013603122080238981,0.0006638878866056498,0.03414814346801539,0.010162944158999291,0.0012054431033325767,4.1161442258067016e-05,0.004250174432969769,1.6083334265083045,0.0010738578545809968
2.9072634976463028,2.1262800639063247e-05,0.022621500823567932,0.5327042057447855,0.396483593827542,0.018477484307768077,0.01689544868737279,0.012175442125379856,0.18609372084493236,0.3723288866731083,0.003320785812440328,0.03347696035174932,0.0001259186722401932,0.01935314374893627,0.02279258277472341,7.35445265100534e-05,0.0004417131001613871,1.668138470114628e-06,0.014173580332740462,0.01693076343409608,0.005004044909279724,0.002620650101970382,0.14868867292979956,0.004030515258607447,9.99543408130555e-06,0.014800283293345848,0.20639625922586632,0.19056580549018273,0.013958764965938543,0.0001248925185151774,7.587112518289594e-05,0.0023964988115609785,0.6499100608996626,0.0001889759551454223
5.431645215192217,0.000793687977815767,0.3928055444893165,0.0003728729984261807,0.03693065597142063,0.015116580862390549,0.18832305570696387,0.0071264027912019915,1.2163519118279287,0.014226000638891099,0.046890757886963216,0.03621391387785468,0.0005546443082857581,0.0027709965968678446,0.00724286690992073,4.8877233643769935e-06,0.09490360218528432,0.0001817260943622247,0.026875802119778042,0.0005270863867143283,0.08487683723531651,0.08176264310524053,0.047341542171812925,1.2932733642752494,0.8817015574716912,0.007628643492660112,0.01541479679674295,0.10392585141827221,0.010517426320549847,0.0005429466258373772,3.7363006669681568e-06,0.0010042303997148069,0.8151140945445662,0.00032454768014523474
2.7807012452239603,0.023328702605234636,0.17340993719915548,0.04822662770154224,0.009782576337240449,0.004182131957236039,0.013306099870492766,0.04307238656624739,0.29449651728063914,0.46678357866540787,0.04394715517457148,0.2987260483506283,7.174304272924904e-06,0.024245576822548316,0.006673248810990068,2.1224574005828456e-05,0.06336761036160676,0.0011758790769652667,0.004773450539267281,0.002165380150423753,0.04194374992477593,0.07791642656395159,0.2178521224296216,0.006026450541683766,0.5289651185938484,0.012530123220235863,0.002881238699567587,0.059174052715168964,0.0047580170748143715,5.405929910063327e-06,1.933797188802982e-05,0.015384898795064455,0.2895676060400686,0.001985390374885036
2.8303642962589723,0.0031540009943435508,0.40551608968051833,0.2241588915230842,0.002136595503947907,2.261711388197163e-05,0.011844977135179756,0.06196495056231821,0.18260335237471767,0.12550721836171772,0.015936326930100844,0.09432880017395702,2.15956494542978e-05,0.06250123882109593,0.039890105461957835,3.470442192268024e-05,0.08248354947426709,0.0010004889506862308,0.001153321308974232,0.0396999538983248,0.23105065061511457,0.1211765515065662,0.027518515840595423,0.10014255217709045,0.7649247571982225,0.0009324568060724941,0.0018582939701056761,0.0019298880888744677,0.05558388847410691,2.0849864630547718e-05,3.6470417014636e-05,0.0002141435080568472,0.17089926385921878,0.00011723559285265875
8.456986197896768,0.005768319760295796,0.430652100936479,0.004409020717088206,1.0123222482704883,0.038876819464553306,0.00679763808146804,0.01770025498828436,0.5465517430766669,0.8422825954050782,0.04013996834280524,0.023717760326010313,0.001597426387784687,0.030534880209546904,0.003072832390031634,7.505993024331964e-05,0.00033710782069319435,1.578163317798607e-05,0.008355324114445693,1.71208985263948e-05,0.06068368717483113,0.20700463862799684,0.5334243756034921,3.591151278476355,0.00342763853765182,0.014172798426452747,0.627630647969618,0.2746878373878693,0.059706232183554975,0.001587979306219928,7.870746184211401e-05,0.06176155579459928,0.008216136626202119,0.00022868156641631896
8.517513882099083,0.005603287574473027,1.860712741505266,1.0882448189262368,1.0342579045379967,0.03552559085672429,0.005613658926122255,0.00012321520940825328,0.13740290244249187,0.9245484552086779,0.014435068888373901,0.09703819997618791,0.0013209513802315163,0.0011551387007675644,0.07015320296546709,0.00038658622664098383,0.02571460045162538,0.0007933913787232271,0.0020214776111406713,0.0005289777746728086,3.6410004010603256e-05,1.5749615774140624,0.2830820521214891,0.2979486674710266,0.02093535289868584,0.013762622659017081,0.614510401711241,0.05151807935470954,0.017667954102333693,0.0012890342466043722,0.0003773721119371773,0.023242181599301054,0.3119042596690796,0.0006977461943575217
4.99282407853359,4.321289461188873e-06,0.0421383115694993,0.42462337871980843,0.0004162243112507212,0.0018911773114469925,0.12458123160699709,0.045240423748447056,1.1326288028659095,0.018207612564389193,0.006822367912709788,0.0027481162520879014,0.0004436010409878802,0.038892853316466525,0.010160376851866493,9.147193188721433e-06,0.07548686653433077,0.00017697148042382707,0.04780864265124156,0.0006046817940510386,0.011590890526721034,1.7958617678018522,0.06233734154907283,0.6204916511261733,0.08340080492094554,0.0007710814943985763,2.318399252290603e-05,8.57487405791511e-05,7.968725777366936e-06,0.0004516703944375379,8.786122043151356e-06,0.030585086544637843,0.4142549433749677,6.804420489718467e-05
3.774199311543368,0.05328115976592893,0.0058472857004937375,0.42408075449731086,0.03568541977948986,0.009083538816295159,0.04923819730648289,0.008522678131627943,0.1355521213467389,1.3939865409566476,0.0031848393792280037,0.0031731403667134366,0.00035902187112223354,0.0025758477245086463,0.09661630225302167,0.0001429036176320253,0.008658380583288326,9.98190124897478e-05,0.007900264083334463,0.009461789664008857,0.03365066731293207,0.7552577672522528,0.5111214094102485,0.0382718374840239,0.10717516056435625,3.1979972476403895e-05,0.030946465320860417,0.007929643679321122,8.304181310349203e-05,0.0003596576819500028,0.00015339092297077147,0.04056941527046838,0.0011834553715962105,1.5414630444596212e-05
4.725530416004573,7.425098498299354e-05,0.5691191159702075,0.8392619665031054,0.0009209310595508243,0.0012795784390843806,0.06732418293933633,0.03991926177064101,0.00714246143890474,0.05749464484147213,0.020257246295370637,0.42319787664407404,0.0009757637200178646,0.009151784736590927,0.047372940683787716,0.0006434888157333671,0.02191110271035258,0.0018926909696692722,0.01774185662822585,0.001129262408824479,0.013056945409760889,1.2934473250355725,0.11464272668033837,0.14225302556668162,0.6755582846880693,0.004622216901013275,2.0217817231986974e-05,0.0069240736100896405,0.000192577780353003,0.0009736073940710256,0.0006244532040154169,0.0021938034340000506,0.3399417498580118,0.004269001065432294
10.735254729879887,0.009198688959288093,0.5411800515323167,0.04930388807077866,0.025682463996394615,0.014868731209784191,0.0483700455872734,0.017098627512727872,2.6023375224329452,1.8450093555027436,0.02598463430949985,0.0609040279917002,0.0001774154191872847,0.007932795221451515,0.4337011462426334,0.00016845496834879051,0.0019430603295876622,0.0002525288789146496,0.000283404748461534,0.03453902535133196,0.12714065065643776,1.7915417568100065,1.3408827133989432,0.03171473123891819,1.0204004886962705,0.023613218743059824,0.02379551368821942,0.00151158932955423,0.002992518967475422,0.00017842903296882084,0.00016121464230248615,0.052397674630243696,0.5986853081960279,0.001303053584090171
5.292306417837419,0.019809675386041028,0.9887710788581754,0.002443147788995418,0.4355820723585639,0.0009401134127171333,0.00860380752652432,0.004618979661604809,0.05652006463952801,0.00012946725622316486,0.12729204386075663,0.3553992285533608,0.0007867409913255802,0.0012240920108016304,0.002660230680063963,0.00015979087371977577,0.020712650566860145,0.0005005512867393715,0.04143124359515231,0.01871278014722203,0.04239338987074707,0.007207759553231696,0.09487920299073958,2.1820403296581685,0.18197276465788936,0.03167036605413474,0.1782982660382233,0.10567270907322313,0.0774605746924203,0.0007792974937525362,0.00016770282686845222,0.07990880994518612,0.2229880899356253,0.000569395592833831
2.419836237566926,0.002307683006862989,0.04283698195103257,0.1213934268932998,0.6706034627645755,0.023950282130302813,0.0006548289416436155,0.0007048242299123966,0.01808704381402462,0.012072360037349007,0.0015417269235880014,0.03267400013372267,0.00045026328226115017,0.008722333063943787,0.01344328581031554,2.7073752069005426e-05,0.03455549542438182,0.0001688675574899517,0.04842983587003529,0.0120464040954275,0.1469092595057234,0.0004019998052036419,0.07003236556996993,0.38381053599096887,0.007073018891752657,0.0009963441492967442,0.38494863991533523,0.21637634882698517,0.0229271428614123,0.00043730372739187535,2.8633424064826533e-05,0.02412358836020452,0.11704457936410995,5.6297492268803066e-05
6.431496547634627,0.018953438800813613,0.20201206081531925,0.9408039553441648,0.4913019264838087,0.000639101720328162,0.09431341985565139,0.06117319329359209,0.7511446056273505,0.21536418585087266,0.000410516320722512,0.30861893026692383,0.0008665544536979814,0.05606900821600588,0.012179138771622704,0.0015161501200075028,0.14753100504049002,0.0021920190569929368,0.06250785529067818,0.1361930000233455,0.2577371717145142,1.132111429508817,0.14674158965989145,0.0020751521557940463,1.0502260195648572,0.01131050033112806,0.25071925383469873,0.00099454461923291,0.02839613446184697,0.0008793448425955101,0.001547560843320233,0.0007482815601941013,0.04028223509493675,0.0039372640904105725
4.245029903417442,0.017507151316792032,0.05914926999121408,0.2511330736374493,0.40667236486794345,0.024606970849378417,0.00367693227416031,0.11170034634360876,0.5250307516943881,0.007250075208298765,0.00039486193604039053,0.40156886749435605,2.0626350126030658e-07,0.1105579409561352,0.017408743244056016,9.058478567612672e-07,0.38334287150644725,0.00012138778763520873,0.018348860303465095,0.1771987798183785,0.1900591380952067,0.029221472299923258,0.07612146912190033,0.006197897593487361,0.7577079310795312,0.0008353078435996786,0.23075076575312073,0.21245647135846224,0.0010683196636785265,7.216811782227159e-07,3.3394303061126547e-07,0.021771458944500572,0.20095104060464203,0.002217214094075947
8.982101722322673,0.029820410297830887,0.29432121377522363,0.4203348861987725,0.2040296092241718,0.002036413652858138,0.2231129225287736,0.03679260522733746,0.19767112476672258,1.8009908303057272,0.025203727200802398,0.8972748348072535,0.001543411355772917,0.03869709694286425,0.09053787694855894,2.1906265834371145e-06,0.025531876175701896,0.004627486011021297,0.1663041782852332,0.20734358908384948,0.059857869223176416,0.8917554432448472,0.05788501152617798,2.361954119682346,0.17591584858030967,0.03204655888627131,0.15304197509002312,0.0034772086020036473,0.011191715604785093,0.0015783045007607497,2.5496409286315833e-06,0.025586725542253313,0.5376642113666051,0.00396789741712565
5.964960135951245,0.04075275378970723,0.8216385634740857,0.014153451278449072,0.1651647123997884,0.0008990284259401144,0.08610656950889427,0.061091075591910925,0.3480168114398269,0.4741632497393884,0.0008530592325608379,0.06538235401263692,0.0006056800166104135,0.07476333462019989,0.0002103576874994748,2.4582969946651666e-05,0.15718838749835776,0.0003587126590234427,0.18740644876709112,0.39740553663805755,0.13546078899543304,0.30304482087381507,0.023009473452188487,1.1441880501222945,1.1081326446442188,0.05058383503720836,0.05489349987040304,0.04370373097080584,0.019228057876488177,0.0005850497037517367,2.8362202978704568e-05,0.18356388541633745,0.001996514334363105,0.0003567527009832767
8.605619516735993,0.068732092366967,0.3664744582873807,2.501895566387694,0.2363179837178446,0.007137532272160474,0.32870056976076867,0.03314945242018704,1.2751978101448496,0.9793062654806802,0.2941217094196064,0.16492227309441432,0.00014389832618869766,0.030614411767213873,0.001062275273565995,0.00020052640923328942,0.03841344242908891,0.00011999004020647668,0.3348198310119883,0.6734033834700528,0.13274051144951332,0.4965049352327912,3.472554320599375e-05,0.027581141608262524,0.025730221362044167,0.08892323331120355,0.10802923505797613,0.0194226242333718,0.08594355353900753,0.00014594327934008326,0.00021079311452665124,0.11494095988489342,0.17006022833791257,0.000617938701853326
10.682104004395784,0.04197526711635758,2.1516011229002463,0.9710856644008732,2.402701024038099,0.05215867275681098,0.13190032588431289,0.001706414812293695,0.30807685144278857,0.016704222262465006,0.23273170302640903,0.10347165424073347,0.0012154031242933693,0.0017458464892097087,0.053736505145328343,0.0009051830416889873,0.010966253789397445,0.003104563000887228,0.5180332253701327,0.23753035022512425,0.3665130279135797,1.0561089502631382,0.03518494241125083,0.01550230129038246,0.08815655228194468,0.045851658329105885,1.306825402144039,0.284664101361574,0.007374691120901258,0.001188265696583298,0.0008807179031362788,0.18031297102463797,0.047014925583159534,0.005175244004900172
3.001148504091462,0.00604226676130242,0.00023613674868526262,0.07238246175355836,0.056539947463721645,0.014171562739913782,0.026578114396619702,0.03746170277873099,0.426016610135814,0.12507913464131679,0.020342276663904736,0.00564318445437205,1.473806255230111e-05,0.001556842172497605,0.017819175882301922,1.3547400948995696e-06,0.12921702778873606,5.884506169807198e-08,0.4815390032308058,0.4498699914252543,0.6069921918928436,0.017811697287783968,0.015502661242276044,0.010019432512515506,0.027678771360105717,0.0006022303061903184,0.0351936354384613,0.1331598986747973,0.00518420175943441,1.6644026611398132e-05,2.0671077781611414e-06,0.1356019359815488,0.14272117315889013,0.00015037265698112683
7.29508454420618,0.005595765284754345,0.3380337644231655,0.018848999716159713,0.005932743436142305,0.05197347259990195,0.3305480394350949,0.27783711909182734,0.36357322634029643,0.33152692852466037,0.0007702637579475652,1.2293573566844698,0.00028832824738895873,0.1432191903520779,0.039454059577440054,0.0008128073406177879,0.7137696015068141,0.0026055019058947443,0.45713475666750303,0.5020990928832169,0.25248341093018833,0.44454172774228756,0.12478239307627184,0.0021278446319747263,0.15225315016678784,0.0001163846302072233,0.006686965787509958,0.4941588972654586,0.012745594649858675,0.0002761146810368407,0.0007884848697910336,0.11025789217645762,0.8766400804185539,0.0038445854044218937
4.840327263847239,0.09049799364127713,0.0008768760927597646,0.5722798135573618,0.2849331616882114,0.0003012645646230382,0.11172957764622252,0.06293694008899955,0.301145668054241,0.19015401322926404,0.0019774786863446386,0.021008980261397536,2.0094319482117395e-05,0.07929094677361939,0.0006491756090735918,0.00045990605400372103,0.12805452749008361,1.3942838841884104e-05,0.5029861511329423,0.6959137817974876,0.21969858982405305,0.01439981977519512,0.02307020004324246,0.7168829938736232,0.0838740463233086,0.07999405779123527,0.11532890064111435,0.0416701681110831,0.08611894158655237,2.361105750232468e-05,0.0004415146454153967,0.14686768338817993,0.26666024836079005,6.619489970706716e-05
3.435840903161736,0.00647501155133581,0.04604655395639192,0.22782288705449888,0.15341166230692052,0.013665686026190508,0.024440110622641502,0.01671979083420758,0.11849311337727704,0.0380305302312815,0.0016378722346444316,0.012282331080089554,9.873345549159899e-05,0.0006453509172459183,0.01272094840664609,2.4622807670030742e-05,0.25092081013635276,0.00014397277204409575,0.9882949561253463,0.5683267267401307,0.13539122765983289,0.07613123599498624,0.004929359413946682,0.05637229144081299,0.0734571428279236,0.0011648490267284336,0.0828218547324011,0.27808912727811164,0.00020521420846935143,9.047470686725534e-05,2.725995253048597e-05,0.19408376672310576,0.05247289341939993,0.0004025351402127225
8.185722908834673,0.0006621690808296615,0.0008294200584617821,0.00045368224703866487,0.9943092157940104,0.05247702136917561,0.08236291972806278,0.02792813308000077,0.8369078704837208,0.23995851672782223,0.03793439468481499,0.1776185933651944,0.00022045617630087308,0.01496901596869787,0.07951355779383565,7.120679224104244e-05,0.014716552573361782,0.0018721511096744141,1.4110418909677462,0.5669446994196481,0.3986830322637074,0.018708271342059265,0.033479724224185256,0.014526476910258537,1.2389367052772307,0.0010681231929400518,0.5443303276966935,0.5803740643056585,0.007454957366714949,0.00023720562155361507,6.176622363003019e-05,0.1746740324853861,0.6315229749426131,0.0008737795614045572
6.549795353354261,0.011011194816685945,0.013099242323935148,0.25542384089299935,0.09898219707205551,0.0003928412041519804,0.031894750046877494,0.012911438711575747,0.8539673095582311,0.031983561916034,0.011445734387927113,0.004530959029806502,4.9073485661411555e-05,0.008244129222065504,0.005445382076993951,0.0003141906123902339,0.15543835486885338,0.0004773495357947951,1.5347284352318642,0.9695454972914638,0.2770242815639801,0.16432635718284327,0.08444236070527783,0.08735778692877473,1.3697982277227558,0.0029611842232341095,0.05220063737589325,0.046310925814531834,0.0038840657337264823,5.36595198558581e-05,0.0003031433793091592,0.3859181301506276,0.07528362075540596,4.5490012677439956e-05
9.279301578527345,0.0033691698630529798,1.5191037922492985,0.7992711729162038,0.13441501684253016,0.016337017215623452,0.00022350309461179684,0.006969518691546288,0.021947027484593987,0.0016300795985558655,0.022089941014412785,0.03667968584355714,0.0018217301918686394,0.004244367679212218,0.017939114074473884,8.306834432541173e-05,0.05720600071593561,0.0010750836726007489,2.1024947882477534,1.5169261853938594,0.43255464551153217,0.15237002919912632,0.0023208739650803145,1.2504996255859018,0.5391457490464492,0.008732545761114385,0.10277284348255694,0.15631913095834132,0.005930156884836266,0.001848430543758859,8.287714542678535e-05,0.2543487388508794,0.10716813299188527,0.0013815354664386897
6.854051332326781,0.02189465427279823,0.42646020847125454,0.2656998721910621,0.0031762948552435406,0.000927192159104356,0.013415089580632934,0.00019962148465744445,0.010134378076454205,1.1141143388856267,0.0044657247641982515,0.23288734607263387,3.2377000044318906e-06,0.003123094155948605,0.0094345345194098,8.343834448957049e-05,0.010683086781320655,0.0014995935339331592,2.194701561178398,1.463152059656324,0.11569879728465199,0.00039516690428368164,0.0038553772778132816,0.06478644973201823,0.09429987838899077,0.03166486127145073,0.0005486620219852163,0.05135861285725201,0.010364613329064982,2.536740384277773e-06,7.717620279481284e-05,0.3791750982097453,0.32513187363624213,0.000636901786608638
11.649879987067553,0.019035943294767266,0.19278865893011843,1.186822781441896,0.7152840977234332,0.012945722731242785,0.07023397231923567,0.003049465463071528,0.7805973749264983,1.2439271182968616,0.0020670932467323254,0.21188695357762516,0.0005955782307256026,0.009049741931795061,0.011041841446239804,7.106389792883641e-06,0.0033367017285913883,0.0024775072426942287,2.4569308420521967,1.5923107255418951,0.22584466454075872,0.38403908920026913,0.033216339519247545,1.0940158265739348,0.48050197610106976,0.032067544636070915,0.4426332865614474,0.10361423419558183,0.003875701878872296,0.0006101232040897608,6.048584934418318e-06,0.323004185740768,0.009201044242242742,0.0028606955728529048
12.092217829374821,0.10641553076165536,1.4173835055174826,0.2677455901201679,0.0447262343250838,0.015999641246654248,0.08431877101712106,0.10446699216958866,0.20798378397559672,0.9497065135430035,0.001123814771103278,0.024330820274786343,0.0009057560051352199,0.03004206640195368,0.01565226968162583,8.205885486901427e-05,0.2848167223551131,0.0006800772332446884,2.003660084195415,2.0891910006765646,0.5419203342079101,1.456116202066647,0.045008746169049665,1.6081826009267508,0.006792843591652503,0.018650176204010348,0.05535320082814784,0.11128295359279651,0.0016928162357826096,0.0008789731049245256,7.685955368948471e-05,0.5517225545768387,0.04225808831174748,0.0030502468787100847
9.618527098446874,0.007221101986701294,0.6660160733692245,0.18343729609887607,0.2406002664875092,0.0037202543807397692,0.12462366344305349,0.13449103611379978,8.858209663076479e-06,0.2854665839915286,0.07947305809087657,0.010073181673664456,9.342858350328074e-05,0.16424572286491726,0.08575792114656344,0.0002453252395655865,0.4596743910943873,1.1018962850500617e-05,2.210235065928913,1.8073179629213505,0.5420774337014928,0.2417118413597747,0.5374326090930934,0.00048720292977968906,0.017209076532846274,0.0055215638618753655,0.11280570250571245,0.21169902404725188,0.014405200953244967,9.9304798561394e-05,0.0002499509617063415,0.5008026572151753,0.9712978031999911,1.551669867908581e-05
6.246062929358246,0.006408704777587891,0.3810950055525777,0.016586876269444967,0.009513949752854179,0.004577137415100223,0.005898037467392636,0.03527540637706298,0.03135801906901917,0.052873905949421506,0.00022755506009637552,0.012921791130184419,2.1335020700443867e-06,0.012864982918072306,0.008364891743059676,1.8258914872371832e-07,0.07392701308091425,1.5044018149441755e-05,2.3720938254303756,1.756771126987965,0.4111739494172715,0.00012828465047484892,0.07443478904447824,0.022244276495373735,0.06138645253420678,0.06406214868970612,0.0032588286799628773,0.09786641945028,0.0019371212307715171,7.209773735508311e-07,1.285470157666248e-09,0.25287265156612204,0.47586731078688455,5.43854593723865e-05
5.74499006251405,0.007580756609380266,0.26989130970313163,0.0020024130530151975,0.10712139575136685,0.001043746895679756,0.0030155322735988216,0.00011419320670699001,0.6588634879146748,0.06429016790770017,0.020244901390758928,0.10549851203880815,2.3741567982440796e-05,6.574786905695031e-05,0.057506650326185224,2.7598512863029577e-05,0.00471319062278051,0.00038502574937645384,2.068973865326723,1.1223519456864282,0.2688118326738636,0.04917491926126186,0.02216669207191256,0.039622350596229795,0.12029702139744396,0.03658532589245894,0.048560537709125745,0.024174986124673427,0.015282127793994009,1.7959633833270336e-05,3.0076233551592638e-05,0.4599768216455451,0.16585401979460151,0.0007212092793382542
15.898495689066973,0.006122459102331368,0.00029792543402182926,0.6528698994256134,1.9161566856858228,0.04161207499550304,0.0011920911763073326,0.11039323783122969,0.24005985823109943,1.4219579958748565,0.01584593616325321,0.09256890998600534,0.001590901676416914,0.19360428517923584,0.17265593357663425,1.1297415385966347e-05,0.22165748157139586,0.0006205405739631811,2.098170366939145,1.745470153974122,0.23043750602341037,0.02905116797956999,2.4926495768447383,2.0103666569387357,0.3267330479196048,4.459560868408315e-05,1.093778883747799,0.015906841713999434,0.022787223282146912,0.0015790808548230867,1.165880490671851e-05,0.6331939504541542,0.10882377218747376,0.0002736918945831593
8.547155498858237,0.027584311112158352,0.0014174348230146492,0.6260703602615705,0.008002212493632293,0.0045433602026766955,0.005665961023987227,0.25340161022050806,0.16406344965346675,0.048737951277020075,0.01433051117399544,0.37620505670776166,8.256546556293405e-06,0.1675135101346773,0.03179371091069678,1.168125892703159e-07,0.5850177392214284,0.0009763333285425194,1.1450762534806436,1.1827052551676867,0.9177687662455287,0.04035558689389575,0.0013929061117641751,0.09435642378949222,2.0015542906071744,0.015939284675142763,0.0023667640822257105,0.05032211174305764,0.09383369721833226,7.61022441227249e-06,2.655943740263964e-08,0.4383321398206881,0.24625202125465803,0.0015604750798158423
10.77958672598858,0.08064204164157153,3.816648684816211,0.640028259217791,0.13609579185817078,0.03125129181419724,0.009188563734759408,0.08726896804890379,0.09328094365201219,0.06907578478576946,0.05114012056212748,0.020938060507836604,0.0009744477976496089,0.055840327218413796,0.0015758317047490952,9.953264216475283e-05,0.3384402818354372,0.0010176035780475813,0.6984126371755291,0.5120487984981326,0.537984882881889,0.042070294918300034,0.35805755153769897,0.8226757455458069,0.17557993286069032,0.036217291739616284,0.06746686192566308,0.6569519380687269,0.10652523433224094,0.0009632334293089699,0.00011057518778104027,0.30594631559790575,1.023709527973219,0.0013593689002589584
5.881950261048922,0.00589976957313831,0.09939617451557982,1.8367075770638488,0.5848122721730429,0.012212974975936795,0.008053255002369423,0.006152983265051805,0.013485103627499365,6.920308382298147e-05,0.016259121138695005,0.4815191188006669,0.0006014047987532831,0.010863459812916336,0.029629058619707646,0.0010788035197865327,0.014796889147061579,0.0005097209471821373,0.3299488311232013,0.21686196514290895,0.720233757368149,0.034339904720748195,0.0404365703236616,0.03153922790529038,0.781004907772441,0.0015180176917249733,0.31109234556663,0.17977651053056576,0.0024428905915476217,0.0005882465459342076,0.001082111611593879,0.10140799605576138,0.006328983242784209,0.0013011047909197019
9.163331862221158,0.04345108143987546,0.5858715600091267,0.45441502494010605,0.0006747803078647028,0.013498394937763203,0.006226562367925894,0.45683306044049315,0.7648816982513726,0.2030241963124282,0.06302462965622163,0.3782996614748476,0.00013023086526838353,0.2506718837231439,0.02995454890966637,6.551362638715241e-06,0.6461785715803171,0.0007775818298175773,0.016374645929010626,0.5443380568322821,0.7081554174971515,1.5821481256496448,0.9306622668425538,0.12365469543796209,0.22203209945808602,3.8660897035382775e-05,0.0013671169520321554,0.6672433441526311,0.12459571070609646,0.00013338064760366273,1.0073765076045548e-05,0.274198146816399,0.06770139098177821,0.0027587112469378188
6.23940271046194,0.00596744764939086,0.44628263778652383,0.12625038376034778,0.2682279297293267,0.014884584059904574,0.03400416960745865,0.20212313421623626,0.5551158087004067,0.2543379181840123,0.010548527081574924,0.0023025122185642865,5.1088383309183735e-06,0.1618468644542727,0.0559953764945981,5.986340824553535e-05,0.5747947285056602,0.001480654342168203,0.066541625466983,0.008603441657038883,1.5818306086237515,0.10580288936407188,0.11936545387831528,0.10975789864486557,0.9643375395295098,0.00623678723368612,0.15710502873795795,0.18700780033822337,1.1232597809536908e-05,7.625547823443784e-06,5.249896034730933e-05,0.1028399987503506,0.11564737584531838,2.7256248865361347e-05
9.579785462882572,0.0035064581550851666,0.028260148996903066,0.08139694322057768,0.0989170727577758,0.00332121630222977,0.019754756591654925,0.3539872562410117,0.2552128077549146,2.3858240004542957,0.011119887212705085,0.002419193148596101,0.0003805042770515769,0.3628328435797936,0.10360726045351927,0.0004059779015293865,0.8040162890386046,0.00253905686058497,0.6994192817137297,0.028446174797123115,1.4085893476463478,0.20762959474012999,0.2633145443913428,0.011909614001871792,1.688008099254217,0.03242266776436801,0.05228035871542547,0.2126223234671988,0.11626486923838819,0.00037423572327188574,0.00042089338638254503,0.0067707055249009605,0.33223927451155516,0.0015718050594850665
11.760263874853209,0.05254142522104291,0.10660028611546342,0.01911170501070249,0.3756136179081667,0.053087140531858076,0.05878234808786448,0.8106757323600128,0.00700970192276506,0.09324605040635568,0.006419103537082009,0.03783712749269807,0.0005945358577366034,0.6576127290252121,0.04882753829935395,0.0009309439669167383,2.120226280295947,0.002955709392686516,3.0033506517965636,0.258314287867373,1.2808778754116497,0.022235185722181118,0.011897391707696445,0.004553686022934284,1.0936417811046517,0.06896084651990804,0.15860785178064002,1.068483040747525,0.035406808229234546,0.000608070838817079,0.0009205939691822239,0.021218157425696018,0.2748719969289372,0.004243673348354643
15.216423756629151,0.04846107168515958,0.5566687122432022,0.011719547753444907,0.005295697385669033,0.11685479778883147,0.25446412386176387,0.567001794098569,1.8498159702810397,0.006153432680882981,0.00544861754892209,0.03100529549459456,0.0002516216737844744,0.6043965977209124,0.0038114610924679933,0.0011889886471110425,2.1084978973839013,0.0044957364810844485,4.4155627141538005,0.5523333270792337,2.45608216355206,0.019742053192714593,0.18585898935925188,0.03467585786524279,0.053850906642343266,0.016502310378944025,0.0001777075302825062,1.0257820023102426,0.017375815212256042,0.00026885447269940345,0.0011858280164721065,0.0020541014544211006,0.2584340360010944,0.0010057255867528272
13.822571127208649,0.09573589823463471,6.142187377351464e-05,0.022780378345852923,0.09506687817663953,0.08168470956655557,0.0002175276271652017,0.4168622081851916,0.0029646701275244493,0.07522206126255938,0.13087035438472183,0.05919520358600404,4.8205485425435215e-06,0.3376250607520951,0.0043335090467114265,0.000616941908607672,1.2819091646459144,0.0036407998103563472,5.462133481164216,1.2854482764422275,1.7481163751372233,0.023548791240895796,0.30629020385474387,0.48396365092212223,0.40222976420628853,0.06589998059530847,0.08213130807648499,0.9047766316762187,0.24144827356061765,3.145075270413274e-06,0.0006230486744142512,0.0008686948122638634,0.20567706279323575,0.0006208308942681495
18.709176669920375,0.026794243130888656,2.53810006732907,0.030305134078953855,0.2249056863252968,0.07095430569223588,0.12753958385126038,0.6031021360375496,0.5983372791876109,0.0058158825362209805,0.009400275716023743,0.2274258594143485,3.0054599723984484e-05,0.47591876399938815,0.0029393356358500527,0.0012356556139291339,2.091453467359182,0.000330794613370159,6.518551307868667,0.9045080741569339,1.7269249668739763,0.16423560067963863,0.11225624254024072,0.6213750217851718,0.03392099928639547,0.041912031928107364,0.06942872647276362,1.0058667960279564,0.0005715780912349511,3.0538041544904186e-05,0.001211654786301129,0.005811712943393577,0.4678890985824423,9.379473470248822e-05
16.523800116500475,0.13061327814566845,0.04864080561723828,0.10626269052598329,0.021859291679914006,0.06435526859994083,0.008400513377842523,0.3620192490629613,0.8638523149905728,0.42262090538291514,0.04400335877008402,0.5332642793985714,2.7649512924830822e-05,0.26620031747794554,0.045012942183794556,0.001164666038063963,0.9529796247427018,0.002792149073558467,6.526908080482712,1.2065471617751722,2.8870057791160084,0.05166220439142334,0.3366043435571482,0.665201000092277,0.08376469541601153,0.0996962497931094,0.0011251320899382186,0.5933088337302728,0.10656950931459502,2.5869094763577013e-05,0.0011508845596141138,0.03657685501873715,0.05345250799503081,0.0001317054929778979
19.59888195291895,0.0368937454421834,0.8808829170992729,0.5768467706518247,0.2171831208904626,0.03332667696168254,0.049146877463416505,0.9461128943713382,0.049861103864969385,0.0011103301837984733,0.022958984698941826,0.0970180060847597,0.0013877957677106917,0.7578665380412545,0.025143065171807453,0.0009341976644809536,2.263375234833233,0.000981656210169399,7.774139607419738,1.0005757184241044,2.0188575778099502,1.1982224732069067,0.24237506065644912,0.250375193547733,0.002808295734300988,0.009381329861546607,0.08869908256186988,0.5106332354559895,0.0006204953798544666,0.0014096719310193954,0.0009543085197882507,0.0007455247917912111,0.5380352378594222,1.922435717753791e-05
15.951663450656122,0.1293315086904263,0.38167064388825234,0.00017853722812231465,0.5741300072503852,0.024221042456223522,0.014684455142049973,0.7667215166495533,0.00548914473792043,0.008141323455458399,0.033998449384508994,0.013576066094975412,6.520603439217723e-05,0.6701842080065106,0.0016080257198199588,0.0014240569267173298,1.4176398984541005,0.004711970839331522,6.423529136258296,0.6067716541279388,1.8612855681153593,0.23410525805403357,0.04961695475897139,0.6886056478792284,1.115313390231452,0.09002374502619817,0.22718142087617182,0.32456669645724334,0.012232417922808032,6.681837283943752e-05,0.0014345832299001852,0.08504835230205356,0.1834161919193024,0.000689554165577894
18.852235890878173,0.00018423670669491326,0.017406483700183266,1.8518591531958914,0.017526414524390858,0.037208946964572664,0.28474413492020517,0.32554069811795666,0.1722306031968326,1.7067864402895807,0.00273749576672789,0.021816315070953378,0.00013810180609448384,0.2568839387109007,0.03788001255890005,0.00011400880291633091,1.0888680212332837,0.004195616107275035,5.414550920381339,1.1209097318614196,2.253039155655606,1.2857122019230152,0.10866131430742802,0.03438500111782972,1.8928863890792267,0.011585583301512435,0.010266910229496776,0.5900252980289191,0.012754861618323825,0.00014960197794489848,0.00010445729219369867,0.226041674028266,0.06184896067005372,0.0031932077322379404
13.680499567973813,0.015331539717909362,0.27038380633077813,1.315122456635682,0.006270638250348596,0.027371783441933008,0.0001225525519068874,0.2637385877830286,0.5948132699177265,0.13846656764755938,0.00026359704862020277,0.44952037190229766,0.0007896885803374444,0.21197054298153273,0.044478315664053227,0.0007322793637946983,0.6128748734382348,0.0006802618765743797,4.592629640851669,0.5137740869544718,1.8991057331634922,0.5531131014694008,0.12047766428958936,0.06520083876772659,1.2225626268604972,0.09241309088763162,0.0005927833080904436,0.24447978337132167,0.0038389536667268395,0.0007693905865262029,0.0007188398353777289,0.05349953657899734,0.36427335989925713,0.00011900435071948423
13.421204319409728,6.494253405886847e-05,8.969764953587009e-06,0.04253223929828414,0.11595174166932545,0.016315694137002516,0.24572562382866872,0.4065505065239725,1.677023308584139,0.5916693661611878,0.017076570748588593,0.012993026949533129,0.0016608668943628058,0.46402747768559494,0.0013145290274549494,0.00025695647326360563,0.9188371220543032,0.0029561791445834383,4.251706899965523,0.6769939612114171,1.7891567550527876,0.0390045277930311,0.01661853388620232,1.6540606178385728,0.02865597860473645,1.47948864857933e-06,0.06488588469361932,0.1202755699537089,0.025220913150432095,0.0016847825053960988,0.0002459482985165274,0.014880570631394002,0.22195930144670206,0.0008874734097634356
13.105748483292809,0.039020876398325716,0.020210301570191956,0.001448084659903789,1.0336244823334193,0.052835318790561255,0.030166559093295908,0.325679166579117,1.6953083525908412,0.18208428242017488,0.01462581331054277,0.031341238921470047,4.616548145226114e-05,0.25163270755681383,0.008938228547352057,0.0001273446379390637,0.822258833023899,0.0019473937827613132,2.9360673877761925,0.5010447508959295,1.3758951333988971,0.29279074731252197,0.04063617213124164,0.05359618213436022,0.8230915729719323,0.01816789509166119,0.5776716049451405,0.7411676478806062,0.04196749048866108,4.69661300665464e-05,0.00013141701829065338,0.015390141044388173,1.1766727482737498,0.00011547610110855334
17.58483872677041,0.04567106136325016,0.02768546052777742,0.005635054723341372,2.674989114974806,0.0032199080381276448,0.00855957130389764,0.6150599458936672,0.10226667894320973,0.8335447634826011,0.00010015685287960544,0.4384691635398428,0.001601516720391091,0.4203657878030966,0.17287942684523958,0.0003473626473004624,1.175615441434217,0.0009889934082124299,2.6196105943490857,0.10989984424370854,0.9296264425367791,0.2459550847476514,1.8259097960503694,0.6959561097018264,2.554996763347365,0.04020270986279003,1.4199561798461988,0.2219912819433849,0.16118310721037263,0.00160606532983398,0.0003511405977488818,0.0005289301021003211,0.22939600195302307,0.0006692664463115775
8.269287171166646,0.13848406670049315,0.0342134577026737,0.050620747435377755,0.2976735679009234,0.013873585076909008,0.04751728486318644,0.4122234148502221,0.008435890076021258,0.1975397276037196,0.0010949804147119438,0.018249651443437848,6.602817834551682e-08,0.3172054156855585,0.0010034188311822253,0.00041324041155049913,0.9648191298332731,0.0017623749176423297,1.8803166002673553,0.04990848642018999,1.3363091631298527,0.22023164919699456,0.08498473098927366,0.35325548476590724,1.3200224646960768,0.07320025401217654,0.11075956912501013,0.1777525654983287,0.04349306340002205,2.3801815892963128e-07,0.00043187188931101796,0.0051186244247164656,0.10800091226707656,0.0003714732911345964
13.038085867502582,0.01234024305573305,0.12418413821639555,0.1866057836483699,0.01622074914010438,0.0037739443449057897,0.06308189408905479,0.45012990193617575,1.284656614253364,0.3040740294705087,0.012006040732055169,0.2271094277860595,0.0012569603088358975,0.40826691915690555,0.2283886095017012,7.161679558190763e-05,1.1022435065101719,0.005997100152900624,1.3598767676264167,0.13642045916999124,1.3281595420337842,0.6126607994458775,0.15530010178655698,1.0161670345110838,2.4348961973253243,0.0015221493908626914,0.0052141980359095685,0.09412923569936686,0.022436978379706374,0.0012640073974715966,7.915649847981346e-05,0.005913978225281067,1.4299284620047474,0.00370932087289632
11.53394861388553,0.17397649695743697,0.9022019602521095,2.8568542327252167,1.9199876352318654,0.011235677654772727,0.333273009529327,0.2745796831358198,0.5780283118572921,0.8086286747450356,0.1562702520800644,0.034463409024874506,0.00115954164964034,0.20511442815660005,0.010970517247656006,0.0014429277100960947,0.49752732675997513,0.002247988185876083,0.6915425346800992,0.004525584911282486,0.4543694433312206,0.17430643084726163,0.03771437137031507,0.0031391668913139732,0.031720797839303566,0.18308326831055657,0.9425047465385714,0.03791075638531321,0.004914931180785595,0.0011576861108613652,0.0014538525434352964,0.027805142780522343,0.16957730841492924,0.00026051884610017224
8.480639377845497,0.012840485738913188,0.9485524919717173,0.029791503353179295,0.3071994165112503,0.006209800655801798,0.004447164001141336,0.24893720501401176,0.2503824841458663,0.6472082526154674,0.013446053117656377,0.16602794118917297,1.8625835770154637e-05,0.19421753991260446,0.01558646609778821,4.0551723446573436e-07,0.6147699868617739,0.0005969031618077952,0.3578783126583012,0.08299485730985831,0.4597571862584168,3.123513640701158,0.1364557866621547,0.13159766368859038,0.019603963424818273,0.009863556142370578,0.12762321626429515,0.08937990475088248,0.007509218370443028,1.9046931666568692e-05,9.161210764539713e-07,0.1776995526512493,0.2939334934971953,0.0025763367118639964
12.388519268615566,0.06178586482247844,1.4299965556554193,0.06595169022640268,9.436249243740996e-05,3.290599408109202e-05,0.45914394838432315,0.0009671707761776639,0.41213739211788913,4.788555603567777,0.005783884987994501,1.7670075265629617,8.862953170836967e-05,0.009628988661415715,0.12130542407271956,0.0009889819830122403,0.00015452440124229377,0.0013021223961871729,0.0007991288471861062,0.33471254216594903,0.1687135645241735,2.0658968908501776,0.00117167153606783,0.26923890582067594,0.17208096552874622,0.08101368222120886,0.00111558212131031,0.036237597412691024,0.00583756725101443,8.335899454656034e-05,0.0010092973089181364,0.11420294276186789,0.001442692631940229,0.01003730200486359
8.157207727873068,0.012121419342622904,0.48857921759000245,0.5300327765599974,0.010526468797304404,0.0015145482382023375,0.0963382304565482,0.05323997797615166,0.12983871618488868,0.9744324729854724,0.01818459764448096,0.0007693504553318322,0.0021690731773939074,0.06033586835854192,0.022627384372185994,2.454989041889895e-06,0.13726513715093636,0.0008581760775977816,0.19294162076172391,0.34487001758918306,0.5837826670330238,0.005640768876184134,0.3018778457432404,3.3945274483271644,0.6196729890021366,0.0033790646996243283,0.016760161044313136,0.002424750754912511,0.021774796183651548,0.00217222610545744,1.6525852414081485e-06,0.0765332163614774,0.05146839435155897,0.0005442380974741967
9.43715785868319,0.009173888432363553,0.1794345834980897,0.06886526097872064,0.0022382681384620503,0.009527820557752574,0.01177882007412938,0.0002753844257911286,2.2500807146012005,0.29302647376586466,0.13118711288347226,0.6887189667020965,0.0001511033359426679,0.000727156002008661,0.2703953738150414,1.2864918880551981e-05,6.412225144840707e-06,4.637382277548132e-05,0.4084136354383875,0.45184839611117905,0.8770004293396043,0.7802715737488675,0.19235390698753627,0.006460396455155271,1.2662422628560563,0.0490214590380522,3.7046506183310837e-06,0.04166415201062032,0.04620681257887819,0.00014113997014075823,1.560804828015686e-05,0.24762932764791723,1.146594340318986,0.007644135305175022
4.822949006295682,0.0008114867685597905,0.9189229563527552,0.19126070148919247,0.011256697499199836,0.005716402685313506,0.0822040115112011,0.06361831281889349,0.034244848824285475,0.0016132079602841438,0.0016895343994473616,0.003207897251958137,1.1430053712402446e-05,0.034423600498562516,0.015690803856184106,3.155753343609996e-05,0.1795035280635542,9.012432189953239e-08,0.7570990548425992,0.640492985547313,0.10351988761744779,0.031829610038841966,0.30883566517286726,0.004403452191740502,0.1304752890179982,0.0028970865444461914,0.0034269695109697077,0.13673124015187796,0.0031151253098507356,9.172264285411157e-06,3.542390053296438e-05,0.2553514256153546,0.8984059892453615,0.0021135616333330665
5.718110831440403,0.006720211440314723,0.0006418568993203927,0.393938984243716,0.3583315838684847,0.008128749354040133,0.09509875931384341,8.822756931353547e-06,0.17751693593137396,0.27779563623563,0.031552212579155234,0.006594304730867092,7.992267439891536e-06,0.0003416896261729326,0.041535596781247026,1.6055878495247235e-05,0.0020065105495081187,7.20818740225047e-07,1.2187510587151673,0.7773387520053296,0.03549733871786854,0.9752487014166547,0.047963401912913546,0.009986086809988949,0.26472961393747385,0.02437144724139623,0.17012962960380024,0.1776938306449137,0.01617090034221692,7.612495720837038e-06,1.6507068476270416e-05,0.2540462002650259,0.34291423678020794,0.003008890207967769
10.474408339431653,0.005259102241817675,0.8291097748073162,0.3213941247762893,0.48562141071430154,0.01705245486480091,0.38404057569238237,0.02037354245374331,0.3595407308338155,0.08006079998339813,0.132605937596,0.30126477904286125,0.00050308065338648,0.0272771352051897,0.0012777542546852049,0.0003437349877454046,3.712969268098329e-06,0.00016873399337413614,2.3273897776201746,0.8608388991441619,0.19598554156312745,0.7839136178392067,0.6030629643748084,0.013303227714897753,0.1300634558442213,0.04918800996772621,0.2598435128410397,0.2884518935586385,0.020955901972785497,0.000486729632874586,0.00034375436822522276,0.21596492646252743,1.7520690312112874,0.006649710245574371
7.534073443308552,0.0037350790205457453,0.2758215419876698,0.1167571453012276,0.0028903199415976485,0.0005009443517712502,0.09550794548308951,0.054220724127339734,1.7573123024679855,0.257081401227917,0.08455065097563728,0.19097575612841736,0.00024995862116156115,0.038563051762020704,0.03889149643022041,0.0001385594180470188,0.0028436677249880373,8.642101478206867e-05,2.584712124008877,0.8992650733988393,0.15548003523635925,0.00012284403171931776,0.12943891416721265,0.0003177835874680511,0.43850487485926115,0.007660424229068056,0.0011551900952074116,0.0051981146545096585,0.011149719858755406,0.0002659333536557266,0.00013627611342124655,0.3612166565298563,0.012192376082263303,0.007130137117659543
8.54678251321589,0.134435821662273,0.18142484333775402,0.055532957060195495,1.4259511327215717,0.002706717166254305,0.03160941550824687,0.022495286216764276,0.31236652072661053,0.029257062923202834,0.08824307339557429,0.07794645982477318,1.1213587720433113e-06,0.033408930927834916,0.007094313509626325,6.806036395433792e-05,0.02544785502532742,0.0004424031786887913,2.46841546263825,1.5515979263314208,0.24112758966445297,0.0018003471013432477,0.019880936457926584,0.008127917568838296,0.05591157753899585,0.013258123935276808,0.7107973762695886,0.00955959253643967,0.015322984523258027,6.02661860732972e-07,7.890739117660757e-05,0.5147712238298233,0.5063097723565647,0.0013901975032482984
6.235656225539696,0.021906166235284918,0.5722610255477426,0.01249763851985028,0.07482363706086106,0.0006899201210441678,0.07975393298738216,0.01109141845389588,0.04082644240073827,0.14705614213349846,0.007407317187235311,0.02521140740765986,6.898670817897754e-06,0.006663736245838261,0.0072725101475350435,4.651485308637315e-05,0.0015218254445864686,0.0008674871176252963,2.584369198909508,1.458159672127131,0.0859575362885795,0.048131694380102605,0.09062438307444577,0.061894227247765096,0.25193960748896044,0.03950570537083053,0.03602541817411998,0.0032521042767716217,0.037957934677548856,5.489985755533893e-06,5.201464142936214e-05,0.3912863852557797,0.1357440510400165,0.0008467820662691525
8.687285053464098,0.0017066886334778015,0.9193522420767662,0.5142601482450803,0.44877735950248543,0.004465475120857681,0.0003307201277141635,0.012261569296723653,0.007741847810504547,0.45040135395790737,0.028601791784464932,0.05290320298987048,0.0003211652636194993,0.003072183522614166,0.021703064204546423,1.0381066529557482e-05,0.00783527371149491,9.625978282302049e-05,2.6932659379980155,1.113459234767583,0.000699071192510246,0.010921932764421462,0.2858762484475601,0.20548239409949529,1.3333884974816743,1.5640198192484396e-06,0.2228709933897621,0.0012490763236895019,0.004277698326909534,0.000331586013867854,1.052588900162543e-05,0.34083442326709196,3.549489153433165e-05,0.0007396474936803009
8.895580261648751,0.011754894875927534,0.504645254613919,0.04101637009083154,0.048393056980933526,0.0002083413929197398,0.00126647458820969,0.006534466706145202,0.018413290506029467,0.021659636822107028,0.004483343871130542,0.7993974585397507,0.0004859722819075712,0.0026390066663898033,0.00031104575051465533,0.0007526951618469374,0.025218848421462887,0.002594991832194855,2.7360894542782046,0.9228724436587163,0.03023039561562825,0.36893654380379026,0.6347980841924978,2.3134194320839825,0.026433040576551044,0.022065852828204238,0.012562825454986201,0.15282398610658904,0.00810919623364405,0.0004937821288111578,0.0007789323583076419,0.16164937411762859,0.014399434313296733,0.0001423347956926612
8.440825282330406,0.004517428846863578,0.2863444386949749,0.43681748394223363,0.1877825885303524,0.0004693797195596163,0.06228428888009269,0.039674520393347054,0.28483893444294034,0.05530709436583254,0.05806021439519728,0.0236137740688419,0.001118226457518807,0.025852488129987722,0.07261692185647048,0.00034004095684463803,0.06960286120634532,0.0007257742230825577,3.136144308051315,1.38060290350255,0.17714044923764893,0.8299828675269736,9.987591077105371e-05,0.23763979599902585,0.16762725009641208,0.00041766166834004905,0.0812771088143323,0.00011125890285790954,0.026934410596944947,0.0011041718220188225,0.00032279554326269786,0.2617882120236089,0.5248485885100868,0.0048171650137722325
10.601688571603397,0.0002023244482791414,0.24853474884343177,1.4529037380566934,0.005155381717781767,0.009473106285615152,0.030020777856763846,0.09447785006084716,0.023886326599640437,0.005937840339022381,0.002735041119224211,0.41300195707100346,0.0019775182215912763,0.13704356832467224,0.016693538926903506,0.001429033423234585,0.43656891754722954,0.001125379752312487,4.203089267920988,1.4343517088197892,0.03172760917016648,0.023601948919703224,0.3743426009399752,0.20134691443066594,1.0695603818078512,0.009684794272430273,0.002705100291519272,0.030488515550270982,0.007516878147032271,0.0019818782586279514,0.0014532112686575559,0.1955710147345664,0.12300572111125617,0.010093977365648382
6.365607023897797,0.0019919925782129564,0.002222357641781727,0.12663365711482175,0.18988801113544082,0.00027850149971964615,0.013829261602457713,0.0006884457352484858,0.3998844060458499,0.057804436380590234,0.002875915662207231,0.060247732484683375,0.0003473824837376626,0.0010687983321456607,0.000216309902786394,0.00016716707345823385,0.022143214842333222,0.00018087032332890705,3.3382127832602158,1.432147445509505,0.004090709506376926,3.436527099133467e-05,0.013219190032008468,0.052074398000830316,0.28364903336838154,0.000861000236725851,0.10527615578165914,0.000732730573050931,0.003151234661542271,0.0003619890567197191,0.00018327144790439862,0.24407634384562382,0.00566170215446613,0.0014062103529917385
8.082166948339834,0.000666686335533517,0.4047010147468322,0.3417760724203297,0.05113137042253975,0.000764516532761972,0.05899439451949279,0.021109694793571814,0.28961640498731217,0.01821278017284146,0.0677173646793048,0.06875982193664221,0.0009531389822868545,0.013240018641488794,0.004213508550223631,0.0005795818628076614,0.04968018860611368,0.0008482420699917317,3.096697537731104,1.341703890967912,0.024648861873318863,0.6071041250905669,0.15030914828382377,0.12402795721167674,0.6355391938479972,0.003654092356599321,0.029876606522173006,0.0017366960222457517,0.036268371367688464,0.0009408564157186049,0.0005693942280833685,0.25490693597157216,0.375330521588294,0.005887958600985205
7.954533509505384,0.006101452929818729,0.05678926610634638,0.4117814930534939,0.4319539970336185,1.2456519298509392e-06,0.022174136785614522,0.013022833061703569,2.02504040468552,0.06555150227186608,0.023268040171364534,1.0324330643321649e-07,1.7719399950838237e-05,0.0014970104338983391,0.03310209363724667,2.2509316126411812e-05,0.0023947270403688347,5.867306345954142e-05,3.0023900808982047,1.171136634726345,9.731986090250086e-06,0.061129158950669296,0.030622541384926608,0.013676449943003951,0.003854391507930947,0.00028598423158893274,0.22255756664827037,0.013682192868171591,0.04816320949451712,1.591703550185815e-05,2.858697526821105e-05,0.23675178237389907,0.05569693024572769,0.001755142349635378
7.2506257975974755,0.005962312789290458,0.7752717513673981,0.0010506010159803342,0.1543228874862488,0.000993423370259551,1.8035486000075117e-05,0.000970537059079085,0.14305477065049946,0.33284648156636487,0.023797382605794174,0.0008197728141380881,0.0006590864441992012,0.0006542183090655376,0.0019632081491108215,0.00010353770903578704,0.0034879743853189426,1.7662532302364145e-05,2.5766832480007493,0.871069191805616,0.0035771936066877666,0.010803394343488591,0.010464335348168825,1.313215685295622,0.0007928936402767468,0.004254730674974018,0.06185010586654447,0.06733068123207903,0.03332321486291511,0.0006471005894866387,0.00010685787057859017,0.2506294044346808,0.5980541294217605,0.0018299868637616174
8.660489571555301,0.0056835151127688,0.029622765016793978,0.8217498071320586,0.11973312799455792,0.0036611153875958187,0.03668212039522042,0.01333982487151968,0.012775941163685979,0.7102534379040483,0.007688879148236769,0.006829717014562601,0.00011237408451392844,0.008282330867963407,0.05053182836560025,3.058243171058232e-08,0.03851790220419322,4.1188199878576295e-05,2.4568305676134417,1.195892804443532,0.04057563197492036,1.0087841251387435,0.21581992383061818,0.07893294281955548,1.3927141785625579,0.00016625167839607173,0.07737228974838754,0.004110902675096977,0.03217837002258872,0.00011377947762810765,1.610929846788211e-07,0.20830174809963659,0.07811419668223073,0.005075792249352065
6.711869040400485,0.007942225733433022,0.0600300011181649,0.9965388598098673,0.008221311390922456,0.00039441348290083074,0.09075646924684803,0.03808692039089595,0.3654139333266652,0.0013811890678900119,0.004692392337577654,0.0019411359347808472,0.0002673045451205547,0.020355544321246755,0.0008647881642354858,0.00047765220721179944,0.0066984928122094944,2.0974347262914326e-05,2.302014400205263,1.0893810936671027,0.11194311159976968,0.31539729027385843,0.09498937468621799,0.07150280616497345,0.11239770228918823,0.004859378775827617,0.003568177732700214,0.021614740887290977,0.0014466048786577698,0.000257745353881215,0.0004845503419288061,0.12187891361687361,0.8541554044325123,0.0018941372572059978
7.660360235418572,0.020373734565142864,0.902826264987178,0.12275695384811787,0.0064691905466972704,0.016473316878436405,0.32604731855412616,0.03736140602220386,1.1821936114295872,0.10014059277905799,0.00771390975273082,0.0396644319319127,1.0579832781392537e-06,0.018347772934959955,0.0019502851266249462,0.00023630276316868962,0.04281661346273392,0.00013882059952522016,1.943432339344356,0.7636349708298902,0.04301708911253358,0.4666618978899609,0.00011222686997556962,0.10988362664557907,0.24473103866794083,0.008128084975561023,0.005385711386746028,0.07589650552073086,2.0300350769592827e-05,8.171274317746229e-07,0.0002415017276856989,0.21776379241357083,0.9544240154002525,0.0015147329901052586
8.267567691255385,0.00377356025795195,1.0327381752614884,1.9185931433822827,0.20327778092261825,0.001804959284305476,0.005519014589447506,0.13669665510118545,0.053731340740958755,0.2730739700936223,0.004728226206818855,0.19631533460833717,0.000412411139357106,0.09777834963553413,0.06184334744848866,0.002292321339581221,0.2515224810285447,9.554297305620193e-05,1.981914112577229,0.4654590932607355,0.017602472267228855,0.01149082966826804,0.0004691118512933076,0.6628588427454718,0.471894222546367,0.0005818824911385502,0.08998013199370598,0.03316558003706883,0.016960457291237994,0.0004001279095273815,0.002298679095428209,0.22641979969837933,0.038210346093835244,0.0036653877148907013
10.835498188139246,0.0006530743754863625,1.470134109840888,0.09684384605582409,0.7889731987305634,0.03220661632819211,0.12350757099821652,0.006650139086588605,0.703814430301202,0.0003180919179241491,0.027107393106949228,0.11761840576378228,0.0002634825950475188,0.039653661448143585,0.033047376184875035,5.9309492617413134e-05,0.003917140297939531,0.0005083150817357836,1.7989776172463856,0.9758726906322222,0.05751829595487218,0.13218763087081128,0.3955090546308454,1.1403382874393586,2.1998149722757647,0.004469383181800298,0.3889228841524265,0.23328182055113172,0.0015102636160476185,0.00026867769178276843,5.201666020725524e-05,0.028010251697715545,0.033419579391456095,6.86005404436229e-05
5.7640782610143395,0.0007879948127035206,0.2668995391160757,0.7263757150184563,0.8096101791522815,0.0050406499761550564,0.038459244480011034,0.049459508798206465,0.10837173004662969,0.08523345750014517,0.00016132953686431127,0.0029673203785077007,0.0006089041963203249,0.052595994620127734,0.001173656624932927,0.0005037472077044431,0.0009063136218537228,0.00021096804433990132,1.8206271822754323,0.7542853251542303,0.0025536762988843864,0.07060191443703104,0.05030435192704438,0.028099674884116757,0.20531599749039273,0.043335046057699396,0.42210665800245684,0.04870820584360191,0.030959509357178238,0.0005844388488170687,0.0004934786368690192,0.02418197559607872,0.11162541771099997,0.000929155362191054
6.69792900756741,0.0002617758462042052,0.34206136849660634,1.5176446507766315,0.0005052837674883871,0.00012673315110574445,0.014112848913648666,0.10661197115342835,0.7491570012254338,0.1889115350537302,0.028345364701692077,0.14748409771843105,0.0007105779329390303,0.1269711530905653,0.14310024730487478,0.0013163009931643284,0.13385901618801185,0.00037018917256663334,1.7367185465260542,0.7602308360335343,0.052352460084538734,0.12041979027277701,0.02883899690074255,0.09296173888265133,0.15295616730318176,1.579046710657208e-08,0.00019700529737209729,0.007073681844809533,0.0009914046540489567,0.0007193915615568368,0.0013160426636822976,0.06014680462804658,0.1779083047739085,0.0035477048635165673
10.189061888028844,0.00308409749365741,0.3064264066688279,2.0519999046731203,0.011836003822503924,0.017100779881986883,0.08187327955176726,0.11266432803694439,1.908318083609854,0.6514980153302438,0.06575669934881397,0.6370266717864882,0.002242195697608318,0.11424719564497145,0.12071907283417638,0.001119244697252022,0.09576948676874782,0.0016856309276424533,1.7281886365458556,0.47112278760614823,0.012236452508421421,0.13113559826184226,0.04931823194011023,0.2937905182434904,0.01593402712442969,8.177966563466956e-06,0.013546180505475774,0.280736541038736,0.0004331166698559497,0.002290573101124982,0.0011357988866700535,0.2157094154075197,0.7836698946316109,0.006438840816382493
8.249882317870998,0.0011422982303128625,0.8571658781673365,1.184282842658835,0.2621444730431741,0.0018322735238583993,0.003872953285150291,0.010205639477631008,0.4698410871914267,0.07491435156924316,0.0021979783243021808,0.2912475337087476,0.00010231522111095088,0.005176153529754898,0.002556545129115453,7.473651850772243e-06,0.03663611494053153,0.00313979378063816,1.628867442220634,0.7625036776766821,0.08847448010150985,0.662048043589672,0.4714346119387312,0.15195202965610116,0.6803027165491875,0.01495037360636377,0.1418018699928497,0.16544067474724777,0.0031470607166334185,0.00011464134249312051,7.231105205476414e-06,0.08431447496085175,0.1815088385394569,0.006548445694358358
9.830488204640833,0.0166706889769137,0.24391688529601496,2.161969495113617,0.03594019964066248,0.00719812318065428,0.20779232797839586,0.0032776337955041294,4.052042440661556,0.45583153112774877,0.031226975812050674,0.127455783094684,1.8289461951428337e-05,0.0007940066351082734,0.054591146902671556,1.7727736852301582e-05,0.01750762260693016,0.00014739341531123755,1.3816395176671759,0.6280563102723434,0.04261329503859082,3.0196480305214784e-05,0.1192668047494494,0.07783512142009202,0.00010376145532929091,0.025859939536166065,0.018493307233984284,0.0002794215971165217,0.00034226688296661387,2.0048828283781875e-05,1.4997761424089485e-05,0.11804588288146285,0.00013277495895271357,0.001356286440564815
9.890121438371947,0.04885120528425304,0.11629052650080873,0.05013817815876544,0.2740580377589691,0.017858401089785703,0.46324119557553234,0.016207885438243842,1.3534145930081771,0.5357690155610052,0.03206380649712729,0.9717901569926723,0.0006090094345697658,0.003119786710186449,0.0016040725917643708,6.027797750213321e-07,0.03752896483703716,0.0024108646811504143,1.036933494626239,0.5175207855411174,0.080926979729808,0.4859848504046989,0.12797639223172722,1.569718323674889,1.0709377026061513,0.01577555092937354,0.12018879470728512,0.05061772325913206,0.001263842029394927,0.0006093661834611323,1.7820792653959315e-07,0.017145902515984142,0.8688765701060762,0.0006886787188600979
10.338999263192909,0.07746563442101112,0.08534968877366554,1.9232381278060366,0.08102981243137161,0.017164785508086106,0.0544019249156311,0.008793867163789286,2.1831635206837268,1.2158544195567178,0.028738437963089176,0.0011129369451158702,0.0017792429267063483,0.030501440508779003,0.3326452495735408,0.00017532626582729793,0.00376498190481341,5.65036409368832e-05,0.6203760394271868,0.27170819401915686,0.0027178268561936047,0.21513103926055913,1.3768295749344721,0.7334458639822707,0.18864863363936818,0.021161538239845012,0.01971462264884584,0.05453227982203351,0.0035824920914402573,0.00176785179748505,0.0001807131031093241,0.14524537002566953,0.6384223038732891,0.0002990184831389397
4.179402264006777,0.002671337214700799,0.38376164808816104,0.4395702700728632,0.00017473999924499318,0.0031831044005868935,0.014936897641700874,9.923255776110759e-05,0.12295917486123599,0.04264929544889063,0.11978668490441984,0.05678911812525844,0.0003983030499461307,0.0008776373304773499,0.03752638120813293,3.495934083759974e-05,0.0047102348757705,0.0002829296725552154,0.9607621911462467,0.35543494802181463,0.0023668356687464812,0.5525703210599553,0.018412943272724358,0.32834411196175545,0.19849015097184108,0.0009883972103059652,0.00038556686922623277,0.02124401279591837,0.19488452014342722,0.00042089600530198517,3.584354221082116e-05,0.04315163170460128,0.2713863975954837,0.00011154724467306988
4.245327650613606,0.001478574194454141,0.3314768469392538,0.6786190160327686,0.206906128976112,0.007233726742325509,0.0014153903029266036,6.998957640950479e-06,0.12357706136934866,0.14177855277923068,0.006638982471721985,0.034169362879718994,0.00012721302656301824,0.0036580904167402522,4.921569159181171e-05,2.6124864160494047e-06,0.02467989956440842,0.00017900472147471864,0.6294906408591624,0.5002419907342156,0.009531506545641062,0.04993046812057271,0.0022188190546393234,0.135182989817865,0.47349617107970043,0.0005923329248776609,0.10219390892287,0.240446413514939,0.0017701506201483295,0.00013811725819613666,1.4926977542155189e-06,0.011620147438301458,0.526187341543216,0.0002884819288097349
2.2310164762323317,0.003274450325401371,0.0026699280570716163,0.07777749040768729,5.021709169792527e-06,1.054810061086717e-05,0.04597540725349726,0.013308367232525866,0.014297225950040553,0.17603698976318585,0.044842063339543194,0.07870106679148393,9.672917445951837e-05,0.0012218170033745765,0.028919791537072116,5.668198885272752e-05,0.0030720851007161546,1.5670239981482668e-05,0.2866219235036116,0.1546974111291069,0.026128027196035332,0.07505447820055,0.1425430163383753,0.4444772964900641,0.08271083997865203,0.017191605826171477,0.000516255721525354,0.011642935180762723,0.046465851778995655,9.310596544996831e-05,6.050325975059178e-05,0.007174574753981077,0.4453056834925689,5.163344205668066e-05
5.278276724716356,0.000644148097936308,0.027347729030706817,0.2466638414717889,0.39748898321262566,6.211951465076667e-05,0.04163642288568722,0.024024939009797682,0.4281251554913032,0.7699527029938679,0.07614881168096212,0.1828668081088972,0.00016319331547073212,0.024053951913619677,0.002053699209890455,0.0003305790913416381,0.013139228015504245,0.0004193855754747127,0.03576141119657506,0.0055385015965408665,0.02145081390498128,0.17577992098961864,0.06823983283015642,1.8372238004290118e-05,0.410590166343963,0.005141234756470591,0.19056825666952204,0.01153193996976694,0.030570088730347184,0.0001599112072338026,0.00032278736897672645,0.003174909275873306,2.0834118340671965,0.000895044951604748
7.15852739645359,0.0008565181211531088,0.05706471501277877,2.039085199206239,0.9617690246959909,0.0020622793180445514,0.056567770907348686,7.631880701166268e-06,1.6033144565388446,0.42606779080249885,1.2193596790735387e-07,0.0018044351878689713,2.741276751908385e-05,0.0033406800229329194,0.0029393036268914622,7.883805981368163e-05,0.00793747568535209,0.00010460076945071254,0.15468538533944987,0.043852129108384756,4.5806911799832734e-05,0.15135195089344197,0.11724327134596557,0.07359038626247442,0.9043319536211318,0.0022077547821465543,0.5112253755042557,0.0007946664193539863,0.0001772548076848963,2.2834866173278527e-05,8.631499778598356e-05,0.013334569599768533,0.022381914441099247,0.0001675730132775908
3.706333519870395,0.032054617005846484,0.04321546435438822,0.8922457301097473,0.008581833093064931,0.0012020308354296527,0.043069242171985204,0.004699383773036828,0.9881456913657493,0.21010062965753093,0.05258739430560717,0.00790251115079153,4.197183392487673e-05,0.008931164877813131,0.016518545880332483,1.817453319045081e-05,0.0007041057331785796,0.00017596743878607767,0.7857962950917605,0.240737188065854,0.12596933346293085,0.016158573855334923,0.003347127809706391,0.0011413644072939598,0.061900154891655124,0.0045035990313708075,0.0044705363230466266,0.00010914361162791717,0.01881327586127603,3.651894697024641e-05,1.3947015633443283e-05,0.09821330925142746,0.03490672143435327,2.1972689750387742e-05
4.903661448917855,0.006183815464397629,0.8017074196400831,0.48315597752559886,0.008208660446485643,9.445087031099048e-05,0.0021327894500019866,0.002435086517825823,0.33567018097985335,0.1015191716245608,1.3792914460072047e-05,0.0019690549616725025,0.0005397520137822229,0.00288608144330371,0.016826694601972697,0.00025610912474931594,0.05804668689054727,0.001495337332948771,1.7042413204527544,0.42175419998536,0.0028285029387882794,0.37788718133455895,0.06583105459145036,0.032005969854740995,0.04662920952382383,0.007565890345197084,0.0032693092631880024,0.0020499718932965156,0.015202365113040683,0.0005125756037803655,0.000249474727691972,0.3373065419513951,0.0617550407561181,0.0014317787801158876
9.199902032315466,0.003830932467369846,0.05857448397001743,1.0980822041384455,0.6299157444159049,0.002176073561022816,0.004902522881881161,0.022419200220045458,2.1219716390565413,0.2040100415635428,0.025205236839726607,0.042534853037887385,0.0002720772373572472,0.02064287100084184,0.07014060278687995,0.00022872629789594324,0.04874800795746206,2.342686957777089e-08,2.8259988418103665,0.6498428609550394,0.004719596353857538,0.04342216669414273,0.10613268264849543,0.02501554217717625,0.051174403905509896,0.0021902642464909474,0.3157588247039715,0.07204225430680335,0.014482933778219968,0.00028234242422844457,0.0002267601232398163,0.6120848538725233,0.12277017450519344,0.00010228895051508897
14.31332243546523,4.5013563057361076e-05,0.4818503281777971,0.07006187610064521,0.0005199152709488305,0.006595111092446412,0.029860515176464496,0.06565833871575208,2.5554831394067086,0.38223421190326,0.027419282768525163,0.13560063253364601,3.77995001429552e-07,0.007010195088522172,0.13397165468207076,3.505221001185301e-05,0.15414890544986828,4.32684519275708e-05,4.713579730614354,1.2289309139040914,0.006121243647198329,0.0064607986013533025,0.6416871653880711,0.2333531852239934,2.645936879062308,0.0004654714575209946,0.0005165933038241153,0.002146134714589239,0.11878585794345795,7.697689531366018e-07,3.556233112782724e-05,0.6460302622099132,0.018388068566521473,0.00034598014129973387
13.87598481894784,0.0004531898538416782,1.8432878786946918,0.06062413130383573,0.002202243761106126,0.0033816566280131413,0.0053572997696800465,0.14808854262162652,0.6908449535345292,0.24847741074997168,0.0021017746999268793,0.04214569518521605,1.1202072165199039e-05,0.1531673428841048,0.06661114210577294,0.00024127513911661037,0.14306768789662927,0.00040776092575935043,6.189225137955406,1.5645062484549088,0.08586164535891096,0.38711795643444813,0.1096477102491883,0.23138568293545522,1.1521662041523808,0.011921470080617004,0.0007265894187826078,0.11458373678743128,0.007317473350813039,1.282395929278378e-05,0.00023368064208977672,0.6096935140568323,0.00032047642839471997,0.0007932808569011613
15.15508438057662,0.07479680551582214,0.00852942261762008,0.0075817465181740925,0.30688456001940184,0.0052570107607167816,0.11037701142708393,0.0645659629007441,0.0353338958393453,0.16338629134641727,0.0031946778014605138,0.08948108860189032,0.00011547071182780211,0.03060101593174445,0.027878322780402903,0.000833459302495543,0.08578400156796932,0.0016520796577054234,6.898095813431808,1.93475063498529,0.05520138435874272,0.0009807061892297536,0.5065035744598165,2.040430638205722,0.30774796680210037,0.06338847185049491,0.11797872445309919,0.053852642936828975,0.04804290032688769,0.00012407081339269754,0.0008220475663817882,0.7087298029462714,1.4007392246946528,0.0014429532550813715
15.628171579397137,0.037588922830320406,0.023343386511722106,0.0005544649929918968,1.0919409266994637,0.013624627400169715,0.12780323031971133,0.10203317604772913,0.5390912568974726,0.08007441223179143,0.02398258410888561,0.007149532756522148,0.0009618401606130366,0.07645853002956712,0.07388311133053975,1.4099850012438711e-05,0.2135373729152401,0.0002547803681496846,6.968204600463537,1.9608867477199898,0.07980104306500103,0.011670172904151337,0.15679342732863405,1.2424274892152598,0.004101433522214434,0.05026467132717218,0.5173842165296942,0.1205794202434907,0.061533764666015275,0.0009533552289813478,1.6595280474431203e-05,0.7513423433178905,1.288850526063959,0.001065517069769134
16.499859957620497,0.11314055602835074,1.496380920449064,0.5986590820917621,0.2321661349871712,0.0063573087252302785,0.22388280943129843,0.03739411354015072,0.019755095208423664,1.800633685531802,0.0042162511239763,0.4449725307427042,0.00019637723038690353,0.011347236780449136,0.0827415270128839,0.00029472739632175834,0.17206271075724758,0.00043376350071647603,7.251006370624044,1.1903265990614609,0.02201926461419651,0.4585824312033963,0.514295566866607,0.03142044468105844,0.07676896663213814,0.06778020808385349,0.0958055714392335,0.11636049555799251,0.002363397779992623,0.00019331907386045945,0.0002931989496654155,0.7628584612488423,0.6650326376031049,0.00011819366311068793
13.886451211006463,8.21231542730628e-05,0.31037268293464965,0.42514931142291684,0.16711797045988497,0.010787517404998248,0.07628468185575302,0.27728452855385644,0.12663972539863533,0.04057277405053374,0.08055096925318349,0.0805459054426779,0.0014470580798956914,0.28719361974668384,0.03170446636941774,0.0009032966761580115,0.7179727652881486,0.0008195334241094617,7.692546766375004,1.5523928900008408,0.0312862568449742,0.18879655343273166,0.012283000821244455,0.25289734060787683,0.14545167864633426,0.0005498417198477139,0.08321107131002865,0.1355709775812748,0.15944173031378336,0.0014194020266936381,0.000916360033351991,0.5277515712316981,0.4637262719800862,0.0027805685649183046
14.022507075897593,0.017253419585569165,0.0003213750353709956,0.022146607233621843,0.019185794418057775,0.009697520648408026,0.07771076645252468,0.036369008807418855,0.08403058291029486,0.13316505965320616,0.007944892946050329,0.4588110453438048,1.0075503259600379e-08,0.040317122613873255,0.08035999672915298,3.0087457291100286e-05,0.04939547931044234,0.00022085363326453523,7.235544187753305,1.6882902675339646,0.12783442755007635,1.636735507920825,0.10427961371736309,0.06108779160500459,0.029695645261877037,0.0009520481868036353,0.01612090129225901,0.078261521473456,0.0003283642625369723,8.112505622308243e-08,3.084190486646765e-05,0.5909207091773774,1.4154230468470315,4.249743193526606e-05
14.83045223851873,0.03383911566608431,0.009688288010748593,0.0021912370139312532,0.06321157428651655,0.00018367238410797485,0.21596322714103305,0.03467891395902775,0.25882070407234786,1.1291191156872058,0.0009135289573376322,0.43622469938352015,0.0014186064217825976,0.06173946875431392,0.041416800620237934,6.049361950315534e-06,0.08517470618910654,1.6612050526616704e-05,6.457401883355663,1.849281669049129,0.18658173233234168,0.22101007193571037,1.0379094285099135,1.5043360179291958,0.037278728665770484,0.023154551549975158,0.05369393302198188,0.038628156145208356,0.0001155453283555175,0.001408498380037711,6.396238235606168e-06,0.6734778001288183,0.3714075446347896,0.00015396135382362555
16.15247992246573,0.09015293182570704,0.09058600837433348,0.4993905563044318,1.6370739869547049,0.001037329326912997,0.10575107298324199,0.33709451884126207,0.08872112683577861,0.8738035737964066,0.03906835132348679,0.00039144003379599644,0.0006873759434762035,0.30414704013048594,0.0037277002892301928,0.0013543821271587077,0.7965523845633639,0.0022357128288409654,7.791808761684716,1.0717213762931925,0.22447317900692187,0.5270201806303155,0.27213005327139095,0.03952326764545065,0.07794207519936502,0.12108093836456744,0.7658093701721874,0.0137459750120084,0.013216194167613167,0.0006692802017647271,0.0013643632698387982,0.31897259875437517,0.03881922545969388,0.0024075908497118927
20.78645985731031,3.8126828019796047e-05,0.7155252617061444,1.3908327703093681,0.40357755345096824,0.015261183391412598,0.3568406352380217,0.1797432858310628,0.8586078084665971,2.6705142486508975,0.01020168437292946,0.0006523499019593869,0.00013245416510239972,0.17184769118799803,0.05458668301327923,0.00047547170712243335,0.9202161881174222,0.00241655388452955,6.792654090707778,1.349163186333732,0.5838567703594737,1.1767485317942188,0.3235304786742358,0.031989719032629475,1.2824785927042701,0.0008761520747239688,0.20234992137538838,0.41017450794188515,0.0003416079110844876,0.00012976883963835618,0.00046733386022261,0.8231392754465161,0.052591119680911055,0.004498850350767159
15.109442525911978,0.006794228311541896,0.3480077661657581,0.21453254224673135,0.6787265795067903,0.002631204355517191,0.011122125106224286,0.11775734539644106,0.6459462693357223,0.09283455635288161,0.017562287293487362,0.2723149815756657,0.00030095336829178587,0.15859223396478778,0.02929894470816903,2.523190620811756e-05,0.24918987246793056,7.559229324313896e-05,8.478840923752227,1.4127223109161489,0.2272337495869386,0.24537705135003815,0.008543833090361849,0.24000626767632627,0.36796515470406127,0.04424300891066302,0.33871433197427187,0.08577600781663894,0.004185204019910885,0.0002977202987186309,2.723184628726575e-05,0.7073721411374586,0.10094870101374293,0.0014761734627936724
14.468027174037562,0.015286677618739917,0.006081893458399474,0.14391117759900918,0.7897132376996224,0.0016273948579075303,0.005318158659351935,0.24205702692932277,0.09430331018993245,0.012765073823360883,0.02117784355110046,0.21880046633225944,0.0010195868971217463,0.1688934355671571,0.03045152739791812,0.001640991940550009,0.2691161977025563,0.003180581374096322,8.292234726374373,2.0985298795838947,0.17886553823703072,0.25331458299285164,0.13307833198693808,0.011896882655040124,0.019264931990539687,0.008058423508810232,0.40214683187894795,0.09203620827331155,0.015086553999268424,0.0010395242131329841,0.0016561576401600928,0.8496068060202155,0.07545926481817183,0.010407948266470407
17.881876186641513,0.04028757168713553,0.012208662595953162,1.9920327865684486,0.2857293393372667,0.002478757934676102,0.014068326595238807,0.12211512236999257,0.5703738666626034,0.09106220144298698,0.005478484289936275,0.061376323367626204,0.00237400663856308,0.13888535676391994,0.05831635533143716,0.00025585076176711294,0.4143839065443957,0.00044264552752015085,8.179823745338933,1.6647925538654438,0.13317325258579563,0.8280136727443731,0.2593938240473326,1.2329042152619227,0.7344129899568393,0.0014425603963999227,0.1264357077318162,0.039749183170511966,0.0074489938872055765,0.002322752114640725,0.0002643822405398892,0.7498135171289176,0.10898851053281501,0.001026761218555359
14.089527475119917,0.025880644797254986,0.01428249597909854,0.0007344054207650585,0.02087995518576721,0.0008380620234770116,0.06143350680169816,0.0641113911016731,0.9853381611123646,0.30381344895709217,0.00019589899773445347,0.26420915278777163,1.0984846646568474e-06,0.0338869925657174,0.00866355479702703,0.000226023018319095,0.16282005698522475,6.315237884406795e-05,7.589439563962456,1.7573623211117464,0.3047007961151124,0.06635975277255335,0.00929147452469258,0.6312760284644965,0.8259486134092001,0.02930796665217901,0.017455845507649136,0.008396099359203579,0.03173307519855752,1.7349821291551256e-06,0.0002103514464517463,0.8605839047608269,0.00780671462946104,0.0022752308287074816
12.882539471229347,0.0011564984830825195,0.04171093306480383,0.29898675754339543,0.00944661854535764,0.0002214483657481088,0.04196197146466625,0.05548728123582741,0.011077081008673332,0.0006211143148431781,0.032687380913013216,0.0292927644877564,0.00021535032799345773,0.05239113318152537,0.001059047245563394,0.0005033782893728397,0.11687398219990354,2.816120971534551e-06,7.673333377723293,2.203057171050757,0.1262747012166664,0.6495194485269071,0.05786299109700982,0.06465207084094526,0.025612290017476558,0.0029020991612819483,0.003544692361377327,0.05053947786808878,0.0669608880005351,0.00022006538033966813,0.0004763780709344032,0.6153247446652574,0.6469145387910616,0.0016489796649182488
17.24140305243521,0.00029104564343941387,1.0818628233480052,0.14497005455807951,0.2778774349107138,0.0015283946334264794,0.0060457853164690425,0.06617379471023907,1.9518686873981774,0.19668406639737596,0.07211542449834824,0.23900377978561144,1.4800870817334285e-05,0.05429653565369781,0.07866259026759533,0.00036167585067105844,0.024726806030776108,0.00016593564714579865,7.493930316906166,1.9933391606503115,0.013464397310124889,0.0013517366867624703,0.2477689446108842,1.1826809742665825,0.3263559303836569,0.006360975172174912,0.1556311926561895,0.06337984522511024,0.1269162717543305,1.6969536939565455e-05,0.0003652201301261005,1.3469449485852667,0.08561574613905111,0.0006307869009464589
16.56506414697631,0.007959323408337824,0.5618429878095668,0.00500268595236092,0.4456092661448397,0.00010229504231025733,0.0002850512500676758,0.35569227784425156,0.1710356790574985,0.4165651681166754,0.06322665901255013,0.03297394477782636,0.0004261645336711372,0.32395862355044336,0.07406152168766772,0.0011776860352846804,0.699026978973754,0.0014163962177624057,9.045334993300875,1.684926380492559,0.30759512008849443,0.0218545385591811,0.036851875820294935,0.16170898214361218,1.026508812307805,0.010620638257063832,0.214344935723941,0.008835714438179468,9.836237932824856e-05,0.00041717387445067903,0.001144540152978963,0.8361679706060354,0.04284980324420319,0.005441596172440259
19.970455953341965,0.0026120945471737973,0.5937004389204588,0.6252059050449871,0.20324359986480414,0.00764354762535181,0.02412891741551916,0.3221046330262747,2.290499798279125,0.1601170215243175,0.006158271357801451,0.06696312331628045,0.00317004414438936,0.27525655649657516,0.22045240130639623,0.0005485723518154097,0.3540384938577318,0.001822819661420326,9.292646235203529,2.4311210333259488,0.008123651079708076,0.007088906353477025,0.13464123913325576,1.1186245899792833,0.7355014862675248,0.002193649584668878,0.13565666043030067,0.006084432457435314,0.0638135985476588,0.0031661796457481896,0.0005598898467183867,0.7818060441624833,0.08306987591363987,0.008692242670166248
18.358120525214424,7.439141152770457e-05,0.18163523896885744,2.4914948257176346,0.06789832613521034,0.004367195201904596,0.002168268907294424,0.08130702017898407,0.1252206744796402,0.06249173757907226,2.380362067408596e-05,0.08727133476257015,0.002247932685359239,0.11435635917556795,1.0277415114424304e-07,0.0007677672797481763,0.29948543815924256,0.00011813981169326759,8.847936693514017,1.9120551478591903,0.020973793600810937,0.5481025232138517,0.001802931278892946,0.6528395502533056,1.9542711636983234,0.0014012198902380929,0.03785300675766027,0.06702238441512508,0.001764726510064705,0.0023016288961965085,0.0007783778164348635,0.7862639874326048,0.0012869082338017152,0.0005379249947726412
17.48598372966004,0.004851038233710584,1.056097190427027,0.13196183950592694,0.02358316914472788,0.0013654605838138414,0.019630743906572837,0.2507007111703645,0.7548067303915936,0.0199222060790263,0.0003728585765434668,0.06757690313796554,0.0004134301666284943,0.2430925920026011,0.1573776169847978,0.0008904838544760412,0.29629163575106693,0.0010904390606085422,9.06562718289642,3.24859222742467,0.00021344891760300883,0.03136556393886316,0.11311238389204933,0.15181839577069722,0.3396078910580989,0.00036305749324265485,0.010217844959961501,0.026447828307617924,0.03314080717294827,0.00040483546832102696,0.0008651723480364552,0.54836054650049,0.88190261957023,0.003918874963340945
16.308376472241598,0.011394842343593344,0.13086708638989714,0.0007588903525913076,0.056436345130673186,0.04513382354599363,0.0012613527773003793,0.04703980629073863,0.6169141161265709,0.3068841225496327,0.0650901450142146,0.016923003538623548,6.781252425653747e-05,0.04358753459943205,0.060601997893181075,0.000373253107579801,0.2893363809234212,0.00026574676644423395,9.304416669811289,2.6682322342411897,0.12898157496761495,0.06615652672241795,0.7709517552954905,0.09659389107856156,0.2304878078781162,0.014474182608290299,0.04373245025134464,0.2919538855861893,0.04563412074397354,6.500104526406437e-05,0.0003965098636049387,0.7801132769913657,0.16962034024223074,0.0036299850405104696
12.975586097273709,0.00013527997546640313,0.020654463694089818,0.13618459212824344,0.22234849132180717,0.018877505009736954,0.024502425611160766,0.073337173906732,0.09313530891223816,0.1623768013640654,0.00616462415654129,0.05090569047035576,0.0005529797429156722,0.05121196791272653,0.013925371508149369,0.00023064557396680385,0.20665836263199622,2.5376702537041524e-05,8.004182964916454,2.363632060684642,0.04268820367057735,0.006506371279384621,0.003843878384912581,0.04553030821871805,0.03720095374048732,0.006016976711656682,0.11142212186363709,0.31920691105668086,0.004900523582386679,0.0005381482666280712,0.00023714610903605838,0.9326507110727175,0.012849081701661678,0.002952675391401057
15.41792311635358,0.012295902638103637,0.011070547280266595,0.8032451995996258,0.2762602984001844,0.00598993423046367,0.06384913208391121,0.14573444310262149,0.07716151348548181,0.14491274187976047,0.009471475760120227,0.13672509097374316,0.0005570300862646333,0.17559994969758988,0.0010837613961040028,0.0009492058373444014,0.322790285005119,2.72318115151987e-05,7.9934749616911605,1.8709025708820326,0.008586407905118882,0.4746207139612698,0.00017628368207704416,0.07965257049555777,0.00029116584059226265,0.03938492814742232,0.13037508558982785,0.2969484846226119,0.003900587935240441,0.0005380842494044877,0.0009862593302892397,0.6578903399901262,1.6704759779312897,0.001994950831338244
12.248255031085739,0.019999013764693735,0.30649216515886324,0.12699647973761294,0.09824453716099842,0.007461283573235245,0.0038684940026107685,0.07400900513012679,0.47866086154736465,0.23162267151697075,0.019845162042573854,0.03654902740911634,0.0004934876393367272,0.08862200932956399,0.05997744789091515,0.0001275179043885159,0.029266541813898386,2.6815584469972498e-05,6.761240050747727,2.258616259537358,0.3532016319489325,0.06780631806585394,0.2238656730951056,0.08151517099614326,0.014933132456265055,0.013153917426801845,0.03988515599812287,0.22687888292295388,0.039041100706407685,0.0004786072936280424,0.00012795880940146933,0.5243638575122063,0.06035189235039209,0.0005329000116980941
14.687164801527453,0.003917404586385372,0.40366950049075523,1.6854277527945454,0.00227296540313105,0.01762058484030641,0.000614593242421127,0.11992030281913033,0.5758142969396124,0.019582086470963482,0.005133322504489068,0.032892543308277,8.602354373413878e-05,0.09032167070305266,0.04940448659267539,2.586653579244597e-05,0.29505164328158684,0.0008965429066505953,6.845470486855579,1.4056084649038498,0.19871948313546334,0.32722679814108147,0.44924719736525126,0.4048309818745703,0.8789024470463788,0.004953581997960587,0.0006487410954993317,0.09699350476676909,0.0011933487253393083,8.985749909724078e-05,3.084663668812957e-05,0.5874779470842504,0.1790874063560892,0.004032121080077458
11.28515345580426,0.009946484769371758,0.007202843625948659,0.3324428177324588,0.18291216610755107,0.010862590614156193,0.02994334057685839,0.02621951978360518,0.001257046745208323,0.014886406175413432,0.14053229174187204,0.02290373137198573,8.267243976400052e-05,0.05337832539198319,0.0004535621740280175,2.990086434652513e-06,0.20492624248026486,2.1635536041928725e-05,6.671848702272312,2.1965838779044464,0.09759411315207556,0.008379681172520593,5.733645828570035e-05,0.11595200498375112,0.17667990439260214,0.00012070129831052054,0.09500616337171922,0.06797553711484987,0.10547513190142448,9.077449583055372e-05,3.0090315301824985e-06,0.43641882372366825,0.2733720660960035,0.001620961081982107
12.813169115709755,0.0001440855346699259,0.3737376868256519,0.36578684287504565,1.512545513555176,0.011876337117698216,0.000700183254155214,0.0011877193973616614,0.42622621357213375,0.1990460596601047,0.0028381146499945444,0.009686333763557186,0.0003526808151377912,4.514344446709955e-05,0.0002801795752751021,6.177017487558684e-05,0.011470536967186395,4.685880204656277e-05,5.22356528871763,2.209382203314351,0.02102384114856393,3.169914185299564e-05,0.3526723003109814,0.05823896169407765,0.5766278989633666,0.01939585221211884,0.7684575822826748,0.006947889117649729,0.0008073735374473543,0.0003497111606181668,6.443658477727133e-05,0.6369818419832783,0.019660100887335382,0.0029298746684944922
6.848111590674163,5.318446851385541e-05,0.0021598359523634886,0.008455590882078593,0.25102854575959427,0.0007141802531248731,0.005291404174997402,1.0214006980528217e-05,0.0910707648221733,0.09869223075877245,0.03613381864502361,0.15031907350677443,1.680426189955391e-05,0.0007796942227396409,0.002470102073325423,5.8268151322337566e-05,0.015497422447681267,0.0010350878946585654,4.019220391308361,1.0913738395360792,0.0018797860715301328,0.305006829545202,0.0013478875948452925,0.06340202066365251,0.004880414322896281,0.013996085072510798,0.12652689581520773,0.00016634532595321652,0.010981917550449652,2.032543821263839e-05,5.0874419445132796e-05,0.5450952405722292,1.3955085965229238e-05,0.0003625600695991481
9.114023672770934,0.000602257399675593,0.27330601401472976,2.2575216485787597,0.021358215733356303,0.007329515450743475,0.015055192580867885,5.183644732689526e-06,0.6977859446008609,0.00046262316621104575,0.00013682822992748897,0.04588825529531787,0.000880802827379614,0.0005736687776114202,0.03183109145225133,0.0004149529828638387,0.038525756003094436,5.548649303182688e-05,2.8010615105406984,1.286141815013176,0.07220728168641985,0.025857127311722395,0.010094644671773064,0.027975378060286687,0.8858987031902755,0.0027818475619106726,0.005713917548948705,0.07040423164094184,0.005286644641979503,0.000864692216144223,0.0003943472215305595,0.5013672655477228,0.025137012238202548,0.0011038164477850556
18.809806893998594,0.026839927071360844,0.2923375767355192,0.24487582764416882,0.163847978948898,0.06388850555049597,0.0005925332636799117,0.05779745349151777,5.021723733540002,0.28319806757195387,0.05579049596659181,0.1151305574819552,0.0014848700187172696,0.09285534656437468,0.5971420351663779,3.581908963355942e-05,0.02674097292338944,1.3609356582616614e-05,2.28911167656965,0.7156041550995207,0.28302938059861127,0.23161823127375192,1.8394747792523238,0.757834876091571,1.7529305017529646,0.03397531215489146,0.12699972204147258,0.3546328665896974,0.004516181076583333,0.0015183046629568151,3.824238352498836e-05,0.39010450901981514,2.979988378954267,0.004134466091775458
8.889422202076586,0.008288777762330543,0.5215415271633059,0.35532709402142687,0.6827744717384717,0.0025919474332571995,0.01208672367008136,0.010565108958144215,0.18866059986979394,0.41529850236563587,0.004202939876297533,0.1603132449611724,1.9786756688945244e-06,0.029469357016559117,0.002120684930212027,2.1603536143210714e-06,0.06265710262006606,0.0003734764324953911,1.7351634270189686,1.6166255884018959,0.10143968461297494,0.07064116267827533,0.49439789848598326,0.017308148424662526,0.11505044897882481,0.0024718769702856786,0.3301119952424965,0.00161148912840596,0.0005030855251928272,1.131905670169183e-06,3.1505451794709036e-06,0.3657811650886992,1.577626989976327,0.004409261244210871
11.339062187126098,0.03533192069302982,0.03583010435542018,0.2553150517326516,0.04613524949874608,0.006617309601872434,0.5499283563656477,0.001891047491838132,2.067725142699397,0.8617564067031938,0.000270938883932272,0.47938368635876444,0.0005801483992600316,1.9784394221452217e-05,0.014727685796085967,0.00010353083134599845,0.0020674062320670157,0.00012736736182624093,1.6188406465519805,1.003178763444938,0.2998771977372551,1.1896020389465545,0.0003513653504320273,0.539790265867036,0.44687124283363794,0.0892195694438307,0.03528490699708996,0.06422462855210335,0.017809963574916345,0.0005880637392042644,9.301484518190398e-05,0.45376094905808406,1.213601554259799,0.008156878524754054
4.908568308858724,0.00013030630332463395,0.026807683262831727,0.2195854579921816,0.32330785125705314,0.0032652270579007965,0.021570568126672615,0.016311459596378287,0.3294042919283629,0.1921853539007685,0.01604879762338827,0.0010671298945582517,2.5832117845676135e-05,0.019288739556109404,0.00046105951375187453,0.00010205324563645557,0.02949260232077348,0.00010647902765638357,1.2329614050296642,0.7004275476275905,0.2056377728625519,0.017847009354623463,0.2513599033748497,0.4864195364717521,0.15931247006731125,0.00012773224081696484,0.17877064678519172,0.010978594035963863,0.01225172926583228,2.1422409709260875e-05,0.00011152682247354976,0.3548656534047896,0.09692078341428227,0.0013936829661274836
7.075651764478936,0.010017742561692635,2.282441280921627,0.00540268135043722,0.023430339270366946,0.00044066412221195676,0.02051553675121134,0.0007957339761188793,7.429037753873225e-05,0.6160750807733482,0.0003826407530604183,0.05517981422348616,0.00027605408182749446,0.008027895739527576,0.02295523612941059,0.00044465771446974925,0.011938855727465865,0.0002538503251420492,0.8150643869547868,0.5639399962898195,0.23809117214239153,0.11582635709494393,0.029264437832876328,1.8165438988461156,0.0065255221738277904,0.013470640181921545,0.008601832768654517,0.01131981978671167,1.4837070200125549e-06,0.00026592972033386085,0.00044108856238577734,0.3368778515973023,0.05924246723347202,0.0015225247874305257
3.7998702426192956,0.00888859982865968,0.002801303889521071,0.2329960469561572,0.0041328080616595975,0.020578872899014944,0.004517271643315287,0.040176406080143924,0.24060830263171037,0.19295790043380842,0.03621805683577287,0.010196835953732554,9.902861713765442e-05,0.02565162560303553,0.01797689289127569,9.490377690486903e-06,0.40587961212174567,0.0005935324316986442,0.5009841160106652,0.39429956292794593,0.5072432987399892,0.024865797360367828,0.030583390334871112,0.008099666775966189,0.15639341840076137,0.05537403313813942,3.7571870561584867e-05,0.25226223510173784,0.04330264357991553,0.00010573607671647708,8.134725550999796e-06,0.5195429345218748,0.06148677996363187,0.0009983358345202348
5.817358773618661,0.09154485412023337,0.25698125162817925,0.02327171504984436,0.00029954050265836913,0.015116492513679662,0.11871407829283796,0.07877438093652644,0.005605347593615568,0.27729036894735104,0.0010226340090337324,0.16978890624755738,9.44172327051959e-06,0.0425743831882797,0.05503019027332135,4.0194251222299204e-05,0.23137726325968994,9.55135338524398e-07,0.34623819633257613,0.5941399237566866,0.39220741259974173,1.3792452702692548,0.05037857178799226,0.03200289944973072,0.06781696361347837,0.02586277105916092,0.0004521112117413468,0.3287865296852239,6.073628874642923e-05,8.121050671148061e-06,3.919403144702667e-05,0.3808559442162711,0.8493517708715932,0.0024703597217054017
11.331722228684558,0.02086030330189276,0.5493194994921836,2.3972038413093477,0.0026476990255923424,0.0027909898654828722,0.14724903729919164,0.06203949809847052,0.26239454268920437,0.6201721563021256,0.03415462755699603,0.14068512248139015,0.0013426662366693544,0.04071358985510054,0.17036606993630676,0.00014006962733791237,0.33303033869251797,0.00025020885518694326,0.39532754772788253,0.3686361434062697,0.3674320725079972,0.0049287792984748155,1.9101743599367476,0.9602610356653504,0.8378329910316447,0.007279389854367557,0.004813127539687646,0.003980413037675238,0.07101118043982466,0.0013579312237637343,0.00013230142722381135,0.2971538158195018,1.3134653875606956,0.0025754915824533543
3.8176132174082977,0.03389552384656307,0.042046508802968466,0.15741126345685555,0.43264758975795875,0.0014156285207549478,0.010132474652611792,0.13044260098610694,0.031032870516007578,0.09212855733735642,0.001692291627771352,0.033727776969608776,0.00033242836739945435,0.12172719302627902,0.010772298608164461,5.2326927297908985e-05,0.25185225179918724,0.0005371513152874222,0.212461338365493,0.3711845298235888,0.5207099737260069,0.11632544540168692,0.17814593695984252,0.277872137382215,0.16787092252328,0.011195381680900049,0.22612030513118808,0.0065438125326807775,0.019510758226677482,0.00034572629004909296,4.991108657493512e-05,0.3177076616748673,0.03908342974283008,0.0006392103422376909
4.200233519630658,0.022167140488574953,0.01119372664431356,1.5457832076968647,0.012907016256281425,0.0042971596746698435,0.0011076830744184251,0.050124297464494996,0.18521125693332163,0.19524803804579505,0.011784014976022186,0.07713786833507627,0.00013850763474597419,0.038125264953288,0.01953742568222075,0.00040730202411906223,0.26511649555628336,0.00017197932206098137,0.1367142158517342,0.11855401218637972,0.25222777149489933,0.03013744131814515,0.05339118610115418,0.062261223423016446,0.3182962620352673,0.026643754647829993,0.0031002392954373784,0.13343821782359053,0.0015488545129438932,0.00015258683580661068,0.00041707449469069403,0.2891476688351321,0.3331394499717026,0.0006051760403775699
2.888350328187885,0.01001977748125296,0.08090273396762951,0.3825872524516418,0.07954656178181571,0.002342906535821652,0.00012231633997742154,0.05491447035267401,0.07078538115399496,0.26213187317477493,0.04622593339789236,0.04172542675757671,5.69859385466985e-05,0.06551947253797617,7.217330901744087e-05,0.00027676626963419254,0.1240898688973536,0.0001372861367970537,0.05242819775494763,0.015397509788658661,0.38215667411205106,0.12121102957623088,0.02217124832203729,0.03282868430428173,0.13907183536666579,0.008035136461564079,0.03504985494572472,0.07136699666320628,0.024534650614371406,5.163735400072238e-05,0.00026611483435917286,0.2990685589886035,0.4626619553914392,0.0005930572253658393
3.3929163515144545,0.006020853436424745,0.2005233824442482,0.3242210400051327,0.45985491036584913,0.00024683488036695347,0.0013638445129163066,0.2003022448102293,0.01279032666275727,0.2517225782963136,0.007196399194411395,0.041638499939558676,0.00019092410473926493,0.14756352456566865,0.009003398063654926,0.0007520099794787827,0.40567876264447095,0.0013269540599643603,0.020377509002509935,0.02714795758573855,0.4027223064160054,0.14894505343937928,0.0015571448061806358,0.04913256554470215,0.008283721134948473,0.04660113967197111,0.2173950411095698,0.012042214786631566,0.012810661065124004,0.00020692484370872174,0.0007306981406967958,0.12223239525029943,0.2523219493963623,1.2581354441523729e-05
4.004449636366618,2.0145196331558028e-10,0.30959071022052487,0.2384833614212658,0.0017014997930103815,0.0040947391538530995,0.045871231718285735,0.05734342589767387,0.24994027582895298,0.0633531617294437,0.036521285284554596,0.25112003740250766,0.0006416936795112252,0.032323429294799144,0.000703989847281474,4.41780748209874e-06,0.060359141679467335,0.00017576861422533225,0.0280699880868941,0.014283494876840865,0.42992337907090084,0.014793704146437147,0.14417706470665975,1.1479440469543274,0.49884714358990395,3.7295203380088725e-05,8.302344981028682e-05,0.1287120620199555,0.01965886202860032,0.0006289615496371971,5.136063806166538e-06,0.19345730311310508,0.029897031072316654,0.001702970859751267
1.9943939705557543,0.0014632079033923607,0.06606318641950504,0.0009360761119949588,0.028617351619754,0.00042232162696278553,0.00274801000326197,0.005970833741958659,0.030941212507446414,0.1452644866400666,0.005850545465365877,0.5394101925999459,2.7873891972015946e-06,0.03177581974350854,0.00903822929096588,9.135189042463303e-05,0.02447834503420594,4.3323707364134095e-07,0.07155410676200154,0.054051742212073005,0.29840256545187943,0.0877682094634538,0.1173519555479032,0.11473235567471973,0.021737857038918586,0.01589585385038191,0.013633315160057035,0.041422582927213104,0.007624662698500408,4.216172902850658e-06,8.658578926353624e-05,0.23846680248288718,0.01602980705471816,0.002556961043850363
3.8444255086792274,0.0011273755434398286,0.17900343114039025,0.23268417460286972,0.766424682855791,0.011320666635023636,0.0014358158691942056,0.026745096630704828,0.009543716754577174,0.24072891149398845,0.025422602440203765,0.2617044980573273,0.0007103868106498218,0.05094589212116203,0.022411221453768188,4.635821050751863e-05,0.03399359468198124,0.0003096834528619048,0.1681963577965629,0.042028227556689876,0.16106975011631844,0.07484816614223873,0.5422509282224994,0.4969451847542793,0.0075307772075283354,0.005302067200088046,0.4331720198407318,0.004624620380626503,0.00029396079281324427,0.0006900894094515301,5.119817900211498e-05,0.03351971866169556,0.00899840328017755,0.0003459303840830088
7.720657457747734,0.02712235212875421,0.17360875396093642,0.03665514237310813,0.0005268645918562636,3.3233418811843657e-05,0.2318807232258094,0.17914676891637876,1.0186366514077931,0.20427585610270044,0.011781401213926039,0.002600898733816653,8.361807742485612e-05,0.14251158890965324,3.4238890380410284e-05,1.383348625488209e-05,0.39752093035545794,0.0012241385255871821,0.7056693241384412,0.12127825433264457,0.4201507213141783,1.548902233077439,0.04968707893480732,0.1628009649753141,1.6740000294863495,0.04517410132193538,1.5235111759631501e-05,1.5725586911475904e-09,0.0029441012714689777,8.473728297021723e-05,1.2209111248300092e-05,0.17549272205580782,0.38674671006727146,4.2039374890440084e-05
7.945845081796631,0.03760120605557245,0.03590726633378513,0.5883492843372568,2.096592027279532,0.0003560030023501297,0.03182344694062741,0.38950884546862957,0.038972357297791096,0.0433290285476075,0.0008566789786314271,0.0023604385219404616,0.0010389088736314014,0.30645233886553797,0.04117938399568035,0.0010121218629647604,0.8808447363167589,0.00200951017088235,1.0052707525377425,0.04185891479640392,0.2440134234009964,0.05231827697581103,0.09934808866739613,0.038364394234696106,0.46143573102828433,0.12962502957851985,1.0537364962069655,0.0908346909382009,0.12136350920358245,0.0010508465540547782,0.0010411809006336714,0.0573138591356151,0.049407213324890314,0.0006690914636579954
6.723045041231783,0.03675175863736012,0.7966467145522022,0.20084934647652672,0.4209449245752229,0.00021529829148175063,0.14680642146824083,0.1683061353305986,0.008401745460807138,0.7176273905592897,0.018865847335444594,0.06377762934035763,0.0005270448613428405,0.1496771858185331,0.011817988941218818,4.796716801234139e-05,0.25478786777225715,0.0008939838904252571,1.3469763405531612,0.1233114680810518,0.4237191916131067,0.851455656133619,0.06996343414199627,0.39136499237456324,0.10925917574015524,0.08423749345045463,0.20707621994388076,0.0009802503460945217,0.0019991348376075103,0.000518562442293134,5.16875625955544e-05,0.03198691323880741,0.08318293709114667,1.6333201928122e-05
14.240791933800578,0.03738516449767583,0.8307895568809535,0.47247247880493515,2.0098902860785035,0.0018351723482540308,0.018534871492896846,0.1352459198522984,0.950332657785972,1.3768287445549263,0.024659368980748133,1.0517991796703496,0.00023736207405069434,0.13796959383025487,0.04080284866607736,0.0004217123380061542,0.09068230718792682,1.474909167749402e-06,1.49658814270131,0.1536620489068645,0.3133844431507118,0.2877538306216182,0.27579306424216876,1.634322242747745,0.8948923489842949,0.038131166772294084,1.041115146563045,0.02420384973038385,0.004588381803021538,0.00023746641167972078,0.00041045376406847675,0.10383966643022612,0.790386144405015,0.0015948366131345614
11.892223056376295,0.009807210279169238,0.32706027412784966,0.16892073588971288,0.5432625286206422,0.05151430078059006,0.06343085432215607,0.06891070771853014,0.16190072483345241,1.3905256265564847,0.006540372974201436,0.5351728166843999,0.0006307294932502482,0.022267422406333687,0.20744207251972252,0.0002271397614075241,0.10776049181416093,0.0004696337108123393,1.776253849566934,0.6511396524926036,0.3609520188048105,3.8317961415264534,0.19159430704366812,0.16463440268956495,0.0005278229992614897,0.007473196572444878,0.35023125987184944,0.35279365973988086,0.017675891348555118,0.0006414175353503242,0.00023848245889985102,0.13063374868495428,0.3843910446919786,0.005402517856209209
8.95916946015223,0.012453021393733305,0.24585842561412175,0.8504004852388742,0.5198461460189002,0.0050515253322109,0.00010429628303407569,0.14117130870750483,0.8397628805840933,0.04589659694082872,0.00014311856539733731,0.386061614841938,0.00010048918685633378,0.08751250877850583,0.031871420791131554,0.0001326316792007575,0.39979580483417204,0.0006952765953854808,2.1243525203983618,0.39744262995730406,0.5418495738940952,0.24641636718442744,0.04870878451126769,0.6984080035075922,0.8328142773269486,0.025590515642323286,0.2608719903636099,0.1869477123213366,2.3952404267261963e-05,0.00010314553241689286,0.00011947987984198605,0.026731296410867904,0.0014071685798895427,0.0005244908517910512
13.380513373736125,0.15041328355348738,0.08365589041653457,1.4675653982357535,0.794497386701039,0.0001771687978064765,0.2483897843464687,0.4163314007244899,0.4643811002516563,1.3165140863189924,0.05405330483189516,0.2187299321029541,0.0007475004043954811,0.3869083924669097,0.0003935100828152996,0.0004984180437042331,0.5469337973622002,0.0008966284870888317,3.6999671965197627,0.7870773088111581,0.2827902858699645,1.7351389884178368,0.0006906199867267057,0.02914647240697487,0.10443058921802535,0.054365419010443436,0.3697428537731768,0.053805334523390445,0.00431509978665003,0.000756030873128657,0.0005045876044955712,0.0969856780217854,0.009401859782534834,0.0003080660018799061
11.52577433420932,0.010651734163254184,0.01917563270387837,0.11643243356884692,1.04916273943618,0.00606318213865459,0.0005780321609272623,0.3764058544219556,0.017155893514060373,0.007624111146643033,0.07119877310685918,0.022190333623324336,0.0012681900296790955,0.27325511818507187,0.060627721173475556,0.000350991542606035,0.5423323859536523,0.002489664913973124,4.320946579061556,1.468262322506997,0.5328874830175211,0.034651321990611786,0.3029405954066232,0.4418447179607982,0.4437415044762892,0.010657381207940013,0.5529792734524307,0.03152996094322956,5.888888490674624e-06,0.001251572792528975,0.00035185486841969165,0.030659801552753566,0.7759534290424794,0.00014785525760902386
13.878677479347141,0.05004646691106972,0.2500891451496383,1.4064482750006742,0.6860525155921741,0.010625759957057357,0.004607447186032608,0.6032095632457748,0.020901550126472962,0.28508137282131063,0.017229194634937713,0.030710760688764945,0.0009383986142901264,0.4661384881576896,0.004572520367599349,0.001485821876606969,1.0790409896882882,0.001504608566171611,5.655102310742394,1.1005185472839503,0.6226474448278181,0.907384012716337,0.0002505059377593124,0.003369292337841577,0.05958798203515584,0.05167304807762596,0.3048905196308266,0.17025438907041052,0.01334809626284501,0.0009588124012930206,0.0014741581880615086,0.003132078866546725,0.06533622693218577,6.717545153467542e-05
17.203284636138505,0.11982124269541311,0.23744534054692407,0.10187816596915225,2.3485192026882173,0.0011074745399534038,0.11066418650923984,0.5979529068062965,0.04087287283310824,0.07333242337160403,0.09041597820906255,0.02086099756389431,0.0002521526637187049,0.4159868182557971,0.020083994396190626,0.0017785215135843434,0.6583321021236299,0.0039969407915425486,6.419975772278949,2.122822980806743,0.25316499238555684,0.1715630404147884,0.024769589340257057,0.6564869023028251,1.4032025556059557,0.0757764091498648,1.1169774217796018,0.0011882451597496652,0.014311132775757197,0.0002583391494973011,0.001815812992773935,0.0001761330712018201,0.09476781086936745,0.002726176578285105
11.009219325555936,0.00026293168392725326,0.06100405586159135,0.0031499278819219806,0.05692551675848387,8.045426265208478e-06,0.005019415206753208,0.186785291119918,0.03411708669333486,0.12778622163466233,0.03877346398136806,0.0013746744747830048,0.0004239608395436321,0.18606081992695503,0.006410829728622943,0.0003902989333703282,0.13361275271514844,0.001562286672937464,6.281554145672196,3.141028350118717,0.5740590134869942,0.02603003077164432,8.052441275275611e-06,0.009927386903816842,0.036314136178466384,0.00021410145470417296,0.03019745768456246,0.026615112958476378,0.010681826399099089,0.0004440477227090784,0.00038558821085568173,0.018775547634955227,0.008192206258962404,0.0011247421189150436
24.1391668410253,0.03279514335850562,0.0013789951459222908,0.03760173027435451,2.4616675764848512,0.06700004085157336,0.2285584677828694,0.28086399140755314,1.3334833757483064,0.7184488601064978,0.03435461630687593,0.12188044401556598,0.000542175044792323,0.3144440081872122,0.09175555197538313,3.0498395952172493e-05,0.17492217082873843,0.0003958156924368248,7.518999181122085,2.1769416959892713,0.04935182962623393,0.2741262884750177,0.5438649586638417,0.192237991858507,4.660354982904237,0.026320566094155295,1.2964491840226389,0.5077633163768852,0.05382694069185074,0.000553944871615353,2.8378136482989364e-05,0.04603318840953173,0.8912161089935962,0.0009748231819574889
15.335467932303503,0.0004375594396396657,0.3255346491284042,0.057065852346590784,0.3030744013567281,0.0010959993800809538,0.03750874518840009,0.10609876273275384,1.121252909890369,0.1747659478997887,0.009289354679981331,0.03133848264444391,0.0009143802351102308,0.10301466932884856,0.007142466432140935,3.523128708927647e-05,0.13081967684854653,0.0022343921816732055,7.5754879631404055,3.4373124229100864,0.1491664501263926,0.0016869619527706068,0.01628393795862008,0.9382442014591205,0.013804499750450573,0.002738312970674263,0.1662853320850888,0.0004110345925030263,0.01326226976814714,0.0009178167063160212,3.788001832709213e-05,0.05476944824786242,0.5529370269143858,0.00049889270176166
24.699763392062202,0.09897658681131168,0.17709438386707288,0.04911685235489262,3.951564100042083,0.018434469396555284,0.5301008304456515,0.13556500260881751,0.34435829649908634,1.0332036285197268,0.030842687894264434,0.6805069548022253,0.00014265989215104952,0.15759276932929497,0.0874648547894779,0.00014772620576899916,0.055029309535276905,4.240759933986415e-05,7.978021974269843,2.2261660291201495,0.0016329058459013922,2.9484177143658794,0.005045458803435045,2.932972254213347e-05,0.6077252333692422,0.08100189141809316,1.9709840986163547,0.06517212227525758,0.00384262094383213,0.0001573481668452342,0.00013783487797920503,0.05858367823807346,1.4024016220395892,0.0002600093961874382
11.672841319492822,0.003683530686745751,0.17049882767949426,0.15950773258024092,0.03121693391333883,0.0006022523522443295,0.007887950047834052,0.05736834598401083,0.05228594607818765,0.01569064057448742,0.013473014303651014,0.2317341752903674,0.0006042355576728246,0.05038563459913366,0.002211275901880614,0.0001236369630593466,0.11657670317612977,0.00041475892646075185,7.079052612134001,2.9688814594089616,0.03102531089758338,0.07385581358434688,0.030646368823371455,0.12020440675842334,0.007185049092979131,0.0005269724397894709,0.018878747156698503,0.05836227449472442,0.0030299114927430128,0.000588947382753135,0.00012884359301806265,0.2203422861229287,0.14562768154357328,0.00023903995198712647
17.813675623455907,0.02378558279856728,0.27505558916178807,0.20952245735624114,0.0005704363637642036,5.8622413203113205e-06,0.20853073821291612,0.09191485296337425,0.2214282804346729,2.2055835270367865,0.011946932114689541,0.9957588631274825,0.0002426395602858737,0.012932563209075206,0.03671524100142411,0.00015807177212854445,0.08121108136301765,0.0006446184150505679,7.345019921413775,2.4336875731786987,0.03802311786135674,2.9537087750166333,0.01816513617763429,0.5788306835339992,0.01744373443356177,0.001365351245868898,0.0001223365763958517,0.002878505702005082,0.014753072473064736,0.0002578046086969336,0.00017374395986802005,0.028657719333181144,0.0030122667262821234,0.0015685440823016358
15.451111382728541,0.011941792351030288,0.7485005243623891,0.4798415034311425,0.15491429208809945,0.0011636959421224744,0.06343603117687932,0.045418232439194774,0.00093878297938743,1.7594830129875754,0.051595333477364995,0.5047623745808105,0.0004889902153939004,0.029159111532929737,0.014108222553887679,8.9507628490932e-06,0.013716718713476055,6.850662175437027e-07,6.263483902771931,2.2698111322585697,0.08041595843681591,0.40348168765166076,0.008676502949425582,0.7252855847218841,1.1121261316657727,0.007110132389047424,0.05708654029586693,0.07358557644147191,0.08403088196745873,0.0004707194954611684,8.330914018035148e-06,0.10253832085103207,0.382686246351947,0.0008354789054276525
12.713402685354408,0.014092726325596385,0.0557424330228916,0.1971279662658909,0.7410188762311167,0.0011410566304327953,0.005704087973722226,0.2616039667124854,0.3038938455358808,1.1400953278060966,0.004519667442988192,0.07088027790534326,0.0007276875302367837,0.1927690629428691,0.0017583739268934155,0.0005707816672511349,0.3405872504045994,0.0022032041381003513,5.344860767119548,1.5372446580939017,0.012298940958069104,0.13029919963096132,0.05848896434196536,0.08174108245690563,0.02533404111951078,0.00692392410153752,0.35504186427035433,0.00025283136983074233,0.011334874927173012,0.0007064405801293584,0.0005745279713806759,0.049220277517705295,1.7636892642695399,0.0009544341635004415
8.41352365245844,9.43029006382147e-06,0.11646225176499145,0.07545436357539462,0.5061875191528149,0.004549738449178115,0.0025605499704875255,0.027740657714809918,0.07328817143203785,0.14377053971534848,7.217969016093623e-05,0.5019546867543068,0.00036221888455000993,0.01111198513067733,0.00039041622323291,0.0001661742262759633,0.05947172590102941,3.0489268138176446e-05,3.1628437158411984,1.1236138605275519,0.0017235617753212516,0.2695568353665274,0.39886568924968696,1.04580683776118,0.28535911180375795,2.184492482738587e-06,0.28422393779485317,0.0002364566907655019,0.0009487776986923547,0.0003432720051912599,0.00017657059118751235,0.01189486407473652,0.303859796960465,0.0004850816813430394
12.308335633908467,0.00374970033299805,0.3582049493659996,1.0300440071123207,1.8398095133077377,0.002338526781548065,0.020449283727538597,0.0761455437525491,2.0024745257554395,1.224388271158581e-05,0.011268897073482489,0.08727828476901282,0.0021834180092382715,0.07519888304482804,0.004832549528260203,0.00025624728334427396,0.07261040709970085,9.69170846315971e-05,1.6151085867031365,0.41326595633125623,0.0012603128024478382,0.2541318686256613,0.09530207883806166,1.8681216886450618,1.3510925527194602,7.227640169665312e-05,1.003865430288544,0.0010925851863223088,0.03159369910528131,0.0022266288908265393,0.00025211163887011606,7.077277827005369e-05,0.08391248101818102,1.2706024048854721e-05
4.524246117003215,0.00033278545939626104,0.015563529785592967,0.27704542131626686,0.32869339374105405,0.0008280639339221153,0.0010782062915202985,0.008229406551332101,1.0917890453898542,0.3357574044769399,0.06721751251435149,0.09428674040900716,3.1534660208204065e-05,0.005658162188001333,0.04059250524958862,0.0001834432178551693,0.004955456329500762,0.0003970917639824013,0.5865918449483426,0.07917395331154074,0.012730318333093654,0.42615962459615114,0.009135350850408041,0.6307574665856753,0.0032729909431912737,6.142168237882923e-06,0.17331379623067122,0.02343659112641031,0.04007918112703807,3.3010105257912206e-05,0.00019955975776643934,0.00022835147068973375,0.26636121372362054,0.0001270184467467418
6.433943910830277,0.005703367663581859,0.001770570728124224,0.7161275273561004,1.2364934853330585,0.0021812959197119518,0.025061098793531897,0.02430424377463244,2.1881824915087336,0.4314340928161905,0.04747485528119805,0.10007374650105283,0.0005458281341467147,0.021632766386462696,0.13603001736267822,3.0333850167613466e-05,0.05184379146795093,0.0001584683889455582,7.526725946380715e-05,3.680313015435769e-07,0.03864428709324291,0.026781390598568603,0.12227988492541438,0.31305104636762837,0.08318014781068378,0.03218238492307576,0.5910765376525536,0.03308122886524317,0.057464724915954134,0.0005519660274804889,2.59078584320504e-05,0.0011144894008445457,0.14528761965680037,9.867817732294042e-05
6.219519227555907,0.00958919535722875,0.014049793207653651,0.961365139211475,0.014057521102603457,0.03202743094805592,0.06830126325560919,0.04210017101282829,0.04617987588174914,0.04870913460307797,0.00923713774744886,0.6007143133919847,0.00021744668982061455,0.021221985575429765,0.01385130226864134,0.0021065598018977123,0.38613660094932933,0.004765205390424967,0.4227438241485008,0.19165013396225503,0.01698600771305164,0.7105649917556474,0.6264201600654443,0.7171228618095065,0.9496241076728362,0.01574872419182219,0.014731452825191468,0.23436053210553218,0.0009384771487885184,0.00022865063841713445,0.0020833022456784637,0.03800079545308133,1.655696773331388e-06,0.0036834737281212075
4.537098872270629,0.016099435771362157,0.05944779042118329,0.15449431611469383,0.11138772720692872,0.010227543487412416,0.007437143956693394,0.03313104901163629,0.7403444185326056,0.011414099860462757,3.1387205053715043e-06,0.0010941828421985977,1.3831122415372127e-05,0.03783893645078892,0.01836163537542603,0.00031276045878378145,0.3380367660909476,0.0005266667637672689,1.6304731183954644,0.6013887965591074,0.04852720620481011,0.00227142491809256,0.018652140721219675,0.3320462267182165,0.09824996671424732,0.004971103217258427,0.07105810002567535,0.1402578122398789,0.011728393836947744,1.378314408783732e-05,0.00031242109196659716,0.022668986187249645,0.01373102541033203,0.0005769246982632101
8.211951875796174,0.003752958897317889,0.08061102949686348,0.01843481240286631,0.010430928934537788,0.01327312819774098,0.07582444641744743,0.0024079329604509824,0.06530650796130329,0.8234403167203775,0.001873158479331508,0.021653183248911478,1.245902668655742e-06,0.00015590380796094708,0.009354024696605118,0.0007637008879928521,0.12413282068091357,0.0005968354536534412,2.4313396254077735,1.7094833391272983,0.053581600759154156,1.1483110112685047,0.0029917523012722978,0.9125059878737809,0.0511014958357227,0.00011061999586768734,0.00806619398697038,0.22835883373242802,0.005006659393096503,8.785671446252845e-07,0.0007962099083590091,0.140280613495954,0.265688325806184,0.0023157931897189346
11.886816574923628,0.0004294365567072069,0.03390729724028093,2.6471651635234714,0.6118240107802969,0.012523777375583729,0.000526324761151139,0.009287707739229347,0.019609367131054187,0.013703116951282266,0.07732340018356622,0.05420752190835709,0.00014243161189864657,0.006088755494075446,0.01064386190394295,0.0002057181348592614,0.06459160570053284,0.0010224533066127228,3.574793282270512,1.8690733893936935,0.10536376065226276,0.01231668454037871,0.3166727827979734,0.00033027789718381224,1.726129238209488,0.0011502239267145973,0.3227066893169286,0.022035746675371563,0.03424071268575301,0.00014983202852321647,0.0001998541979877592,0.1509844255456913,0.18561818793714946,0.0018495365451144238
12.875268763228835,0.013320435557134592,1.0641229485743997,0.02834387211590825,0.06716764632295064,0.05887146153662696,0.05986195080057764,0.2649764108307483,0.0024954738476067506,0.10377379543329233,0.07369556445564061,0.15680277795019126,0.001696917566894225,0.2255044462758025,0.012515939783334743,0.00028086385172222553,1.1996217432631926,0.0040189220337671526,4.8931552365420075,1.4332170058742237,0.372896914020225,0.10809230052446032,0.2428972674254639,0.9591987362194351,0.006863729119522282,0.02155206364883575,0.037050169000453916,0.7514765675248322,0.029595152994617503,0.0016819890486373158,0.00029164911259328246,0.028727419666750503,0.6449404841144262,0.006560908192559174
6.141047792880379,0.0021411172022865682,0.06634147056708066,0.024239601695666045,0.06976286594904765,0.006868917510188011,0.01825403316312581,0.0403964286526632,0.032674755556779116,0.013002694088315959,0.026120779823366535,0.05448973416209104,0.00029773145977732854,0.040889571910635025,0.008918335074427073,0.00013338343021833117,0.24830243919628125,0.0008381669514593397,3.579052680469905,1.0387376339873262,0.29825692882105354,0.10581990047010953,0.0014947530854549547,0.031644341445014434,0.0019763332183378854,0.012676417417855915,0.036138465082514254,0.08588604258060965,0.042158686992071724,0.00028227873210105915,0.00012290175812900794,0.2130715425964166,0.03948932727919956,0.0005675325508703051
8.279620819656875,0.03349448967868008,0.4184183070498593,0.1771625766223112,0.03914847888803618,0.004248384482852194,0.025981976046864138,0.029352174125476607,0.2758037497609188,0.00046663625205076414,0.009671842341451457,0.035903710819235345,2.1226351597321664e-06,0.029309549084131293,0.004283147810933594,0.00011932384475379997,0.12949876646319636,0.0016424452398152779,3.1574901312779873,1.2843624034845595,0.019740157558102635,0.4472901647132154,0.04780496108515868,0.22395956940250064,1.2335779690149908,0.030654836437631894,0.0162029469502485,0.17337154075393707,0.06691515870864988,2.1827748342033778e-06,0.00011941075477778108,0.1724006717961795,0.18888067963630162,0.002340354162074414
7.691005912824751,0.0007510079988738148,0.020362914836556306,0.47974469911124346,0.1907643354460634,0.009798729960317082,0.0021005621325034156,0.032633890020587204,0.18092610133175638,0.22385384938137415,0.0648339976142477,0.08330626839735636,2.741236379712114e-05,0.014314429110922072,0.004526697589034725,6.481651955180038e-07,0.12947426197657702,0.0005183758486236532,2.955797548766111,1.383225858236335,0.24555662685163307,0.0756141997261704,0.010620344792418654,0.13635650560823198,0.8674858440233102,0.004641286031750311,0.10463153838069747,0.16500765534019288,0.07000690984195077,2.726320863096575e-05,3.869481311530581e-07,0.09441434795394044,0.13934181307210458,0.00033960275811296313
8.452502239160617,0.011187893156182679,1.5942861609194146,0.5129876306146746,0.0893716025895818,0.015391814429327404,0.03795262157311354,0.19119931712389712,0.0002647493448726473,0.019664140920924063,0.001344691801416526,0.0219490472860626,7.513700536542387e-05,0.1549921379044381,0.034897376950339135,0.0013045802402072548,0.6029432433981812,0.0008327418355581557,2.827694879313849,0.7697142801334221,0.06931423742441042,0.004073811985146522,0.005810867892171547,0.7004228580877628,0.04269539081974634,0.0026214956996632346,0.028406737935155472,0.178321802018471,0.013609231096614969,7.488253487987949e-05,0.0012966930376818976,0.027322177296915766,0.4900019611273852,0.00047604566378446503
9.21413611204482,0.02716509336958064,0.07211674641386731,0.0024164635152359444,0.8510369314180497,0.11472674387202295,0.00018172025895104855,0.13542063344492866,0.22635238554561682,0.6851494940659013,0.020557017860956858,0.01825628508046709,7.789398083893328e-06,0.05306740588801027,0.0078426482109044,2.5170410417461153e-05,1.008246576719319,0.0006427118783020836,2.5938475487501225,0.5346154202841079,0.19727661053467438,0.27354457429553153,0.2873965724201901,0.012360326021992944,0.03222580987206946,0.029675948381342743,0.5108221243477941,1.492542091563322,0.013203103022054392,6.585168642598662e-06,2.1321209567314086e-05,0.003945967555162993,0.009334997732375972,0.00010529353525340635
10.015861650150995,0.016298876559950697,3.4339971729290704,0.27169005334282725,7.276693469711573e-06,0.0030097806304868026,0.001823743444997659,0.029782126899976682,0.19583680904627238,0.34561722276286844,0.008653847768059412,0.018595360861791338,0.0006944917696471673,0.01948883912416556,0.007972496713708881,1.510738097387365e-05,0.15941906031501651,0.003619802580853621,1.4418109963357875,0.4755996136878958,0.17560104402865026,0.7584276428626787,0.0067381661318251535,0.9403657838981155,1.0158466457375381,0.014670028984570802,0.0010102211364211276,0.23896251854315512,7.217682465006618e-05,0.0007091265771512165,1.2376237732852826e-05,0.09024546459600473,0.33722292951398286,0.002044846230699703
7.866325120855876,0.0005326535046038188,0.07558449042383059,0.3444779390611642,0.8833958569814642,0.0017270389410113127,0.027258920932666474,0.04939127778256702,2.562329297977744,0.0014752080431178858,0.04746390867897219,0.0968702517128829,9.765529536446703e-06,0.014995632548138956,0.055306358696422704,0.0003931902256411424,0.1325115868952166,0.001426331427272355,1.170461061290089,0.8406089366040369,0.17918998637167372,0.0011770216162594008,0.09570874214472823,0.5198205863789318,0.08325322960274646,0.0048355827657353325,0.4766673940747654,0.004566942686861605,0.12109227744333843,9.23264485217577e-06,0.00037282061224290145,0.0012007919507851983,0.07150532524263674,0.0007054800639408897
6.858290091102064,0.009569421422643212,0.15649458162378918,0.29888801718085733,0.28358660583895295,0.011261690511006053,0.24483445164283518,3.0044072433663806e-05,0.0030274304196731736,0.6573620117806892,0.067340726108896,0.4379899774688231,0.0005854888540383135,0.0004055226656597229,0.03458866439153034,2.0982765482019077e-05,0.13875712415958968,0.00011479193139474972,0.5045158594445172,0.16678750040233015,0.3491109074076676,1.111703996376769,0.5040797416608518,0.4286378155276939,0.5684067486252962,0.0037992686579879304,0.126456584883861,0.3779025690887732,0.03593768395738947,0.0005722330806035382,1.924633753337696e-05,0.038188110410537005,0.29710327145448145,0.00021102094747741033
6.342982836480817,5.668400160365469e-06,0.012873912349518594,0.0010258657711397145,0.0035467344522395606,0.032285268282087776,0.20726423768617847,0.03818805312618992,2.655776046553396,0.032086955814748776,0.07264976093184013,0.08737521928625164,9.403090678030474e-05,0.009529220170585221,0.024807892203673607,0.000496866754720886,0.3129088999906115,0.00246542860047543,0.5264865758300749,0.17500393336857473,0.33141328732670083,0.14748290385498203,0.34951143262731643,0.005904435973797599,1.0726592209205852,0.004843977175952827,0.00025272541331815046,0.15214072901362072,0.04431530143052937,9.617595662659072e-05,0.0005060395345401025,3.3050349509534504e-05,0.038643201941655624,0.0003097844824352608
5.86486152876739,0.016306175214820383,0.17183460387048288,0.045992958280712336,0.904685476478923,0.026338410078035158,0.0073042890118059575,0.04694619430816758,1.8500565249345275,0.05447802645694287,0.00219330848700901,0.13155350744244587,0.000115552849708138,0.033582640776226594,0.01922969248909514,6.227688723029298e-06,0.1583544480897945,3.3901519966057138e-06,0.44385080794794823,0.060651035892685654,0.16205436242238094,0.011734458908974281,0.028114217293323904,0.43675021794515356,0.26626079932288693,0.0003881815609717129,0.5122484026600707,0.46290438737736916,0.0048618200048270895,0.00010329759041381363,3.5157716095806717e-06,0.00449201930839236,0.0012700403488179232,0.00019253780214800362
9.02234642949286,0.02525948993453226,0.000109658762184508,1.752102359169009,0.28380101003888114,1.6655107821896538e-05,0.0008920074366407535,0.011067690940996473,0.012024289885630637,0.34273401248414964,0.004256034550738274,0.052028993235395726,0.0002875443480676794,0.022344402318338667,0.0069384154562978076,7.584647659106543e-06,0.199169827824597,0.0015315615217929188,0.357379863714153,0.14492880595018987,0.380547508702433,0.8975556953317462,0.02761011715397081,0.5633724155967574,3.5353787823891643,0.03152857354957573,0.1319343990422454,0.04027635656429498,0.00908968072905085,0.0002729577202823144,6.817766117430015e-06,0.0010216693019167817,0.18615905586647893,0.0007121924517492534
4.578222418429642,0.0005527311483438508,1.608555748540421,0.01771442408292467,0.00045957990191669557,0.014133910522751446,0.061942114981983175,0.21738092220506788,0.046392246703108875,0.18750877295101157,0.014874892384670073,0.15367237283727023,6.858929829879037e-06,0.21436713203711286,0.013729144042458738,0.00030898859359264363,0.4889844684361828,0.000816982245838953,0.48079612561130064,0.011104339664409824,0.5170752443948144,0.17128048005522106,0.004169013480003128,0.09169039269348825,0.06415193520747582,0.00018464232234728805,0.0021685552923351556,0.07827008513451655,0.004686207782286841,8.124696182988217e-06,0.0003275611427219984,0.00524964714659703,0.1055672032545535,9.15700069035947e-05
8.083381316352698,0.01651937055902447,0.37687824070707965,0.021331697770534692,0.24473929338835426,0.0021991813103970394,0.0013500514726623668,0.07472311383824985,2.353435242244809,0.018636078450702025,0.0035978863354278233,0.04052025855707909,0.00015290698579917318,0.0502683697132144,0.10878211111208462,0.00022920628219484903,0.17437543062900715,0.0022061004484720515,0.24088020247708122,0.05655509066787295,0.3216416334652728,0.6954081020054503,0.001075258286682773,1.2598174211674353,1.4702038145521454,0.010163137700934391,0.150657687551258,0.01229222058695482,0.0214240892651498,0.0001558665404710935,0.0002219674809566142,0.002309442117366042,0.35017886211652816,0.0004519805660453325
3.7399879597002665,0.0700834727891491,0.3039699194742096,0.34512459548630225,0.33185516908642965,0.0005320846879648109,0.048973491829192306,0.016218804772986463,0.11960263974168793,0.3127245611913677,0.04289053878439181,0.1577866983412678,2.8681707722666347e-06,0.05110498291222601,0.031319798596579386,6.697702482281616e-05,0.09069658666335827,8.945783508580073e-06,0.415843764097616,0.01768727052688963,0.10258873316942617,0.189796090819831,0.010531678954616706,0.058632891142217626,0.6750706950948114,0.006563089204920206,0.1579992956873854,0.03910962114017185,0.07527801349618635,2.370952083114718e-06,5.9253017731373495e-05,0.008870947115695192,0.058978746579447724,1.3363365020486289e-05
9.87767495589074,0.07175464964399607,0.41830786090946775,3.836895314784165,0.2530023280559056,0.004884118926204461,0.35325458811961663,0.04124600248974453,1.2109400091014833,0.7536358110187967,0.007755416007065158,0.7494246151516705,0.00019849596381382397,0.024445639968006496,0.00023201921127171657,0.0005245856056173903,0.0004566802415782129,0.00016528320041249314,0.39613752292047427,0.013260616725129112,0.03294505332768421,0.3241683591421126,0.0126622173696881,0.2304223733808468,0.2731222966756086,0.07980746751899676,0.116792417664305,0.00045757251932417454,0.023969729238984556,0.00020702301830084364,0.0005323091348843174,0.00012653837753159514,0.6449761249298637,0.0009639155481913042
5.109641469872918,0.003476015631809511,0.20031770921035785,0.2990929769316868,0.17362584305654552,6.859932591231748e-05,0.014655015001008007,0.03679927423624589,0.7343270634818967,0.9467967880089584,0.004949483774172174,0.08417650049696236,0.000403177231044648,0.011944864413225358,0.015992827518968796,9.276256110500396e-06,0.06069566481057506,0.00022687759013218542,0.32122980400643875,0.09608415656381458,0.2057134238387094,0.13732399122324054,0.11898707701728675,0.26717593421034364,0.005325704163409783,0.004221429259135022,0.07436090168169658,0.048648707130544394,0.002082848659245735,0.00041228254040527774,7.641886599373907e-06,0.0012793885237493787,1.2389867602417715,0.00024346195091491402
6.450624195257746,0.024666212840515865,0.3041160833066505,1.328160995100133,6.963430082875675e-06,0.003912957965632386,0.15888210776863057,0.040098411830253915,3.03235850638438,0.07264425091335548,0.09277890474038887,0.010768112463515046,0.0005498095259780656,0.05040270090917848,0.06849002198581035,0.00022100614510139451,0.17490014040759785,0.0008762757451820565,0.5740944569843002,0.1082221941024738,0.052583048057789725,0.06288553869472266,0.02438197464631888,0.010090689582063819,0.17141395358157094,0.023758641666418404,4.750568745067067e-05,0.003302008479581891,0.002879217502563259,0.0005355326980034358,0.0002336005975372418,9.728865094032834e-06,0.052341555067473226,1.1087581998525112e-05
16.57116926479873,0.0038828188319881235,0.3426429874830827,4.872072211804043,0.0010876571032389709,0.01971158322637608,0.024785363920486924,0.17777607329453343,4.487139939511069,0.6822421318064753,0.11858998853476913,0.20096759557487695,0.0032901424198211156,0.1818532121875642,0.6221759310044489,0.0012727722545151272,0.23949634074180737,0.0024574679270632617,0.5949169513733837,0.2816700810295946,0.0026094960126098856,0.13136948003186666,1.201334892030462,0.46694305207172315,0.16831989287962817,0.023184430114043454,0.005309823746167243,0.08230473351995891,0.00041610971696748496,0.0033011900027329895,0.0013170247268372384,8.356414718146676e-05,1.6265052116866263,0.00013911408278339157
5.459994465221147,0.021791523450769422,0.1163403921138387,1.5711784675790534,0.5244866004941264,0.0002353825585755935,0.022996363104090065,0.18136493845489213,0.21454412733097142,0.21231017921906903,0.03292979818397403,0.1022201088996997,0.0014083662057014254,0.11877047813738799,0.04351714649180267,0.00116899798912826,0.3883525789696186,0.0031348475554343388,0.9352758470599404,0.10296146630081937,0.015052536016550147,0.07567003536292258,0.0003199859439841776,0.07559605137555425,0.028122766711837475,0.020248190126821268,0.27530579365061647,0.01900154260753631,0.0072127085615110356,0.0014370848167862126,0.0011459564422073864,0.01789718790820127,0.3273565184281186,0.0006404971696069151
7.953473832628003,0.061863723374930034,0.05468458487631843,0.35186609881694786,1.5115511838378368,0.01189672054307673,0.25507339512391036,0.11674908036024065,0.3323757438759066,0.014793016922893153,0.19642114381651152,0.013345283149232126,0.00022521488235218841,0.09523833797778676,0.008807312744579665,0.0008260329047116856,0.18363614667651673,0.002799326626748647,1.0504887910802454,0.23497668106948472,0.010313227662714036,0.22287956009626028,0.021171038539160823,0.21804034961421592,0.7125871269604133,0.07240815098319188,0.7540930810236314,0.03910868148629155,0.010866281075142514,0.00021851967523602456,0.0008311341746753595,0.0003940740806938661,1.3925925875642773,0.0003522010318676927
7.542099616031336,0.09358973965231046,0.097244798300708,0.08999114629934092,1.7619347606328741,0.0008177121911140598,0.13853910883100892,0.05196059981761841,0.0021840820383516894,0.16176524861131858,0.009589866037558736,0.010725602716122799,1.1458413006524679e-05,0.07918512894716016,0.00139720923177451,0.00034792423701792736,0.17270271199834428,0.002508019551749453,1.0531599925324668,0.23012732938509547,0.003105512463778856,0.009336889247159431,0.07131928257254484,0.5640380096609042,1.5871718203392757,0.09571684665135075,0.8417146218379333,0.013163984813086067,0.03610641445482744,1.1228164658580392e-05,0.0003384516997045598,0.0011852338305114148,0.3607023864803481,0.0004064943903103357
6.414024014148127,5.04905576423052e-05,0.019532585745922485,0.6551947368156518,0.21216465709152768,0.004039946783051761,0.0022874823671687134,0.0004650172497543891,1.0575269924100223,0.2556197726960307,0.002364267047434857,0.11280446472385924,0.00016555437993240002,0.008254665495269554,0.050473947370987066,5.531121856971163e-05,0.020121668904744445,8.882666330730436e-07,0.7627593003960907,0.2057350727383383,0.01462950435231362,0.9680256831245073,0.007213866543555457,0.1069357291521883,1.6298132367413292,0.001730079260282148,0.1092260248100068,0.17422230515276316,0.01237065206256438,0.00016892574662122855,5.503066231853535e-05,0.010321057663866255,0.007089229498177342,0.002605867119000929
9.397083450820459,0.0031493255445226736,1.2071973569866008,0.05421764945099071,0.09744162907870539,0.012775188423752498,0.15238746551277269,0.013264678528386704,0.31226752600651364,1.5103893703598086,0.009191060408012397,1.672235208361964,0.0012107062675132483,0.013034717780350303,0.010175380807565287,0.00036958394519403745,0.09069125820427781,0.0024797518200002006,0.7555345835978113,0.17169851678861403,0.03211493803353367,0.8812758307773861,0.6409477753664568,0.817579026222592,0.6463962185953238,0.00010087009917892372,0.03701891409936403,0.06793704508057723,0.006387994092188969,0.0011763145292580505,0.00038690572145074815,0.01748347742245918,0.14791303146168266,0.01065415144565089
6.428488211508185,0.0020115559219217516,0.7662366757111251,0.01840757330973546,0.3918008340887982,0.01309422566628796,0.06494020401832765,0.034882834675334436,0.4147645081557885,0.033250266203434534,0.002724919707688835,0.1797453321789935,0.0005762231822908317,0.06569654234864214,0.012989211375329681,0.00023507292529779066,0.0007590374834601139,0.0012391333411661805,0.861857869192357,0.22394308328116233,0.008398043063606064,0.1494991085276294,0.3679688596956227,1.4950855094314182,1.0183311242145208,0.0014345929549635242,0.23914555446551253,0.003929585134200415,0.005072230124402449,0.0005561603934867796,0.00024399454950313406,0.0003173910399488701,0.04776906273238553,0.001581892413841846
9.218697170385049,0.000807137862839326,0.03450641970400336,1.0101634079409243,0.3357635349376128,0.02441569899327652,0.023676681725002216,0.17112029862375056,2.2489393209806385,0.15946897281792866,0.0890350347971635,0.1187687977632211,0.0011196257608280524,0.14720906746388351,0.21933619081448438,0.0005735816253756381,0.0282186241499377,0.0057793101565591105,1.3104937049633094,0.7279582624422715,0.00017942531029137694,0.27513014363374305,0.10637404335928198,0.057497222603381484,0.30834733661790203,0.018417144242565516,0.19122020686927216,0.22604073629788085,0.003967830644688667,0.001148375476102053,0.000558928153466591,0.000458878365983808,1.3717280310646134,0.0002751942228662167
5.083985348138264,0.008544361022710166,0.5386250423765799,0.08821334903473765,0.026887416027246386,0.005678918313835108,0.13722593239848244,0.003999465190099851,0.711582564179869,0.04191707864845255,0.0011588642208884103,0.007268972397447681,1.714899884812463e-05,0.01019300203217469,3.446431983737106e-05,1.6253427510330168e-05,0.019064160816921957,0.0025162357668210276,1.3222323451119125,0.5826196575894157,0.0074492382194751875,0.044451579048066826,0.12715183268757335,0.015409063100701904,0.7219275178725569,0.0005102778173903071,0.010898041085573072,0.13499270346425374,0.014710275236683952,1.5681422656697067e-05,1.5324117841883906e-05,0.11637591863516371,0.38228206252656605,6.01029969735628e-07
10.183945856986117,0.008108701601033238,0.18785394900122165,0.17003250886890592,0.7504555904770521,0.00013319521243167903,0.236415874898628,0.03884621781433991,2.409215949887739,0.7234031497827149,0.0409112429740413,1.9826151115051156e-05,0.0011859949643328504,0.0443460050468445,0.0009843956909679635,3.648547277638858e-05,0.13180658875227766,0.00249953519611704,1.8160094970473037,0.41915649029130775,0.12271233466724318,0.3228121721851883,0.11643743339121189,1.6646191124862266,0.046545917657719794,0.004076616762048182,0.4363362856205284,0.0022480393201901295,0.041886816910907294,0.001199583358412376,3.28948522576818e-05,0.13494378002058754,0.30842753523066196,0.00024613539178432273
6.081261835072153,3.98289565728871e-05,0.004065372928717299,0.6892294088871606,0.5411641573087121,0.005719342696697343,0.020283669906445027,0.0763225695530912,0.13010361399410056,0.1701285656472136,0.005278813020274337,0.002393206612083382,0.0015199823620870199,0.11527572368638536,0.025406985572527983,0.0004399847021081802,0.08703554595198838,0.001959473488601457,2.0524745691989743,0.541068300634737,0.05574522690424344,0.009225760395114989,0.10846674881220172,0.6116666059456022,0.28561692935710986,0.0014846017724990353,0.3082227590042433,0.04914321247064493,0.0031313021124123445,0.0014978048042191153,0.0004593070829242218,0.07159257380330304,0.10509463708057136,5.250418586293675e-06
6.98268517235131,0.07571692408208276,0.2605361477344981,0.04831871011221487,0.16728329290200833,0.004506511956812063,0.00786987861842897,0.09435564747683808,0.5036456012426747,0.3463868704182863,0.006768058547519794,0.20684300078522033,5.51981299840123e-05,0.1032746965141332,0.026879807260181222,0.00045793987058579045,0.09399159335816792,0.007075537626999231,2.406853065900096,1.0472239933244574,0.20396561197312368,0.004658746281442234,1.080926200902436,0.08786249767447613,0.012744162161207093,0.008978984041452764,0.06957020587491711,0.004605644280103002,0.04366103327740165,5.691152348323677e-05,0.0004791255446493217,0.007905069179538033,0.04803579629023788,0.001192707485653796
8.824645693181228,0.005714729564664371,0.11415399132469448,0.07209880577583579,0.3772544903568045,0.009214409599120914,0.12989297809329417,0.0014613225142695156,0.6329579694876494,0.31534136538026936,0.11339938293527042,0.8228821905915016,1.6361198717991118e-07,0.011344099670150406,0.1275701552796688,0.00018596721456673362,0.020744536903544736,0.00016621326737662463,2.183496548317296,0.5144215450010817,0.14202531458950024,1.8444997286563747,0.002309616806922726,0.18898145548487147,0.014836597939109455,0.003183475720116791,0.19505556285538891,0.1487003890751061,0.08230918022258572,8.919358801448075e-07,0.00018049695914313383,0.02436219066057226,0.7222169914461686,0.0036829359404418798
6.709877157055868,0.009215477501782195,0.38800727487947756,0.5176584885808582,0.030283026068629496,0.00010569930312943267,0.02327660207027075,0.0065598771358410185,0.016471151362205116,0.6082206569251307,0.006136937107796303,0.6794256256361524,0.0002337629014964861,0.0007532943680904346,0.004505667929807953,1.0962876188298538e-06,8.939540383232745e-05,0.00031635012960711553,1.3363170348727824,0.7067636265541801,0.13364188701531274,0.40604909366032826,0.5272599541153277,0.4407138514448201,0.6325305662615517,0.0037219358312606324,0.014467226499778557,0.07881924025286358,0.003928452236871524,0.0002477549626169205,9.777336012863192e-07,0.0673516210545736,0.0651494193345089,0.0016541316337646713
12.335235824357072,0.012667400184415504,0.25233838451682417,0.1337428341660019,0.5368413543221856,0.0032551538169753305,0.23403333644878876,0.020694768379644887,0.9108949502795812,1.223822912214731,0.009559873639355601,1.1126585870017272,0.00033383108892463776,0.006938928434222397,0.21727314434112124,1.2245538319218104e-05,0.023000945193737972,2.3749715832516074e-06,1.7024556845266396,0.2093644955224885,0.24377337055204087,3.0983440197903755,0.03434971687740564,0.5567260074402381,0.1893783703950338,0.04868976790203071,0.22827411349394053,0.13059429214316726,0.00542366201200422,0.0003497794025312676,1.1734295389613158e-05,0.009710317798764724,1.1677769270423062,0.0119425406245759
8.23562530238699,0.01938731739734358,0.760385775965791,0.02101391605975931,0.21472182978628507,0.00244804195970698,0.001116022172777629,0.06524461655973167,0.0877096578016364,0.5372711773042822,0.043163737125719456,0.03364783464024271,0.00015457136027373583,0.09020952481953372,0.001703946782824765,0.0009903534140292295,0.1876698044870152,0.005544178934501601,1.5528666093195431,0.47625070737041925,0.5406190718234299,0.18971976324594042,0.0020323205367743626,2.069940216902374,0.25842847824770343,0.02442078603825016,0.0840521657824048,0.029731464241763525,0.13109956982701987,0.00015300915457106516,0.0009839762050917677,0.042908083804181193,0.7596182780803177,0.0004184952357509049
10.788754582776027,0.029464121133620447,0.7161475881833116,0.036893990645322144,0.3266291770241364,0.0053261311257245475,0.056754812222050414,0.27267805657279104,0.05997106447987646,1.8160771453075297,0.020885616934365643,0.3645916022886566,1.1798221604120275e-05,0.21308282394566833,0.026543422027050446,3.079990017446307e-05,0.3451664535867016,7.365068884765557e-05,2.8785658333189907,0.20436311004604849,0.37428369948284196,2.4201082920199264,0.010825052018438733,0.06559394023511038,0.10865589311937601,0.03506719725311515,0.12524269844215752,0.050274222619048826,0.004076874108062344,8.981103060867745e-06,3.0481013059190826e-05,0.0010126195628378037,0.21646284136796962,0.0038545927785498214
6.94896539729413,0.007133906191679308,0.028698221815802782,0.0972457771953091,0.45986463890008356,0.0031097353473214795,0.011196171201440983,0.12999097501239618,0.008652047371683182,0.06679185832280468,0.16272192583229533,0.2812444878519618,0.0006294322724675547,0.14462910788291605,0.04495004449307487,0.00020446231186620672,0.11064709969081532,0.002926260471300068,2.6292718470037655,0.5274790672477705,0.5637319416103973,0.2964085889141069,0.42749347949433364,0.129084773443255,0.14580452173130526,0.004716795806716708,0.25059267569169474,5.368718130183433e-05,0.05269797945441456,0.00061076004803275,0.000190143364106061,0.08748036349065849,0.2724151399316863,0.00029748071536712267
20.425783072254067,0.06180870719432439,0.12207273105321827,0.7466864624948351,0.445925402151183,0.0024435773266172148,0.1116549154662242,0.5335753512259163,2.8133223432971244,0.14762822716231289,0.0191581310672361,0.5697693619170163,0.00025405130446642845,0.6416515200847502,0.18290172714623498,0.00022313071826319075,0.8680819414143458,0.008336368508879505,3.583527213909945,0.621154451126166,0.24724080878393223,0.11109599882548754,0.017819556363264027,0.00018208972974572142,8.219980731513969,0.012115425735463311,0.22333750148832085,0.003155181208667769,0.0798870780618109,0.00024277083771439902,0.00022170625035558087,0.026717251224069965,8.816240244363472e-05,0.0035231952597620016
12.99149551595246,0.1322865915297385,0.4787668264144115,0.6258661659919885,0.7198693558446871,0.013834601760013034,0.06222678674081513,0.2428228599228234,0.07424264472689836,0.5490573652878995,0.03409506822005198,0.027430562267670384,7.411020260162875e-05,0.1206329434111704,0.008464922596349064,0.0024528148371400615,0.5182358525692579,0.003349427009630698,3.3627375925665026,0.5897459114671415,0.3630292343410755,0.024705199509510705,0.4213340682056431,3.6304771740166917,3.150892606178501e-05,0.12983676801168278,0.2701342386463408,0.12566936281390606,0.007362774928966194,8.13082353097762e-05,0.0024084988504740994,0.06030946256707474,0.3898602416494444,6.327188348809746e-05
9.939286851905816,0.008404860992253384,0.33748716719500094,0.02249160516150756,0.16329344046009314,0.006739389117911446,0.11004237655814628,0.021754146870053444,0.14780035767559077,0.6286401850824019,0.1680015786730512,1.0984064581919943,1.3283704418532553e-05,0.004732964515926245,0.051379143445525084,0.000756170785144079,0.048136599764398075,0.0007292145961323778,2.6245147905871486,0.5456619030333508,0.022412191619894765,2.3541941614563973,0.07912849339494167,0.7553480068712446,0.1442011000525744,0.00012056180571480304,0.08415188084907528,0.2333771506811526,0.08250864040939854,1.4071748865375447e-05,0.00074015414943358,0.021205850467503607,0.16842142932668325,0.004477522662888345
4.814287268622721,0.012295265031420859,0.26436587649644433,0.32623950115878897,0.0914357229898505,0.000516183290684115,0.0008420744335938798,0.01578764875828819,0.521231405977711,0.004931340913544663,0.009283292423612055,0.10356701522413615,0.00015244624836034608,0.00729817663315936,0.01917704820231106,5.014855792669282e-05,0.05253557840400795,0.000966218099362429,1.8163625889278947,0.6138073974504711,0.28910670636804153,0.006469180307109078,0.012173282791942597,0.3938466836822475,0.11700761260713881,0.00017646243291454753,0.03549926178831839,0.0037547367179407,0.00959407901399609,0.00015288929303803488,4.543058596864693e-05,0.038552192077244404,0.046619972289786524,0.0004438494454655781
6.767839613627818,0.0005748553924621266,0.17482355629251267,0.30760235686313536,0.0023907225851830705,0.002177416613404175,0.08017239114718687,0.055294153241203466,0.1656371780163202,0.4801770305055319,0.023117092414533576,0.22956115023523013,5.280622275409355e-05,0.058037223764642,0.008147258519649331,0.0006303692890617673,0.005485805805735081,3.245492844175198e-05,1.496223326063684,0.20503717299357793,0.20856784709808598,1.2767710549846638,0.05485829943918406,0.9764538271193693,0.8515949472358489,0.0038223840834844037,0.0004664167425902821,0.0329563875822342,0.028928716369039934,4.5804817903010053e-05,0.0006198936927059545,0.0060091714627975934,0.029661110937045928,0.0019094311686159505
12.552681412774444,0.005663030797814633,0.21985201987975578,2.5710784173280055,1.4272478040136969,0.002166424416997001,0.12758410805240628,0.00936787721773143,4.262124827914271,0.6802458499978388,0.003828360917015428,0.5399914730165111,0.0001972676981226027,0.004086100429163808,0.02003255644773033,5.15917838955889e-07,0.027738935651112344,2.286903077958144e-06,0.7897067294716235,0.14643062562433998,0.13720868824877974,0.4465445095880145,0.05927087614162962,0.012656553575603932,0.24081492821600978,0.0028226671614216777,0.7394554486131866,0.05705851473012538,0.0008422602838680148,0.00019853614321989333,4.789214423942776e-07,0.014129512155235413,0.0008226394255521067,0.003510587875300555
5.6233807903296045,0.003420916271178615,0.0815689189492338,0.22352091448022518,0.006327280222517015,0.0021312552133074766,0.0011220755952228857,0.17158290977799137,0.30155846852690377,0.0010254333448057786,0.007631080619946857,1.045490984351291,0.0003481460549418273,0.19018108477847742,0.062238107608007624,5.3399002161018877e-05,0.17526548842817918,0.0052502688214549975,0.77565082974602,0.17010170199594712,0.07775228955684127,0.03392883014256632,0.04983426727925005,0.29267394201044106,0.9985219629924275,4.2594193159430256e-05,0.004650061929119753,0.18941763944945356,0.06803294273928318,0.0003511247276166267,5.926556552024841e-05,0.0039791396802329486,0.6780717253789702,0.0015957408969087376
2.9397081632070234,0.01273840904629363,0.6854467533091908,0.02575922899638302,0.20040867993939815,1.9207679729936458e-05,0.006569313175813361,0.005110850287686467,0.19496817540271588,0.519034355089186,0.0010716385334281534,0.18489196936599492,8.222511410238153e-05,0.002163772145710875,0.019846153328739034,8.035313564961946e-05,0.013917761595211587,0.0004266182041840089,0.3512787045763661,0.0035303409485820916,0.01957132039478627,0.013033907872519394,9.784622580421572e-05,0.4049363347669507,0.019509074795564324,0.007856796723429673,0.104238696140398,0.014636135288848525,0.0024563440415978376,7.750897637254518e-05,8.474785372521569e-05,0.01765543916733984,0.10739572526486871,0.0008137758204516322
4.996953963697581,0.000589039769679138,0.4273674999230293,0.794189354970383,0.6064894336958268,0.0013353416825786853,0.02383668075649595,0.01944266374145518,0.9028335001221584,0.05772646130009393,0.0034352539329156723,0.1948228819805013,0.00028771176037907986,0.02861772573391241,0.00014224483881937968,0.0008965044801871063,0.01121960841898038,0.001355360865771294,0.13005683641289487,0.04825458142635656,0.0248750759769021,0.06149814378318979,0.02441244056686157,0.02557251068878265,1.2107408134978186,0.00015605734116298068,0.3055331961596739,0.06697319322866695,0.018552871646668,0.0002861744048119521,0.0009006550063777522,0.0017956272850064004,0.002734192633968413,2.4325665271364234e-05
5.659155145682026,0.009530108756606903,1.1050946966813577,0.022873365856550566,0.01953890191984791,0.0010105731941732153,0.12014756458760516,0.01593336413241985,0.537865783839475,0.6786102970906133,0.004100938604158233,0.05065274841827647,1.0729418200728667e-07,0.007681677077339802,0.16446856136201127,9.006067841279315e-05,0.14942238816827613,0.0002774590429770952,0.0005528460515465824,0.005055369987403317,0.0006602420675044324,0.7506315709427781,0.5174781046013651,0.14134591795424345,0.42247872515110707,0.00669652053911812,0.009774102805564597,0.08831110632560248,0.00034315902111358977,1.8082765460651895e-09,8.175072636475854e-05,0.0007876707403822738,0.8253521197917856,0.002307340463587353
6.455772689628397,0.014014742294130406,0.9150059003699085,0.16771045053828162,0.026542588608270242,0.013408775685626378,0.10364071347843909,0.049731054910069614,1.6482094774133014,0.000510899017395717,0.0010401774761818435,0.30234360018782175,0.0007853906597840274,0.04435545583009278,0.016631364548537163,2.2476583192865218e-07,0.1282137466298523,7.134493554526024e-05,0.3051585342741034,0.0323703682881112,0.06458181632713372,0.012213574609128112,0.3059109890913796,1.7598683132583275,0.17623661262510004,0.0112440247528453,0.01779038451483308,0.07544184876165295,0.0005534315078009395,0.0008188073831841934,4.457013277925858e-08,0.0023132258454330082,0.2530055568263176,0.006049249643843283
8.098179566764621,0.00121898174314191,0.001511427861232396,1.0244703673423927,0.037452976915206396,6.2690124023453924e-06,0.018416445768984106,0.112393594980301,3.6563378749361766,0.2824114795803825,0.037872922476253935,0.020430251187624038,0.0006505353664645649,0.07241900081996588,0.2561524225175311,0.0005942121054844997,0.2748747547985484,0.00012229526077649162,0.6124989139884358,0.14430401502802617,0.07950909080023538,0.22228953715597508,0.33006352013779106,0.015602423968326807,0.5705435050496015,0.023670016008744896,0.022140389514436774,0.20457283836869014,0.01138127269463033,0.0006598019601599879,0.0005724769054864365,0.04796398365635411,0.0086725743688049,0.0063993944860536184
7.356667322185013,0.0016317878802282605,0.42994297728441516,1.327685517265118,0.08047702404252742,8.825470667602778e-07,0.09416268205617535,0.1285512947087375,0.23276514056259603,0.3544273503734107,0.018248781557650195,0.4153798171507105,0.0016685418172946835,0.20286027551777766,0.19239171017720322,0.001228048228489305,0.5166713968172393,1.636611813001849e-08,1.4180600274681139,0.32757466801888163,0.01750788151556932,0.046739473611024096,0.1329940174087751,0.14972318435167228,0.17474265626551497,0.004072149558671748,0.04702243619716707,0.00047619637709484896,0.004946195260486019,0.0017020036532858034,0.0012163044180307364,0.04827961993718709,0.9752850489817464,0.008232214809033477
11.008194717598855,0.016779664054703346,0.004518738470885028,1.2953421153541194,1.1211390218965824,0.004111253175852494,0.009225612956831275,0.11798898421558685,0.013249485031956845,0.657022229672865,0.17720823261804253,0.633741687146695,0.0007353938473363189,0.11039347627548941,0.03509231426386535,0.0036341708626386826,0.10792760120704734,0.0018041644646796145,1.936989131915473,0.8043761659434236,0.031411876479135445,0.43362781469460904,0.4391677490834259,0.8569887442867519,0.12626897798802827,0.055056473945922106,0.5597301431108094,0.09761758100446033,0.005980714922453842,0.0007066865395268299,0.0036131510284700538,0.1911954292447068,1.1391502976451258,0.016399634251357688
7.296993803197517,0.0008621392414162406,0.12699556796767075,0.29055740578332007,0.038494865381749496,0.0020661847707286133,0.03614595068177721,0.10240671090261366,1.466743023158762,0.41375661493082494,0.030145330214735696,0.027274086038339748,0.00043729209826111744,0.13946993450074197,0.09457440090964553,0.00032515464657827163,0.15023140873506682,0.0003459631277446196,2.3531491081512472,0.7050575955884266,0.005798852015186258,0.2100283320445975,0.13630957384453937,0.0008469705002174581,0.47045140473118296,2.0070910914453062e-05,0.02338033675288636,0.00041054915147030317,0.14083046016732412,0.00044090239764403355,0.0003336631352168426,0.12702257281412385,0.19752727018873864,0.004554107713824505
9.380678941513088,0.0032898825045936434,0.014479460545770146,1.4827314090619526,0.03708675658219302,0.024757842369399954,0.1514857989046284,0.009349026599448257,3.2242922447721973,0.020179748937809786,0.0032788964225431263,0.06618603953077373,0.0004059042034443855,0.040244025694928194,0.1122585301368473,0.00037529497148465035,0.0009577326193163051,0.0006165454946173798,2.336046126683317,1.0321859731097056,0.02064638593553583,0.001303992297156386,0.1699530302140305,0.05468420033937006,0.1318524119788616,0.005826274378838994,0.023895492570297047,0.15819062181666657,0.10380826373503918,0.000416269038732604,0.0003552796598698469,0.13803648302384827,0.009070197673421158,0.0024327997064498507
7.065958324100589,0.00013886667879042913,0.037780390956388146,0.06469416930832382,0.2687614897402362,0.0116687726070642,0.09505039042222382,0.012149231355354255,0.07209262655061185,0.22939017242274481,0.02507405050449457,0.7375769625447183,0.0001130039357336163,0.007487517751101282,0.0021984379224856457,8.855817570435008e-05,0.015616397057853094,0.0034745229276747034,2.7485497544808264,0.9621237407595202,0.010158829348636088,0.8326505930993631,0.31398021990202596,0.2552570302122151,0.08603400209109907,0.0003353860046541438,0.1507910916111391,0.030780102948837047,0.017698933759664616,0.00011752342828411613,9.617742799031282e-05,0.059089364676012536,0.014931693920195287,8.319568623472578e-06
6.576015021343374,0.02875408511842588,0.25907568883873716,0.029581389586750773,0.08330209383095832,0.005818611182943246,0.01830791126636021,0.007938299504583727,0.1586318669450138,0.7724198135314203,0.004561279435235653,0.051228345622360574,0.00024428149687373194,0.009351871899378379,0.039277477729511304,2.0780176169541873e-05,0.0025863112104793657,0.000364286740685245,2.8433144106653394,1.3134220675724004,0.11437486918193471,0.010218913236614906,0.34139471495874996,0.09113077618444172,4.6888611873841625e-06,0.026918108842387437,0.030693706143843306,0.10124027013753521,0.008153256129637059,0.0002537935048010397,1.6969323247317988e-05,0.21929582946254322,0.0035856310873624087,0.0005326219354615105
9.696870848940385,0.009878825555148048,0.16170188328217072,0.08361616809863116,0.0055324293118438625,0.004273760527973001,0.1341720769054074,0.008526022302677898,0.18329093990216783,0.9246767357553659,0.017324968146538517,0.1091221661501383,0.00023065380932150385,0.0006486612185619035,0.018816653342102092,0.00018227387499244302,0.02817013070144689,0.0002346541717122585,3.727501783908427,1.6758209756886708,0.011892069085892083,0.47600692662131816,0.21597652682536048,1.419029003611929,0.025541020674974855,0.03373031228786434,0.010769049160068217,0.017624636645384623,0.007123256243757089,0.0002338112615409794,0.00018736279686935671,0.10959878873787382,0.2751676730357431,0.0002686492985118755
9.52035107120313,0.022777769331636274,0.5556848621509256,0.07261031566614236,0.26373443269932545,0.001005809622485707,0.0999509866652571,7.708574817057635e-06,0.11083302286765676,0.004549319596824324,0.014001658721738697,0.032177315816932076,6.204867147658021e-06,0.0003006802273061296,0.04698022374844591,0.0002788949424297287,0.04481462374585614,2.3467570226017057e-05,3.7363863643833266,1.740823675699609,0.07311934583813962,0.7130473310011767,0.06068938766145063,0.3850136493322029,0.0764726966470662,0.0016386042764662892,0.14110594969819695,0.001688415798401973,0.015020653706775845,8.079151717139365e-06,0.00026418200185402,0.43231642295137485,0.8713129869970146,0.0017060292432047226
12.801880220694011,0.10322719154035831,0.3928967912853136,0.9103476211414755,0.6595630164771362,0.00682492728254775,0.10845437111668073,0.1930056416485847,1.6369904629247593e-06,1.4134803312687871,0.003421830663035441,0.07756704988656235,0.0005486664250416611,0.12768780271003205,0.007803925121207945,0.0007433694035638123,0.524573533901062,6.583617464392371e-05,5.6193647117389,1.2901869613631012,0.022692056965292917,0.41206527832918555,0.21361961097743504,0.008493530287530167,0.008000441344311477,0.07366899957169804,0.2964129372863811,0.1596121407736926,0.0831446132370888,0.0005526144903948585,0.0007751239674978747,0.07054540236262637,0.010077729992629495,0.0024545249697522876
10.380051411382256,0.0004395565186984175,0.9498322640650023,0.2514068647689659,0.11967246475920768,0.0009376477170750078,0.027399273543343042,0.055222212367541754,0.0003317510135437871,0.19459052119691603,0.00018982661390781673,0.023855176012752295,0.002351362397968878,0.08235304294130594,0.03406220903219136,0.00011277330852037414,0.23046033364136626,0.00017704823861284836,4.381945010693602,1.2451405433492144,0.15580978580378183,0.09166443246986453,0.11520063696116499,1.8946430799882115,0.023155989363533993,1.1187020346662621e-05,0.08624307990348161,0.0010392818757791102,0.013881721463041561,0.00235409821625127,0.00011176270490109895,0.2512680329115878,0.14048220030262643,0.003706240217946993
7.144252046857037,0.009515129351191141,0.0594930278947173,0.007471128973166806,0.5668060240052256,0.0019369472086247625,0.014717633377238373,0.039757250887264624,0.11714345569023876,0.010442397877117829,7.957474567583151e-05,0.13635983315221345,0.0001785453256481155,0.0555755180458228,0.0012004558911435715,9.396708674294615e-05,0.05468676668028643,4.485826364970173e-06,3.8994739648499923,1.1560566811161674,0.06152797592809819,0.04339674985926759,0.009399987330632697,0.01671703463873679,0.1808170424908891,0.005493662917921395,0.2947538443934726,0.0031595763639155686,0.012898426231742843,0.00017918516955248026,0.00010305074190331034,0.1903289375822611,0.19314899450338874,0.0013347907204118831
8.946454194643403,0.0821834735697183,0.002222641199411008,0.5740740161259936,1.0520752373922495,0.011904201224524454,0.17961974333813024,0.12611400533430522,0.8291602228157889,0.19668192463714965,0.293237844339619,0.026822294511955686,0.00021697293958030002,0.10539181050867676,0.033104871722856595,0.0006036756852887743,0.05751547775821271,6.2039344388078795e-06,2.976443449638886,0.7134161502046789,0.006630652823925805,0.09191613324872536,0.02851357494034876,0.22653975829322542,0.5429895034427343,0.010351013657001314,0.522520713275866,0.03172487879169383,0.053210312150625216,0.00020416815579197737,0.0005939700168363996,0.13800584826295834,0.030545845624729097,0.0019136050774761439
7.788889074838851,0.006805922946943955,0.6151238376435699,0.23272702028600648,0.0775456150742363,0.003970242066963509,0.12705717482779658,0.04737024573647086,0.19812803746762972,0.6596750257082152,0.00016838721842969925,0.03560080124082143,0.00025961199561150164,0.022634755459466038,0.016883576754553604,4.18486055332703e-05,0.041234493017057644,2.697882009703853e-05,2.8049164495189376,0.6975292600546138,0.003293995254488407,0.9239521989823157,0.584320380052305,0.09742225393327032,0.023720149071130056,0.014308931393226056,0.04377887043066505,0.004660013065965381,0.0006716893914171916,0.00026160272726650764,4.287100779681426e-05,0.20589970929552037,0.29609297227692893,0.0027641535136006413
4.680525243417292,0.005013796604742231,0.03284023537794651,0.4582133452217941,0.005858594361218569,0.005197908435775337,0.03057790427037822,2.5967012776642656e-05,0.2548839158872765,0.014634582423126503,0.0036163929354534855,0.04298335704632857,7.033147919473575e-05,0.001286542318974703,0.0015242746371051873,0.00030194277691845977,0.0007262759974340432,0.0006752160748184652,1.5877392956774512,0.7039346719368842,0.012682384232420277,0.016479839047511047,0.005479084737120371,0.07476178780707071,1.1030011135291333,0.000112424600134588,0.0038012175155896642,0.05751299254029194,0.015273552833303014,7.88989644591549e-05,0.0002830094622483262,0.22935979937523465,0.010496357090521035,0.0010982312066564785
6.135312642199297,0.004033015768852063,0.21293010500448176,0.0021934638322201254,0.24069503954303081,0.0174544704672672,0.19541789464961717,0.000715500017661737,1.012882811420162,0.42965725749938505,0.002940185428727578,0.26765911168671047,5.6619193624199744e-05,0.005647351622846351,0.004165927995787266,0.0003062392381015969,0.005067260003268971,0.001976479095206485,0.8120916542756047,0.13757198447123872,0.20546178464747522,0.5596146444789849,0.27362369217060556,0.36195381467307397,1.1227354254003457,0.0012388883568733616,0.13864496033768375,0.02913416335113129,0.0267070253106178,5.339818873606507e-05,0.00029461200261943004,0.05090573690970238,0.011472675754071753,9.449403581644214e-06
3.468141884766034,0.005040316101908436,0.11918214133708326,0.4005724165491374,0.05478713804986242,0.0029010429402185622,0.03788326634824835,0.012403767409720177,0.3028003754083145,0.6509859346645059,0.010620000508502338,6.267733711108727e-06,0.0005028273281342419,0.00037654566475448474,0.0014138819333922223,4.492129684759942e-05,0.002175459181426885,0.00028626650825527996,0.21832501776246324,0.028773868327868594,0.001733574702456661,0.035407379381542974,0.062166963790545496,0.4874159503273731,0.8731189484307736,0.007717723037228287,0.04109391122898528,0.013615635633132036,0.006152714708559986,0.0005048004811637149,4.1690108252684176e-05,0.021767882443329233,0.06789708367704891,0.0004261717612865892
5.280200204362566,0.0007050553906111858,0.6224666643893407,0.27314225372749673,0.7064817428923058,0.0001579497639981053,0.0006668900712960098,0.025929866696023082,1.7940564250833926,0.08143132887666628,0.013797938205910184,0.09187379937856242,0.0001283127493117528,0.049133973366714094,0.05633294776320648,6.723541651538993e-05,0.01631148636453317,1.927591293777639e-06,0.02864285320965741,0.008695164543367644,0.056742588461205314,0.6368587107603383,0.17341281614462872,0.15012576787642198,0.005316958542319778,0.009685286616720062,0.3243713544777629,0.09147695452206717,0.01041500225293614,0.00012149122767769546,6.169007384843209e-05,0.02171562999856043,0.029799958044020875,7.217988385605192e-05
2.5553088403303468,0.014369728546805053,0.18243154944642206,0.21603440937067975,0.37188817559548953,0.009620205071799543,0.03363878293125413,0.0025382689652813286,0.12442765064569904,0.07036139300052764,0.0036420182487734917,0.2623723366664178,9.907142155284102e-05,0.00026009020661343837,0.004979008102543544,4.866608807323019e-05,0.0050393231215265085,0.0008558226383680485,0.13474039229885912,0.15153493970644816,2.1416866915524074e-05,0.005961737638429496,0.2216878512208568,0.4719576204358124,0.04309123005686864,0.006389693198705682,0.1779275988144438,0.025270963852414535,0.00500682723239451,9.268636748655648e-05,4.941075333111597e-05,0.006239197597655437,0.002275109900512498,0.0004556643213853454
11.13302855565199,0.0044884549106494155,0.3443544082847157,4.348631115655757,0.47722071558292517,0.08592065607001058,0.044474342974655016,0.010143930013505916,1.862155362376443,0.07938379548133323,0.002941840800863974,0.000645608118022693,0.0010240165372431616,0.029913365242688006,0.19465543000520727,0.00044108589431149576,0.049966808614303956,0.002505485317404723,0.3170051846684149,0.20283514824584695,0.07113552059070083,0.17782125482718186,1.0156184836637603,0.10427776785373243,0.4229625644673482,0.0034182502985060674,0.2878430127666651,0.7426218677724509,0.043146244093115474,0.001013347709022216,0.00046075538068469625,0.02032227460550704,0.18367361524667833,6.841582334220681e-06
3.2117275235784963,0.013506561102421006,0.11820610585130695,0.01093187654361542,0.09270063704408726,0.004200180484730697,0.04438412457163396,0.00354195211943067,0.12211684095940216,0.01745938776834434,0.0034946984728209964,0.0032068155157913363,6.760751877593957e-06,0.006401018485049274,0.005798478933462331,3.1176294817382944e-05,0.0633070075797757,0.001104183529656376,0.7002061400151492,0.1884983112441283,0.11357106728164515,0.06137658732744758,0.16044567928195638,0.11320004930054768,0.1376426241341911,0.00753804368000859,0.05463010077844547,0.03696563919863732,0.0012453927096420308,7.837867526946316e-06,2.6360300725357802e-05,0.0481055980143341,1.0778702771435096,9.292378021632925e-09
5.9142800166056295,0.0013047247218342028,0.010328581602686033,0.28906583990547924,0.2815919381588761,0.0005553989033842569,0.04896906202617128,0.0180802708420767,0.02792663788361263,0.70145009245765,0.08618829001649432,0.6349718925694033,0.0004277695240566471,0.014697745287221734,0.0682376985899612,0.00011776845781870253,0.10188341944059885,1.2345531727227298e-06,1.0483808960778738,0.32131515187072707,0.07064441115331169,0.4617992558342183,1.2109438191373445,0.05525135642887172,0.002915139804749357,0.0018697096345342006,0.16159996440898078,0.1457695820165319,0.04223903820322138,0.0004139613979589715,0.0001137169428046081,0.039085817672253595,0.06599163669087062,0.00014819439087838257
4.916725678981829,0.004238293207553241,0.03690508463839261,0.13577569959281963,0.03436513960043317,0.006231595584386903,0.011202794997208627,0.08220392551613313,0.3649037560590276,0.06981074212877483,0.008168321370356686,0.15241321065873142,1.7783968576815475e-05,0.10259875295582656,0.006990009307088856,6.777360769425743e-05,0.09623554034976957,0.0028867528648652573,1.834995860262205,0.8490933590618085,0.01775623444460984,0.004913518852248323,0.1967629789001095,0.028179165912446326,0.7255241176270951,0.012854956443405544,0.021678047638828742,0.04035557191382754,0.042544145866923226,1.8999682800561675e-05,6.566218404510199e-05,0.020639825102789548,0.004930242145897205,0.0013978165351506014
5.5269665006795154,1.557179368553505e-05,0.43531690489617103,0.12201800837866418,0.26771590915218824,0.000589973156955777,0.0043341636019944415,0.001485751313098739,0.06104453224240911,0.0013170172298855554,2.2120476020431346e-06,0.06304131354793938,0.00041651543835997875,0.001881537958268876,0.005252608696078673,0.00018342214662358798,0.03518602314111026,0.002824535024107018,2.0033317997137217,1.0214802151783815,0.32020268817500575,0.2744206090434615,0.22033986256385968,0.05940117175094436,0.1561820200501774,0.0008148971217553356,0.12592806965307526,0.17868382870820396,0.0016536728604754983,0.0004290075181421449,0.000182894905919938,0.15571173983276046,0.0043570868854475794,0.001220936953040746
6.344232606749812,0.027471982627264236,0.6127054081365694,0.08750283271399126,0.3230823869747347,0.010471132474733953,0.06201177679506042,0.006819621047634063,0.1632283207412158,0.3588478174659418,0.00012003173000718139,0.06113068816669142,3.8894663685865425e-05,0.011784920304960571,0.02101398864661835,1.2391921424926473e-05,0.05427262999360585,0.0005338325098360328,2.3416873304542967,0.7820101921099801,0.12834190184614808,0.195878428111613,0.340725693557798,0.0001409142970204773,0.01393191126802794,0.004558426429518731,0.17969349148549318,0.06244926868806792,3.1756920515621135e-06,3.772813638615439e-05,1.3354451428061032e-05,0.08918861557359116,0.40451123763322344,1.2280101192607697e-05
8.669106508027895,0.01575914402525339,0.19280431709151385,0.458132056902037,0.001377211393245362,1.0894363278617223e-05,0.05720064665717583,0.09727273478234497,2.392709987444493,0.015192914812837244,0.007790044412600937,0.11159933592318086,0.0008339472419097898,0.10318090562309523,0.07755253798283425,1.9726615768707976e-05,0.4446164608159863,0.0007141454567999682,2.392981534419356,0.5588798358990255,0.05325646855276978,0.20207421253588242,0.2775469357213251,0.44495040460651275,0.5637502951657053,0.003506941516365331,0.00016084919025910214,0.07873784395590752,0.07838018092115769,0.000840615958880068,2.117892255903974e-05,0.009891742545103744,0.027310732463481046,4.9724109249492753e-05
6.637513426968152,0.07665179997636976,0.20760792750717208,0.04611834360121524,0.1965378510545186,0.00010641111072646915,0.13035587422168263,0.17183580931043438,0.67985164415559,0.08033010775786034,0.03791433102604419,0.12930004629608116,0.0002730359307901778,0.19026873136167868,0.01173986286869695,0.0004157575359257985,0.25652898863805584,0.004194602561052108,2.2901385715067413,0.48256839497328313,0.04284677405214653,0.10027899258799988,0.19040088481314024,0.01780311257977408,0.8894886054880458,0.02187165243926521,0.09129918309266655,0.005542589553631353,0.005048692132332955,0.0002643899497819598,0.00040874266852959705,0.05740005807698915,0.2206473271734305,0.0014743309664985076
11.241891439185224,0.011556991862542325,0.3957631841636095,0.6176706179990853,0.17538231413620212,0.050311008883090216,0.278040138234587,0.046136007989154966,1.292741868017215,0.2938881337043662,0.0058892299639686264,0.0856209646503759,0.0015296509545482842,0.005319388698936812,0.001958351355407466,0.00040255102024146726,0.20797854968911703,0.001477072756461579,1.9901601791090795,0.6712509841219768,0.016357648426139754,0.09052331913400756,0.16408666933445273,0.8696966715280574,3.0391472402014874,0.0038284197938581364,0.08221819355866737,0.5528116730232465,0.046148263730218686,0.0015297485862625566,0.00040491618674403957,0.2201779014651418,0.02050543728618297,0.0013781496207900246
7.870293951873025,0.0002964776305081624,0.003997714015103015,1.5531870021939969,0.6073664518377566,0.03241895177555016,0.010602739267758872,0.0001413517071272535,0.726671994800758,0.5073631979637327,0.004236979782173092,0.012778096577833967,0.000314494809891494,0.0041768063394723755,0.1210896069562314,0.0004312860089171093,0.022891934004287212,1.201175815976529e-07,2.044904007392897,0.7062987040506066,0.06455342984090923,0.4375361400584848,0.3649311155186347,0.013306333744599573,0.023394769676657774,0.007660515452435897,0.3431313698234684,0.09727784085647415,0.03742738297764109,0.0002996818919063454,0.0004429619379873489,0.1026344086031826,0.018465739860755632,6.434439770302786e-05
6.335866590276895,0.009336699532067979,0.007923321087549447,0.008408628444624979,0.08862039700922873,9.846800710291883e-05,0.04702783086567128,0.02801459174866773,0.12734870982654778,0.9252921321034797,0.00014247888978827873,0.02983251865164052,0.00010825431569080612,0.017369270667709793,0.0881800950352792,0.00033008838306566087,0.1408567275388548,0.0016573315620596499,1.4884298147827941,0.6194184574282146,0.06874061965804854,1.5037041726932945,0.2515647160375958,0.11477529493744161,0.4457854807143411,0.001144664749670211,0.049093570565289346,0.09243897568949344,0.018936827525137902,0.00010929501569215141,0.00033191719741525525,0.15360326670936664,0.006195294089518099,0.0010466788145524525
6.033467907237206,0.013697682498116905,0.15954536157026833,1.4842872895321613,0.22401043016553832,0.00392324930728164,0.09922939101805668,0.09820853201616492,1.2537276252609042,0.013368974825779908,0.01698655394691298,0.04985533376440785,0.00030569159863779203,0.06701488371551492,0.04795130367504288,0.00036953195173924415,0.059753641822189556,2.62495829214893e-07,1.1904896390186985,0.14377991591216074,0.04361890840343931,0.5694056513127328,0.2133848283872898,0.031237406236540345,0.011949794190630672,0.0019116902071359915,0.112511715278305,0.0009337347116758537,0.005693657779558583,0.0002973944023348423,0.00038097238377465006,0.07518209606722383,0.040331031030336285,0.00012373275082229416
7.608769243247357,0.007991789842519352,2.138787024000828,0.5870070564542468,0.92284796419198,0.00423296047326324,0.0004227546579969288,0.010274965776237573,0.5481061797779296,3.057136616320928e-06,0.01112000068531612,0.035519402321866414,0.0012467041919449816,0.00019135461971684866,0.0005413690642961605,0.00031881423164108923,0.00017444877083166145,0.002057603361443254,0.8287944055032659,0.23433876376600238,0.0019252114917091714,0.5601478498352193,0.02135215044234113,0.5195162540785011,0.5065847050370933,0.021845077650593816,0.5139847469281433,0.0043707045486616036,0.0008383296546104578,0.0012481950832710727,0.0003353030398926082,0.11095894988297542,0.011162702882252943,0.0005224438641487316
3.9699721386936253,0.012479031331528624,0.531235391485965,0.38373658685821993,0.14529328896272845,0.00226531976683823,0.0005841516598039551,0.0013955351113357295,0.8512003987414642,0.030942022350980664,0.006971415767010444,0.27760910166877345,1.1846180674837223e-05,0.00042007919658886613,0.03555499967212384,1.3822287216743877e-07,0.004959515210293607,0.0006033370438247133,0.6073538689034805,0.097921098330977,0.018286814203188305,0.16327578155441905,0.5614369532817388,0.004684438683776734,0.004819611995263133,0.005280331658126093,0.07054769335340683,0.006792491474880335,0.006591619719104233,1.2876956257696933e-05,3.7597955444364034e-12,0.09202553023015658,0.04419099945054744,0.0014898696635161027
3.00575056358716,0.00016500411248940398,0.16813075181357354,0.0008977530068076513,0.14780399730546592,0.0022763726633920397,0.01210050599748234,0.0004947759609356519,0.03179773177093975,0.03225961057135319,0.00019645684456212555,0.23582885266709852,4.946294984723449e-06,2.703336298502675e-05,0.001615723256361586,7.921782333934272e-05,0.022513855045305592,0.0006383111992505835,0.5651886241362208,0.3529735030352505,0.007981779566809523,0.5900111275020996,0.018737677013867825,0.27504497556021185,0.13545533839784943,0.045029072907024376,0.0764947280523804,0.0003129750708772247,0.007982694531399501,5.8450838493571314e-06,7.318756954782209e-05,0.06523691975995302,0.20838114023229592,1.00754711955292e-05
2.731653674055858,0.0009786001574945676,0.25492396489403873,0.03873767731632142,0.45973006834968505,0.008875179460223764,0.022954393241687784,0.04407491206393746,0.08611389434593097,0.07477545351174848,0.04772312666345748,0.023835297451554903,0.00034514988486946925,0.03080129057703364,0.014040550471574088,2.5867212211639986e-05,0.00031111023138836265,0.000652892718806972,0.5805326835218076,0.15365633467584425,0.0003111965427673472,0.0039574165969037565,0.09500958364695362,0.18612248348050225,0.225497760949351,0.006823765283536718,0.26059200554600875,0.01006634208270492,0.005333563708668534,0.0003645089990069598,3.0352438809284004e-05,0.034799483593167854,0.059636546626185734,2.0217811674518345e-05
2.3920364510326646,0.02180944573177596,0.004113991636633674,0.15368262302554195,0.48403784656083654,0.0005807965729803367,3.754993332649336e-05,0.04493937559295971,0.08565185956530674,0.01585368566210011,0.01142136642104397,0.2947605844885367,7.029375233039014e-05,0.028403879745857404,0.0025374176785979458,0.000602821771231415,0.09598839990494266,0.00023979042380576336,0.2644582711886568,0.13424249761089183,1.3572342078713017e-05,0.0891972350069998,0.14021583468831536,0.12053796636788235,0.005629270108943693,0.02216255275532714,0.23085085914625242,0.01604022324483327,0.0050543997521216456,6.773495015266165e-05,0.0005966679884103997,0.07877672790743845,0.03636349576517512,0.0030974137413774193
3.857988354346011,0.00023237961301470836,0.35836745055457647,0.1913186837365281,0.030852071108467643,0.002388869430082943,0.018671270119219596,0.003793704167722997,0.03654969975776655,0.34602536128069034,0.008776687296388471,0.012633781685371714,0.0005490752037327296,0.011901588167894505,0.00917413362637428,1.1698346192739106e-08,0.031760142605609096,0.0005289129955796307,0.464167264869781,0.10348769468820684,0.027078450596002272,0.048393252883177376,0.0004963699509999879,0.6742823608855572,0.1624192670633733,0.0031668328717647876,0.012369073860393312,0.037013548971831775,0.011977947490255794,0.0005636053395049491,4.892823001364983e-09,0.04224726864903802,1.2067280909902165,7.34972957189352e-05
5.2955317127779455,0.00028760709405863555,1.440705120104748,0.02231649169050637,0.005805348468256572,4.304776371382141e-05,0.059956708519434326,0.005231401738076292,0.4621705301030159,0.8735708647791575,0.046376423164521854,0.46200070304487334,6.944876782153338e-06,0.04194134163985195,0.1352481669501463,0.0001765799878284825,0.08744326639779892,5.725787293297316e-06,0.216415419596036,0.05977832104510923,0.009134630245523164,0.2746765032972345,0.14510780714579363,0.2746393750910976,0.39125199688456175,0.02415820204175449,0.0032760230116809673,0.004806142584983937,0.013026862006853228,4.543131104533308e-06,0.00019250618309805555,0.0030775663543181064,0.23048344606305357,0.002216095985678369
4.370360360606443,0.011154631729786268,0.8658438960648072,0.010835966087393711,0.23904832129987677,0.00030494992155768,0.0047776814573982146,0.03249404020718649,0.6391136088887425,0.030772878372550272,0.01368739237528056,0.22819938419707672,1.4144346455081267e-05,0.04731739990359977,0.047001715865966895,3.082711501557316e-07,0.10006917939964957,0.00016283934612350506,0.30025163855348747,0.04048707207273886,0.04105379741516756,0.24246811274869076,0.02567538301850277,0.024956892143785343,0.20979414780963895,0.011090728204396163,0.12362861959859106,0.09788170391133877,0.023598865339281155,1.5715998327244157e-05,7.49720986693875e-07,0.003131530064560828,0.955518786496761,8.279775587874367e-06
1.2365301219207667,0.0025891452487278466,0.000568920440062799,0.0314283379764733,0.05657362445578309,0.009369415279059944,0.009463387199236417,0.00034269998164093273,0.23633148061398793,0.020733908248326716,0.002637865163294303,0.013324204895116834,1.2676255651826742e-05,0.00119984452650944,0.012619752489703233,4.3709335863432306e-05,0.03304780916569469,0.0002242177339396436,0.15487298880047862,0.0089963317766042,0.0800917951255291,0.0006739285159713793,0.1573956038949929,0.06307615467247112,0.05637522580678072,7.468182905088804e-05,0.03529807165576723,0.04374482559075922,0.012046122885197028,1.3255131752211235e-05,3.712286146728443e-05,0.05550933656126885,0.13766841055817866,0.00014526724542493187
4.13044233138387,0.007603048913708742,0.0004991494869111207,0.017823507278587978,0.07041078317785798,0.010125258989176416,0.034236256108926826,0.02698325041679362,0.0006555783644770956,0.34357459021144077,0.017957849118338958,0.028074803704380896,0.00017169784870098994,0.07387536035626596,0.0033999619506918126,0.00019743698649444735,0.0010488179948279306,0.0001575100582944094,0.16409673872582672,0.005065994429716013,0.002563247811111117,1.6763667672617018,0.0023494239380759696,1.0637452987659188,0.06254825127807312,0.00015082651034363018,0.043316073996478556,0.2725570586275825,0.02064483088746166,0.00017327266481361624,0.00019002568056416177,1.9418956898977403e-05,0.17970992901150398,0.00015031187192315342
3.237443623915715,0.02685310405283728,0.17616065359958355,0.06733949260754625,0.013850337983393659,0.0042981079095970945,0.1686650876996007,0.0015836308366989752,0.5353852996038815,1.1456039515176204,0.008041112706823655,0.08469857918361137,0.00014467845379229186,0.0003704814262721792,0.0042176871507211946,0.00019102147306130675,0.036583323447633306,0.00015121884444990123,0.022290730537170473,0.002808468801818727,0.025822147914085762,0.10768968790721646,0.00869864527329289,0.021719266547327733,0.70790903962714,0.004398748663328016,0.005438455723686238,0.03792404473960702,0.00032705494116324734,0.00014248258498195668,0.0001907277899105833,0.005124118345055679,0.012682648143775245,0.00013958787903027605
2.236557040556517,0.038941109810561675,0.19423432186108144,0.10860227203104722,0.021047344346432437,0.0013804426818079447,0.0011452799133866284,0.004404693824326003,0.006816588127492497,0.08365102880657976,0.05396858507230497,0.029029683660847513,3.391986721659434e-05,0.004960030633868365,0.001337671537929612,0.00022825830449223016,0.0010611313190262255,0.0003667401845735093,0.0011657213811487649,0.03726903863711231,0.0016402364976647263,0.7349893463646724,0.11137108525493894,0.5544768349955557,0.06453033433651488,0.007903038571683426,0.0068977479365867796,0.029849206728016088,0.10026261306420682,3.303313505040166e-05,0.0002145571537304895,0.007254864943908698,0.027341737250629022,0.00014854232212301312
3.779392805199208,0.0020041553907351505,0.07670724657070502,0.8371587708525531,0.016698067895786164,0.0029295671588856057,0.000875992780964458,0.09592375715772726,0.3479425955952916,0.24398965309265638,9.869194063452494e-05,0.9276872085552148,0.000811559304556878,0.1453438200951079,0.05160793632393089,0.0004701782616748434,0.10414795261176388,0.0006644429201982888,0.01614372461659811,0.011754526594056498,0.0945284973764634,0.3352494466402403,0.04593422718051025,0.17172336067696775,0.18342773308817187,0.002201078859530463,0.00688494940965331,0.026962985295249476,0.008972095121070639,0.0008047967496100486,0.000470530288775721,0.011989308731101149,0.005388359944097815,0.0018955881187242812
4.590371864800386,0.05872530138055569,0.24133210755529697,0.46896365629254777,0.0027933522031449503,0.004866163428904675,0.08059268046326674,0.03130086811132974,0.029953215182862564,0.5555737601135973,0.0034173523179635147,0.155276758946935,0.00021232811075647278,0.024539761606097412,0.028530831362671812,0.00026117646162528174,0.00011945305439585563,2.4581491079150425e-05,0.01584234301728668,0.088441719700977,0.0010044056780247343,0.09274162431078029,0.35898823213747527,1.4167963779140955,0.21474694796166366,0.036341417047063486,0.006493947793370386,0.07067880081675527,2.9239798327128786e-06,0.00020293476501845653,0.00025279814381994303,0.006756539528866438,0.5945862104428757,1.129347945029356e-05
3.6462940889791002,0.017107271144640984,0.11697811847368766,0.04122319239057841,0.0072402690696698095,0.0025305793450858026,0.06285051524050307,0.007807135184781841,0.45741056751512366,0.020976402198588696,0.11061208589581546,0.2714098601548392,8.86412790700371e-05,0.017905206754068967,0.000981698830387205,0.0001798580865045491,0.032540820396180656,0.0017678521284350064,0.010868084097334543,0.01727146006619718,0.020208109639921142,0.13568809751050623,0.5097176859688257,0.6686680253471011,0.6128807674894188,0.05453002872689249,0.008072845927637023,0.011122512972247797,0.03226988764129171,9.314019453767111e-05,0.00017239479473369384,0.002317566694831886,0.3907048707643403,0.0020985370553216706
6.565806612505581,0.02193843866677457,2.031455318383019,0.015106253815432182,1.078987553161455,0.013654260703380994,0.06694164764765774,0.014210006761663152,0.8383174540827389,0.16010155045604174,0.014192040466979673,0.01664234605683361,0.00013218188916854854,0.006139769819289954,0.056839892524661546,5.4739351488800595e-05,0.053629810519114876,0.0010832479213496477,0.06223909952963253,0.17355415565806098,0.0019895988910101086,0.08539995401800293,0.33504579080970537,0.05496865132587953,0.05869802655967072,0.03979651844421604,0.5719973249643904,0.17887928150267213,0.05255684010542565,0.00013077298071267345,5.513191163440315e-05,0.01934029214973897,0.5415571459394217,0.0001715154883567284
5.51277262039845,0.005367698066264933,0.6666029590032302,0.0795921893803508,0.08423510586056263,0.00930248092722742,0.19477157816637905,0.2481083848086904,0.20420398848098054,0.9057146382933005,0.0015739057408903382,0.6314159474375961,0.0009453485338290335,0.23229586218120635,0.061760254653137975,0.0005840272412878055,0.6989438946634137,0.0016594604896502238,0.2615311150364472,0.027156257665855714,0.1422527224679327,0.026904708630056742,0.034864262639604786,0.3672755046319292,0.04580713570059236,0.0025870859651350346,0.04489183524045661,0.10093647386586826,0.01738189077322399,0.000980785229680377,0.0005843567677346113,0.04515212014288038,0.36581713627498436,0.001571505438069338
5.6086991901277345,0.05164991998540559,0.012518347026416585,0.14444332716767935,0.2662174393921595,0.03077909826201044,0.014232555462772124,0.00408394678067767,0.22284756930318772,1.5722450286194636,0.0043370054559275836,0.22118683784658144,0.0007107791960685454,0.00046181650659721783,0.011645149334208908,5.86313015770873e-06,0.07958938049614242,0.00013014438356557425,0.23639052402297334,0.037511005426468555,0.13114830446435344,0.1801917015532486,0.14486223854355093,1.0941013100499433,0.36257234101673635,0.03314327680951219,0.1844834758875402,0.37783909065091964,0.002629960133899128,0.0007204586671796167,5.720544540508695e-06,4.467800098348806e-05,0.1858252138447823,0.00014568216208063334
4.856546263673423,0.006391456041458118,0.11235656601288566,1.297285589932942,0.08948584027112802,0.02285156151211845,0.052844437458558303,0.03078711561973433,1.188019905325989,0.1924935201324952,0.0009574090170155769,0.004507743780159801,1.4901547657790396e-05,0.036477318996317794,0.019567788670909754,3.729500464426262e-05,0.28389792359002186,5.23902948200009e-05,0.36269113484765425,0.10209118381544398,0.023462580777441264,0.11441722040021984,0.00024398477241510035,0.06487814131484743,0.3687920564631232,0.005059831734316445,0.03946438648258154,0.39398014070546755,0.002976910508499966,1.4834147376533371e-05,3.949203542949199e-05,0.018795514328411606,0.02145503293247034,0.00015505519886983585
6.5745407741260555,0.022802197241022056,0.006511794585379266,0.539008336793415,0.41580518474427003,0.012261120721652256,0.005805572996368713,1.0571483145621598e-05,0.2589426877403209,0.21732973667084776,0.006037102637941029,0.010547827345313841,0.00012154944052682205,0.0016166340733760817,8.079021742398201e-05,0.0007423205540515017,0.009714124525537726,0.00046894465955747103,0.08255036056473035,0.0704560573064021,0.16490857547463583,0.2974609341488813,0.21894309173335846,1.9684876110275094,0.25392034691135223,0.00633848219870042,0.24717069402319722,0.11003372633215255,0.014398506188185743,0.00012861415717502252,0.0007522621496531452,0.04761835851429141,1.5834182804865975,0.00014837647908187967
3.6265880909583776,0.00428096765261049,0.02067559841914446,1.1045653918167273,0.00011384591554978844,0.0016224283446431692,0.07193374578137479,0.027853634526165547,0.05671803273928187,0.24339919766673587,0.0055626985440016185,0.012457299382706247,0.0008653042233948239,0.013011808767244646,0.0607412223806733,0.00031037072169723336,0.12348851844983405,0.00017516099224049926,0.17136840366781328,0.06016089669119079,0.024788325999445138,0.3136659872158603,0.21425960944738998,0.19379436006050327,0.5252310233194645,0.0007160573723358715,0.0006521516936961833,0.12317318494961178,1.2984238668239375e-05,0.0008528556450765139,0.0003232357049235476,0.0005751069301568169,0.2491298589653205,0.00010882273289524055
3.6732504983162135,0.01934199588520905,0.9189271113889358,0.9442814710964572,0.014628249830258528,0.0020624866859995155,0.0121992121992955,0.025207660639767628,0.0190536673287766,0.0015376127474956167,2.8188647972479294e-05,0.0008282049126176128,0.0005590394281540114,0.011049777630442584,0.0008105127690937751,0.00028117035571433176,0.045889117509609674,0.000929993346996663,0.23806114187972727,0.04990593658061697,0.11940529212184067,0.0021878277991279837,0.1864969565156163,0.10522091546755935,0.544183794767083,0.006999542327151214,0.006922561301452833,0.019028051840495393,0.005915763348263095,0.0005721894803739286,0.0002718644529438565,0.0018043347387552717,0.36845882832792426,0.00020002496448554528
9.796521459210473,0.020520496766946957,0.19202405676408055,0.25120894092954416,0.0031958576164547296,0.005547924597273384,0.16527964289769154,0.1119630834053823,5.015175564054994,0.02195755549156113,0.0007426560096876472,0.31687881565139403,0.00019390954704165978,0.1732269936487666,0.1886861435177112,0.00020405721208019656,0.18065579774914375,0.0006548961262673282,0.44433993498220997,0.17467965860423113,0.07756920211344076,0.31811624160489765,0.0691053238690452,0.032880629907848985,1.9277814851489616,9.639982260297971e-06,0.0018933733230648473,0.00962974120496388,0.07795555365615263,0.0001918835102641547,0.0002013775887926753,0.004633614547146633,0.008177307665678056,0.0012400995154939955
1.7527160268708688,9.690998037344738e-05,6.547250848022128e-05,0.000588519607999109,0.21799522770797106,0.01818689821676918,0.0001745368797508869,0.001525789170374379,0.00011410579452833427,0.03946421543609067,0.006509672568386523,0.29760814571974364,9.574642018400912e-05,0.00045884883886099465,0.016372423943772724,1.2317244751350118e-05,0.03359121018232206,4.09225791360809e-05,0.28319863004622947,0.023956574378716455,0.10737790115716127,0.058098853371200375,0.00016772833953155236,0.08023181634789328,0.009155211148066092,0.009530129868792855,0.12902547916871954,0.29087491026895473,6.798906766305088e-05,8.950851409118156e-05,1.4008073985173187e-05,0.014283708400291674,0.11274817480334019,0.000994441116737042
5.739577280039774,0.040174136710617314,0.6441398643274747,0.23592515059779756,0.00017866543799978848,0.005395948517104396,0.07969876325931828,0.00934631357209025,0.3400209838227552,2.545107044260495e-05,0.003441881001864983,0.09031620788321294,0.0008231797742134795,0.004749578069811908,0.0004371254782279111,3.426323368625201e-05,0.0976435102933076,2.1096099869999436e-05,0.18945965952302093,0.18768875101440433,0.006395293535482718,0.2519189585820435,0.10030907581449193,1.5242283166450463,1.1210395072553012,0.004661488354061373,0.003538091031455601,0.07837140845709073,0.000664910720581395,0.0008158876826907817,3.5610646925098004e-05,0.01585881000659979,0.7020359881058317,0.00018340351495186566
13.48843350122184,0.0036726230652974,1.8205005955754003,3.823292593218021,0.035288833270725455,0.03012268750400661,0.0004897183342605317,0.020538935224915927,2.9462528499023075,0.004954058333480701,0.0200358821498126,0.004229358393156648,0.00025654351486440325,0.02115564907902855,0.3234631659171788,0.0007087607335039088,0.0066241698887220275,0.001092106188601704,0.4013627747150845,0.28784579627068724,0.0011621642618642898,0.061136850754137065,1.2728365324759137,0.2506268410320941,0.22478701871912976,0.0014082027778463296,0.02009602898017507,0.21285418072993614,0.013471391061055674,0.00024058318136155508,0.0007150782724017371,0.024839838194917106,1.6522464022786547,0.00012528722329689947
4.167942466680472,0.024792924277969797,0.029932264589468283,0.043758499750824825,0.19332591371245583,1.2445334437306916e-05,0.11506990980674893,0.0021102546218646455,1.8179902260497491,0.40137861696673705,0.025662465996090435,0.023145508015555354,0.0001952436988056569,0.000649969226009615,0.007563544185478822,1.491607803705845e-06,0.0015436447407842133,0.0003683144587478961,0.2762656764127439,0.07255918928014438,0.035500054634580065,0.09983099290584038,0.031651741604202595,0.3803238146902862,0.3408566078589103,0.0001035553678281957,0.11386687257961284,3.0403177970925954e-05,0.06525374279782387,0.0002027866789206028,2.108830190259917e-06,0.06229891984219583,0.0016086046756772386,8.615830401306368e-05
3.5889829051319277,0.012288268574410056,0.09874619546138214,0.03595352065037388,0.7377093535343553,0.0012109183583882091,0.024130444354501318,0.0005819442316095039,0.7917648527069766,0.506297289531555,0.026392011038042788,0.02130536957293721,7.653047885946713e-06,0.004272955882608217,0.04849446589557877,1.5969998351108682e-06,0.012314301411470663,0.00027871732072221804,0.24788597105541782,0.17872347809502975,0.05631921970793371,0.1498824522800201,0.15981366007190256,0.010607636031162687,0.0008767961427844899,0.011544381995459785,0.36324128777061626,0.023581848680917443,0.015449426119996121,8.310728194631796e-06,2.8243289125527505e-06,0.049012519874469716,3.3789762613366998e-06,0.00027985470021563613
5.4983823071354845,0.0020078169990652363,0.03419887851170333,0.6922830224194841,0.343025732902301,8.815945863040482e-05,0.14224626740535615,0.0011270189743666087,0.8380955406371587,0.24974190003383054,0.0002997869220885936,0.06559200673055787,0.0006259828159758582,0.0020223765227213113,0.006499251393864737,0.0004635417305566977,0.05292524694484632,0.0009042250686383939,0.3157032661810513,0.2063506991949479,0.006286591879266352,0.7072658602632486,0.10937982458453441,0.0753454971613967,1.2476037078838575,0.00045803622886600063,0.1889169784162485,0.038369710949364304,0.0024949550831641866,0.0006459500950352808,0.0004610370800995327,0.0068132383768682424,0.16010021626546925,3.998202092073941e-05
2.840716623178267,0.010715579758796383,0.2140564587122311,0.016348665827575753,0.0013433556705769352,0.0002542806871113875,0.0010087241465785836,0.006199721885820939,0.7376201479276274,0.1608389778927628,0.008284948396293129,0.05708798725918076,0.00024531895187252764,0.00462036300417809,0.04570268850091749,5.457523373210268e-10,0.09998348335210654,0.0007395325951856496,0.3784499860206874,0.1388402468744962,0.013671635332097663,0.11762128726886845,0.20703042783002834,0.1747636816516577,0.3572105660077224,0.00273352571845202,2.2974720207384325e-05,0.04137578907381534,0.03625854538474841,0.00025313575975789514,4.979699279210151e-08,0.007351548576569052,6.436132375596526e-05,1.862672384181306e-05
3.3645724857126806,0.012600772013669936,0.9838426130900744,0.36435444909056597,0.01751624251283564,0.0003831673146106851,0.05768158169852789,0.0025112930466688467,0.0008335972334243575,0.052037582955491574,0.0020742882621157107,0.0003663248246236383,8.641267398869671e-06,0.00028943305502966227,0.018047226698398533,9.60312833730252e-05,0.00446304373639268,0.0013637356087503368,0.4385603256954232,0.07942210067720776,0.0017038414804300735,0.035090077543547496,0.14584092538730672,0.15105195871351254,0.5326123636385204,0.007457729509013789,0.00985902842136204,0.01887282698197621,0.0006531212518531586,5.951170513522992e-06,9.630581441685487e-05,0.05685299685058203,0.3680221123203685,7.965646940684423e-07
10.552496798058899,0.0011702915464786596,1.167986328323468,1.7862035471819206,0.1840670220468447,0.006147733048194602,0.21640157789480827,0.11392341796280014,0.329451273761847,1.5408540347029658,0.028679453319850973,0.9820947389433352,0.0007567142653344771,0.11878541015325716,0.0857555352722748,0.0034097625101869086,0.18139462987628222,0.004279614137482476,0.5508035755280817,0.2045932923263418,0.0020788885800185064,0.4579028659115861,0.04573812672447298,0.48614444174268545,1.7829984061856612,0.0027529960511742794,0.0876507379654935,0.034747314854110124,0.00025698356414779154,0.0007572784994261586,0.0033583723509036816,0.1374372830503801,0.0005928815423485503,0.003322268234735537
4.995825977547723,0.0017724030984125733,0.44191055477869223,0.2255064470701091,0.07068565532306234,7.666951658360339e-05,0.044374665776688076,0.014800691152124772,0.9854088665301729,0.023647234651622783,0.042093419724278325,0.043423768657959654,0.00010866274945589412,0.011486168078124581,0.010604473309394864,9.108765539884082e-05,0.09806087029350984,0.0009703475535044136,0.9666552280972797,0.2880135659218695,9.775580187897666e-05,0.040802880612994114,0.014016504025896812,0.30300913560922205,1.2583089650960044,0.0014583435912749253,0.03149232312361084,0.006893520579973226,0.018134347121826534,0.00010975575675613319,9.345976756900926e-05,0.049683031195660705,0.0014023985924249366,0.0006327767343866545
4.5184995324724335,0.006440503397049884,3.644375379194972e-07,0.18765010813468225,0.00023554111665199335,0.0032945757544543767,0.006162301123827171,0.0027167948028042,0.8671385009356537,0.11812896134778697,0.020862289517970353,0.029675478248054502,1.5153582985922646e-06,0.0006448221069930253,0.039157517945998345,5.970691040436957e-05,0.00888796052227632,8.92244679618272e-05,0.7156395215195447,0.20728669365702165,0.008997228101042368,0.14287006881774458,0.14966557316082776,0.0003452832215728778,1.2283818605437935,0.004001470939564655,0.00032064516738034655,0.008260016328254483,0.061023487719667195,1.7081083347872347e-06,6.46190481074045e-05,0.08632054102124398,0.6141310547786263,4.3594211301348986e-05
5.32813008845064,0.03158698318401046,1.1517952425641877,0.7502197149768148,0.4064164192470749,0.011319199018953828,0.06318752834944219,0.00038001424244160815,0.07217626126098318,0.01116815563547021,0.003510202397623906,0.709968223608271,0.000509974715738286,0.000279547290053551,0.00015741623182046288,2.363069923094149e-06,0.04493456144380804,7.448224362204947e-07,0.6638152091021241,0.3552954709904744,0.021991835930338946,0.0009020726282859341,0.21387488865301815,0.3116635165609489,0.062108021741522274,7.830785807187254e-05,0.23768020854089122,1.9016068197581295e-05,0.0011709744095583267,0.0004910544457001173,2.4441054530310584e-06,0.010055177301420635,0.19046713832111817,0.0009021997344623816
7.525890436935123,0.007021914802676533,0.21176770200982498,2.658143324180463,0.015489638373952851,0.009097402506269897,0.00029171751512215585,0.01460012644246492,0.011890928414724208,0.42872074006328204,0.003148962414396208,0.03565463449172688,0.0003376629756717334,0.00023709386358356614,0.021150143360906083,0.0016267409387161012,0.009314209656217144,0.0010157600674934675,0.5302846960472491,0.37208997225463813,0.006146977725906187,0.01911434042317355,0.010991675948100797,0.4434739455029057,1.8736164015820753,0.0012280735760654775,0.008548209604474293,0.2668669211164609,0.027951312981226842,0.00035083125109433084,0.0015836873452217696,0.09860722143533776,0.43551850234467837,8.965719023033922e-06
3.3862186420017433,0.0005610898256798077,0.00488390009493253,0.3143376245628917,0.002971250422101888,0.0025090648223164485,0.06155742569882883,0.001942877550278848,0.049383313786507045,0.6456707127601823,3.4941243739736215e-05,3.1617319650324447e-06,0.00025875109840437465,0.002129104908930291,0.015348137419998359,0.0004972799497048383,0.07837267426602959,0.0009310053533240426,0.6681225579972949,0.3040359042263087,0.004274078668475785,0.5535705279403976,0.005811137433380197,0.024099676264282322,0.3570881135927361,0.0022406457427495735,0.002076816772654644,0.07923141904362396,0.0007798586938878642,0.00026459413065063766,0.0004963336044449311,0.14146201519661836,0.06079221298593078,0.0004804342124911439
4.483017363161981,0.0009333898419921517,0.16475726998492365,0.33596269601795115,0.48094771335278513,0.01494189372354159,0.0001729420598185595,7.450847734423097e-05,0.003265807585098528,0.0036024781055477234,0.07765525227907272,0.03857020237194109,9.181990029042796e-05,0.0007720027227992053,0.01085364145321303,0.00018023654363944738,0.035516439478062094,0.0011479634684526886,0.7854469441850767,0.33341757835067803,0.06675312555348005,0.024580776757420545,0.47190594094067184,0.007971364590273452,0.7966107858430835,6.622137785279738e-05,0.25910001315901154,0.042861564929632764,0.12231301529360988,0.00010178243387285956,0.00018124911672729368,0.0802411647104304,0.32192083640997426,9.874214371139474e-05
3.105898379773585,0.005654564758097581,0.00487967381787886,0.3576740838493122,0.016376251074830282,0.010200222670105185,0.1170609283522783,0.010973639797685904,0.49587504237210006,0.12313199970845948,0.0821694670070443,0.014636784420681677,1.5790906859691524e-05,0.0011293711919088344,0.0012535954035252377,9.187154852519201e-05,0.02058942442158723,0.00017839528537484631,0.7366683161083515,0.21571442472899366,0.00317701214905518,0.1771719226377949,0.008422966823451651,0.08624297647040183,0.003841955662571852,0.0019083778583418995,0.008307861061063598,0.17319997756671365,0.16720374949431824,1.5811064482700397e-05,9.283961411404257e-05,0.08775903937981591,0.17415296656758214,0.00012707600027706453
3.5762994001495136,7.559997725746064e-05,0.001098339663894396,0.1409700223164721,0.16897666123348143,0.011376719937744464,0.006313618612406041,0.004408009445294335,0.035048493166127265,0.17049617113845114,0.0017253560118599012,0.11078511680579771,4.940799473242506e-07,0.00222477345951106,0.035226911077385896,4.837280092747013e-08,0.009076020897383656,8.512946759055254e-06,1.0003235211898618,0.3847062067227376,0.00012892267619206839,0.609429751981629,0.062239550917665795,0.0005595139385027426,0.41811013436490463,4.848886067394136e-05,0.09712112076243294,0.10101241401993265,0.005370771647015137,9.794290053984545e-08,2.2674248992395965e-08,0.0229672994943849,0.1755446382829976,0.0009260755308591732
6.128716795992788,0.01274780134834913,0.08004723506459412,0.25192692141483497,1.2509789363598358,0.017932366508213782,0.0935691751523522,0.039117968855309965,0.015249278640187063,0.027756379739595136,0.017270085395912384,0.14327149963644792,6.628245185806943e-05,0.015429638960472624,0.0006975200083589241,5.806586352369552e-06,0.0011026088433786015,0.00022494908526221003,0.9580010894001014,0.22966542348815497,0.0025566768851444993,0.04218293752774404,0.12398710270986353,0.19462825051087462,1.7006336043075714,0.01907678538974018,0.6291983375433129,0.08001140205846503,0.10345439112292334,6.002774368369364e-05,5.140919990475824e-06,0.02314102661826775,0.054521117579664435,0.00019902813597062128
6.08576013922335,0.00021296419013861704,0.9021265416750432,0.09371991071360748,0.2795160734756202,0.015994715646332962,0.0577269401941407,0.002512124147833936,0.8885348960354629,0.08684235026441652,0.0277889229241183,0.44586413377558753,5.7425262885269515e-05,0.015390552721778741,0.03656413419217238,9.495416130076242e-06,0.0019909224634382544,0.00016699074679618828,0.8104622403125814,0.22360895553850127,0.008407197540710745,0.1272918393775107,0.7408363595777043,0.38835035591697914,0.6094807894261709,0.002926861710914816,0.1361825633299178,0.04894133088277544,0.0005484442481880918,5.987734769034788e-05,7.8922320646172e-06,0.015280944389218837,0.11614559127259268,0.0022098022743255456
14.217331498134946,0.022703404858579468,0.02373850156056819,2.7944919605224166,0.030998486496359695,0.019196403128873118,0.48474167659859213,0.014393177335826755,6.576781888397939,0.505448278823946,0.006065189845149269,0.06322580638650452,6.36995362322052e-05,9.701333308175853e-05,0.06949109501852943,8.002827061545456e-06,0.004836090999204517,0.0024462913480664083,1.0188448520508058,0.8001180970409152,0.04002229572574469,1.0573014621184396,0.18884287197061184,0.012633743163767834,0.10104916712195906,0.019345717056104984,0.01596659768644328,0.059960117337455994,0.02740231461264131,6.23427709711166e-05,6.890173733037911e-06,0.14011196532418513,0.1164817297682301,0.00045436719600778445
10.33930599718125,0.007576654195840813,0.4869979150371818,0.23067800417574114,0.024293330941159756,3.200832904754355e-05,0.08793777515811915,0.018748860251044237,0.15972993337404412,0.030304837723331125,0.09438236386764812,0.11021223514069317,0.0007149808858370337,0.03658062298994216,0.08673700421909054,0.0003553677170279816,0.18431743693358266,3.2785522090614636e-05,1.032243920734856,0.6758134609114052,0.0038858758465519947,0.3946490049040615,0.4067775117695304,2.7273486938493647,0.6848195111380161,5.276905815855336e-06,0.02377314512689248,0.0976977256344428,0.057774350500928086,0.0007420877457125555,0.00036200261391548474,0.19016499999018555,2.481939849776454,0.001676463271694697
5.876215107203454,0.011296192175838748,0.5612830933567735,0.5581762585686563,0.018387680867825683,0.0035243337288810303,0.06101860122512241,0.029670281691679415,0.34399116405723906,0.13903846976414708,0.021864795382287822,0.000584418856296228,0.00013594092414309964,0.029159991280619448,0.0002722029312184649,0.00031945372645390363,0.07026052855389882,0.0007461551494433327,1.4869189686027346,0.3395752405251361,0.12794788610753863,0.13012292452283414,0.003264078443897706,0.003891266903300567,1.2835882517431767,1.3842881452221904e-05,0.013211058491038272,0.0031332649585068093,0.011895274701018985,0.00012539617327765547,0.00030185848557963364,0.06193056635857513,0.5595669849256868,0.0009986811391753982
4.884310041006317,0.026442341784894477,0.06786428627450457,0.023256413344153515,0.0007823406309514084,0.0022739834768496525,0.08439540227250882,0.01599659558518868,0.9558269251558418,0.4266170723015226,0.0015083760576500794,0.21229151350219505,1.966911773707143e-06,0.012829925985244562,0.0027801315247701604,3.984921665188823e-06,0.10342955578834073,0.0006990005489805772,1.5846811823720204,0.46384193412994446,8.81542934294661e-07,0.02853220150617611,0.005763780102695664,0.11092983783122617,0.5542544131005817,0.018578748457151583,0.0016575808913974219,0.1360058814493144,0.005346542941948285,6.977209018048298e-07,2.407379577214504e-06,0.03510642982609558,0.0021068787528681484,0.0005008269344479334
4.496899631033874,3.381785588567621e-06,0.014133820615747665,0.16299604653747235,0.09955427033701636,0.0004603012169287697,0.03230048354548916,0.019171992221635077,0.16305981916297468,0.004523074791271709,0.007213844384222631,0.221172145808867,0.00019614944747641156,0.026987009297967022,0.00745619913547262,0.0008064627526964409,0.032854552108488276,0.004276385974327526,1.5870935543342852,0.8005151292965512,1.0546464621391164e-05,0.38977930630023694,0.17763366389709384,0.13199676154594728,0.2227995778070486,0.0030332156612260233,0.04680026835297799,0.01023510011762024,0.0004905770236066494,0.00019921488000382932,0.000795635110574014,0.12147649244612628,0.20584560502627794,0.001029043646034584
9.231619432209804,0.05404379205406267,1.6882576224782622,0.02290371339463779,0.6484590448106764,0.03015713360903912,0.03602312856800422,0.00581312087634652,0.07949980193080729,1.5984100508705363,0.09115669117642529,0.20169945077105855,7.1473520176604454e-06,0.028840419212710987,0.15065822154888633,0.00016194952123717925,0.01591071184560567,0.0002765607825334656,1.803287895617288,0.7120454294642833,0.03351028750441565,0.20267959670499291,0.805891104695277,0.06963916257568582,0.19113771437108615,9.842296730368252e-05,0.3599001294449965,0.18856387549404954,0.020254404886721675,5.731473615455149e-06,0.00017719700201576283,0.05748678761444289,0.13432241308809645,0.00034071850268580926
7.751299711934369,0.01373092541516103,1.1885157614113417,1.5797014457021283,0.026692895531386537,0.005192213910347639,9.733513574292888e-05,0.017138981481960525,0.13794705224444143,0.027517589118159793,0.02154787346162872,0.12397814507444223,0.0004718397819328748,0.0022825894302664924,0.02519702859283756,0.0004583583350436517,0.03126860402910999,7.093855165626657e-05,1.7054168593660721,0.5241921644156249,5.6700605692461636e-05,1.3214593810402488,0.08060408486109136,0.0043223002746450535,0.8042591645756081,0.005483075559662137,0.018851661735203785,0.04558595613495791,0.0003264400630548114,0.00045648422538234056,0.00048291914253878964,0.029128407337751894,0.006093541421807544,0.0027709939674400454
2.8367475434173306,0.0014854260754011406,0.014625144623455497,0.27139518769656873,0.00275084682962846,0.0055381871658955655,0.007412839849049434,0.02779178522114068,0.12731920709352945,0.026074839408696995,0.011769420273264353,0.02026509428494179,0.00026253259644079736,0.016001429954831694,0.004485063165640613,1.5560232298564773e-05,0.019975198958340722,0.0007455054643636688,1.2454306115644522,0.473269439935396,0.035612429291932285,0.09116369965178885,0.014549190864042749,0.13814885934617113,0.06178845432201546,0.0013785192853109076,0.00037473921646279107,0.12524414458396,0.005410028789333854,0.00027014455710996953,1.5945532504398663e-05,0.06392021733749356,0.02168091989365931,0.0005769303522091722
10.323341978601153,0.0015364747668927439,0.10275900739763268,1.0799412128921195,0.3249777619892589,0.0017296849139774757,0.35884922861444996,0.0014212163869975585,3.4915065484550345,0.00654922414691247,0.007654615155531591,0.013816953951568895,7.631633294884184e-06,2.355901556569614e-05,0.006726963262186938,1.3663224252055467e-05,0.003182303730423172,0.0008630100618622056,1.2177008494496413,0.5985998893460645,0.016904250698090637,0.7612169796953548,0.04426101001445101,0.1576371668197188,0.026921555325130606,0.03611507586358355,0.1722385231728702,0.005461236721392706,0.0008582603439454624,5.988398938679085e-06,1.1171684881222078e-05,0.06769351567997028,1.8161568513060438,5.94483114731805e-07
6.727921434670864,0.002083250789694473,0.4835058778447423,0.0004760973456944162,0.06822888184357415,0.009051793242307538,0.26966444123632083,0.007252033677018693,2.219962769427481,0.12512417011142993,0.0285543984934943,0.21250194589296226,2.6949243235604644e-06,0.006582155024518237,0.005831970881053736,7.346733940974027e-05,0.04198719827276507,2.225517641626824e-06,0.8813959181345561,0.4321258599802989,0.0006835934551502143,0.19859370541262178,0.13991756698209018,0.015231094876570136,0.9686966476661305,0.025009579788791602,0.03191921895744198,0.15364663072874302,0.0006484496172240762,2.6992229776596105e-06,8.00748174837813e-05,0.057639662200567744,0.3408532031187247,0.0005921578470599939
4.595366800798493,0.01088446328323297,0.7645145896817916,0.746112120025859,0.18521994202047823,0.012636607047982187,0.001404122225551964,0.012112463688903358,0.2899795330613574,0.1444619406844115,0.07196400376362021,0.27416844090440196,0.00011532002778398941,0.01328695961846878,0.048024558337450556,0.00011178632191125845,0.003668270074669264,0.00019974337199079342,0.6058840111078628,0.16959363155870988,9.067688287704125e-05,0.14597656521704233,0.8622863496151728,0.015738261923527414,0.013466662614664036,1.9721652513460246e-06,0.1020106200435132,0.034492976268966656,0.033190059199361306,0.00010808068517636567,0.00012488179794992147,0.018636956991856902,0.013299313014175798,0.00160091757252009
2.7380421503197216,0.0026842751801838026,0.0027015040844384644,0.0756778882104828,0.0014947529838688584,0.0015531226155321887,0.12576521006696934,0.06631208911551016,0.10415856362977603,0.31662389438495014,0.07920798117051826,0.2128524314068996,0.0005235357683188367,0.06011468884681913,0.02733433381352426,0.0002267083902712703,0.008957845456098585,0.0027165933430374004,0.28776883319736185,0.10573808908463049,0.02399310490170376,0.2759308830407765,6.523313309249594e-07,0.21977706719033208,0.2599263066869661,0.01446699202419562,7.878218707619166e-05,0.004263583391125771,0.0977680923609172,0.000530978920405754,0.00023116785279703297,0.03669070176485758,0.32172269250416885,0.000248804413876428
3.3750494206490513,0.0009523672638854021,0.023338129822092164,0.3884954827344721,0.04840512274334616,0.002189205727410543,0.03269884079916811,0.03894175809747767,0.1333314194394658,0.03030601507226409,0.010992494492830882,0.6648606229063374,0.00020267214294244427,0.028799252468428585,0.009858511209798623,0.0011717823274800556,0.0335126264847299,0.003803790407855856,0.19576740042136126,0.16103314821646383,0.0019489307834135092,0.3472239100683093,0.39357234090076254,0.21415417893084163,0.487579497687477,0.0024509036127560403,0.02081888256979168,0.0016345555962127194,0.05361620816997118,0.00020295808356068926,0.0011828715049474337,0.016260770461048523,0.023461756483171066,0.0022810130189768103
9.134195015018495,0.06625564640033557,0.8131091235063503,0.000627324888522848,0.11439449469054401,0.019240259149331203,0.6471126673871891,0.0036726549734820537,1.2862491150918198,1.2704936402330769,0.07157988062152147,0.1824077184805292,0.0001251301826646653,0.00029208333320482327,0.010831527555013364,3.210024210142419e-05,0.010266262492189525,0.0008647531709872246,0.008948707199494303,0.02688825453978518,0.006286590326588965,0.23545603139407204,1.0176392347762055,0.5098255029665679,1.144959267977327,0.08775840339566453,0.04771045468243112,0.48601070221719755,0.00033205442184264494,0.00012359831011701534,3.018581987182513e-05,0.00022312881329483082,1.0634213730126487,0.001027142766523348
5.473735059513575,0.00557506354548112,0.8798172793661256,1.1168456195655327,0.18477201407702645,3.284098818013111e-05,3.638861977490129e-05,0.0029021283058928934,0.8991506593017441,0.5523701504702245,0.014647029873475116,0.021874073156192404,0.0004913866011025458,0.0002413148907561433,0.05179222360926355,0.00023161532353957196,0.032445516362641744,0.0010310025587985416,0.13079824579708854,0.0015161277442007168,0.0033603628412724133,0.8001840940040942,0.00041233917947103207,0.02553228351384504,0.32545357044501727,0.0037046496080592214,0.07667147882297165,0.02106450129552242,0.0013909412463739834,0.0004931561565204612,0.00022644711070813047,0.0016154971482338744,0.31664781756110805,0.000407240423335956
4.764530320409824,0.0012106670023113346,8.939469020072313e-05,0.6580192351731678,0.34690724253132943,0.03028158813594929,0.25551691580263847,0.005543931126414858,0.5856005915147665,0.20863516259150222,0.01064121393086087,0.05447521603468452,2.5834164242442394e-05,3.8020969545511806e-05,0.00015743984231976146,2.157917012605822e-06,0.05313187305128455,0.0007737156608484566,0.17125288086306648,0.1444897599462991,0.1024417235245035,1.2977891632487617,0.08197894478637255,0.019546387750850748,0.014546063471143678,0.009822676816510998,0.1856661735105869,0.23455432146332816,0.0006230795420928365,2.6017980766443135e-05,3.486504414421106e-06,0.05157210989481083,0.23779979395967013,0.0013675370075653293
5.686523999800292,0.041326408460240216,0.008087278309208489,1.743649198561691,0.28253389053696787,0.0005414168506489131,0.0715317980944649,0.1617280023632266,1.1928391897817356,0.2988500061384607,0.07026514504790335,0.029799927123831258,0.0004891509014491443,0.10639939222526915,0.06318065312807718,0.001072145655274456,0.23164008599454403,0.0007511598076350228,0.8614234068515076,0.08941549565618179,0.011545798448129523,9.650265946942497e-05,0.005120720723025453,0.15078288697572992,0.009393573703948874,0.04605750997047007,0.13057145981168994,0.0007684131906894481,0.003118259460120546,0.0004897707797030241,0.0010831288556917564,0.012918096279508974,0.057536671037895566,0.0015174564159025844
5.513416348351227,0.022460995802954374,0.10985583647497311,0.030024784452614313,0.7862935841523769,0.000602706492880938,0.017002021127326992,0.05993730801766863,0.023913044189732835,0.13067184776720142,0.043329293611636344,0.8759321619407702,6.430322034238023e-05,0.030463029305190726,0.0023259017468810917,1.0828247674964436e-05,0.21355843841962224,0.00017017078478884383,1.2151607920896563,0.17953002398797946,0.02653422481662846,0.006908934554134902,0.4221235352061554,0.0021353084013344173,0.48937114954263217,0.057240790289616206,0.3883211056093745,0.34401713548530277,0.0033361709286748188,7.080787088763847e-05,8.983019592787181e-06,0.00011459781329748985,0.03185858691811561,6.794606320879812e-05
3.958183450524465,0.00024412528283567522,0.06934586935752482,0.3814981537962477,0.4627306229707876,0.004709154937385623,5.1255561601847644e-05,0.00232988437224909,0.014910525291790827,0.0008915441748524387,1.2910241027012894e-07,0.19395204021290532,6.380796871602038e-05,0.01573816937549332,0.010891010376557911,0.00016873280085142686,0.005809433814217331,0.00017934539149933024,1.4390781769929353,0.4841875320404868,0.120520175678342,0.0014899861928601734,0.002898019423713199,0.00043713008953458513,0.12663906716340737,0.0052186483102127975,0.23916866250875404,0.0341470306718247,0.016397433128372427,6.0845934393770065e-05,0.00017532716675368258,0.19234021440192142,0.13188270023374724,2.8695799278409272e-05
7.9699437716142665,0.00938379263841349,0.06012209111484462,1.1400195073428032,0.005833551175436735,0.0014661708543093966,0.09636081777388719,0.055632946310468244,0.07596231255911756,1.033027315683605,4.318128114702484e-05,0.5106590981039004,6.574923083732245e-05,0.03773815854673248,0.030967277938540764,0.00013899528478013336,0.17437990737398223,0.0026722726576251738,1.9934335901791453,0.8167855859048356,0.07912735889894013,0.6469471162631838,0.03594627025470129,8.613661936910358e-05,0.8911383546567401,0.00019194363377901319,0.004037721087026468,7.89123587707709e-05,0.005290919123130867,6.035587779263015e-05,0.0001500744961123365,0.2448505711353989,0.010317044925789692,0.0070286703291202336
9.874538999322853,0.029015581882212975,0.7229901111873541,1.4541841872725567,0.0006635821875827883,0.01376489099549884,0.02406707597453265,0.3020370215546961,0.3770883093524043,0.05424568639020857,0.016180461390175618,0.32927456510534125,0.001640664135003105,0.19198923545175584,0.01887314725824804,0.0015933504513053038,0.6433796025136541,0.004030689514688066,2.9975271971190987,0.8689713536906695,0.21129374770307655,0.025850297367619495,0.5101770668265168,0.03251964057102145,0.0861334409484158,0.05316656577262293,8.952480973416502e-05,0.16176361706432507,0.012719571146909777,0.001636343849348649,0.0015798398091909957,0.03716021071513471,0.6825483938766128,0.006384025435336209
9.638919976167807,0.010659049010418808,1.9657242519927856,1.181311952755454,0.08461634420646084,0.002107223563318897,0.0016601724366038023,0.046885607954169115,0.10821677996677063,0.3024929328350182,0.009632983606990041,8.508297375745335e-06,0.0016415401579716953,0.017373397172430215,0.003147450584959292,0.0005333744889085899,0.278183243998129,0.0013249232874564328,2.7354264163632447,0.7879723525015181,0.1386564163447266,0.010476463276142824,0.3305172894477072,0.5511691189041685,0.8487368484384641,0.046643168798949614,0.04574191434606869,0.010203504373622708,0.04956668877262415,0.0016225989113214812,0.0005355793097675022,0.06371903807557165,4.9034362594041455e-06,0.002407938552431112
5.295861691405358,0.005521411064252211,0.004617566629423971,0.02063778601161594,0.15047922691360063,0.005849386632240158,0.0077598974646348575,0.0012719964822359307,0.010487227404478248,0.2148047885618112,0.1439222890080054,0.21629302290731692,5.016493434316763e-06,1.81751889864399e-05,1.8436437608432155e-06,7.962843988516382e-05,0.11446661370486126,0.00012149766322592163,2.38625650808888,0.7518263519305166,0.24068181620339607,0.16650532230984508,0.004110639257785352,0.23756156110827434,0.017850936023259486,0.0013978391141795683,0.09115042354852304,0.02647999196850035,0.15023867316668404,5.942050345196976e-06,8.734755279076821e-05,0.15779578468235803,0.1670068524091279,0.000568327777123281
6.138910658870865,0.026228421547505393,0.029929219653202978,0.007906437401674724,0.000673397425018044,0.017799712288532644,0.007509251039468845,0.019476132728081248,0.020544449395204355,0.2012812175855317,0.020143387430667153,0.6809067039936242,6.461152391193038e-05,0.021807093066844738,0.004043179268836141,4.5382647389219435e-05,0.15592129888576808,0.000621252342240969,2.7114434196227912,0.9993669964572296,0.07087360635415564,0.010207127608672274,0.02627359626632935,0.47129384092687576,0.08480304945909271,0.015268391794206224,0.0003952791162663669,0.47065092349660975,0.014908052744608468,6.155355450539277e-05,4.7399231180071436e-05,0.020503338290590527,0.027887316146335172,2.561957791362805e-05
10.495408611422175,0.0008257445058412504,3.7958769875759932,0.06568644573286901,0.1463568632193524,0.024218979778119865,0.05653357606160605,0.04260154261498575,0.10339194378025546,0.10438069580568128,0.006602183037301308,0.06510087245347612,0.0005091940835302378,0.023726464780198443,0.0007123486842747364,0.00011465422404161056,0.2611828010815017,0.0006885849013622238,2.521060765318295,0.7811512154579825,0.14689841349089192,0.31409676389832825,0.023473525185096693,1.3220381355650759,0.00011139572402995085,0.0036609556897517753,0.1112773795127459,0.11753698639735388,4.553906671556754e-05,0.0005115329989366939,0.00010506835471483901,0.03842821382503921,0.41643250518355346,7.033343327224721e-05
6.871933543250348,0.0026960353122571852,0.16524837836119585,1.171436699613021,0.003885909869599209,0.01579617367861945,0.09289561483475026,0.08684836137790924,0.42000727064431687,0.3882932871659854,0.008693816445611614,9.624959044616305e-05,4.576306791751609e-06,0.051805400073197415,1.7307190905785174e-05,2.2465689921037984e-06,0.18736066525793138,0.00043681958533926346,2.4370328559351555,0.5730413977522669,0.3144766740858402,0.0736651425017149,0.0015204588644213246,0.0007945554560673864,0.497493990086297,1.7108299897770338e-06,0.003063717726288876,0.17171858258594325,0.002233965060823766,3.265505983404331e-06,3.4667242686463934e-06,0.19762599432037542,0.0026206597879139485,0.0011122941501282941
7.646258035958086,0.0034448048204447,0.01249167125649109,0.003924356001664785,1.0040144072737045,0.016706948375604023,0.019376079560556043,0.006990032587566104,0.6397357491383958,0.45166604683222117,0.037153447198219704,0.3938185114355415,7.487793201479954e-06,0.009205801924895791,0.004370847103873865,9.351583909929522e-05,0.1200752553329294,0.0003509698161187601,2.6244428224654737,0.6805979881634544,0.31759534011410384,0.4070363016810737,0.0004026002997519576,1.71358314372989e-06,0.03074475688147379,0.0001539081336337716,0.5458594248194014,0.15298696359685912,0.08087913717545747,6.417750018654456e-06,8.687096013669339e-05,0.08174531671016139,9.85795972599205e-05,0.00019396173615540647
9.466039382816161,0.0034948162496700646,0.004547511875811741,1.2945037089105897,0.3423198872775612,0.013304325193957087,0.014474820259962811,0.01795460174107133,0.13755472252049633,0.11230010022104349,0.0622627298716195,0.2854857266985084,0.0006612443965375858,0.013266460420507688,0.010967580514026907,5.009476100245133e-05,0.10299334953420716,0.00010928934373534953,2.6083002848009524,0.7196148653103306,0.6858398091621575,0.02357776239689153,0.05024382600853684,0.6713430645745759,1.6623902802286525,0.035129519770615056,0.2101757937534711,0.09157211700323453,0.05713810046332452,0.0006313297887697861,5.088644536666854e-05,0.11952819710063274,0.11419200440623416,6.057181210837551e-05
12.195588441581341,0.0018809148034054802,0.055445194012630115,1.5644067519550242,0.19402370693082294,0.006086328139199084,0.052442592790304256,0.262257457720975,1.6016500625416583,0.0024609745598395127,0.001577476879569974,0.06859344256966353,0.0021851136182273996,0.26491732323006156,0.20852653147714992,0.00042116941479571665,0.7470878548703177,0.00023885744975477816,2.978307737579778,0.6735810503100481,0.16841980655826116,0.022703855442433245,0.2612245529866501,0.872180125559086,0.060878689264677065,0.0021322548590491184,0.08976537853593414,0.11584696823575562,0.013719848784901623,0.002216196647349863,0.0004270694141510069,0.026782527688022414,1.8711200251488231,0.002080601603021439
10.04098989438533,0.02914882378254002,0.4754757871416655,0.29937540985903477,0.03038191827544764,0.09573723365881864,0.02129049001158054,0.13662783460190517,1.1111805855289612,0.3136120904974272,0.00019466849378255873,0.12046918296290819,5.07607064206347e-05,0.07575615467811482,0.07054389822274461,0.00017527814163577677,0.6224354469593587,0.0022234217662758745,3.3133148414092632,0.7846192010544444,0.19142439946455167,0.0012658583484075829,1.2835983472840142,0.000583449628394171,0.002320153068630556,0.03517513031345192,0.029331777321446758,0.8797983437068931,0.0003359245923058835,5.673815777962781e-05,0.00017664813729012199,0.08985499549761153,0.020105600470676478,0.004349500641547633
10.712692563495578,0.0026235049117459856,0.018034850370206107,0.5166887307578557,1.6239008057976398,0.025484329536397465,0.052083677882516034,0.01325767510524756,1.0493102632318965,0.8566962532254302,0.08213136636264162,0.05216888129484107,0.00034324035274489875,1.1050955641430236e-06,0.055940592289254,0.00018062984677026826,0.1846675640622847,2.940653985827942e-07,2.5666686503934497,1.288875797246666,0.11303071183402769,0.24751377440592945,0.04265380007129654,0.0003557973992869594,0.2302179969106303,0.013892407189637199,0.813360876459114,0.4314470749255212,0.054419188594405955,0.0003425255631096192,0.00018202270365416342,0.24434822966224432,0.13054414682481075,0.0013257991233596874
8.564480285902453,5.6014027836597735e-05,0.00034438593845010837,0.1605102768777406,0.1097057682629248,0.03327009119237677,0.1708587164937174,0.006026834022792409,0.5285654729428221,0.000259982198920823,0.0026265342166495883,0.5645738093587888,0.0002635207041377684,0.004279870013438002,0.00019755620344359147,9.490483116245983e-08,0.0761061690591529,5.903457086698469e-05,2.097666959184067,1.1549003566691027,0.10007754102714743,0.025432234828331242,0.06699275372767073,0.7230033049784631,1.3609383862288569,0.027964889120643464,0.05670353149635016,0.3851386380012332,0.030641876371915497,0.00025535849745259975,6.364617115106727e-07,0.1338616365917262,0.7431969861654115,1.0655634787706692e-06
12.889360289245015,0.0055892157215282675,0.9119536714730618,0.5685413959528633,0.5512798526391036,0.02084852656949801,0.11670872587740891,0.09195506739388198,0.7457170985233553,1.6930158204562729,0.001053708544348671,0.0036081153485490155,5.0560944202400955e-05,0.035911762514150646,0.1167052440938802,0.00012108772613037678,0.4588922241109478,0.0006949395761174217,2.231603230214258,0.6120170577618026,0.5547439399395113,0.892057324167659,0.25844097362831736,0.5661615770145643,1.4873879482371566,0.00011587355394612869,0.29859508679236485,0.38473665013297237,3.664116917817026e-05,5.1623582732024876e-05,0.00012033660322076996,0.2781767021714903,0.0008803865521375255,0.0015879202584009268
12.164695990011355,0.09546402592169194,0.020876682310123306,1.035572542783036,0.16783628205486906,0.0021033975702843496,0.15425885650571267,0.2694876863675603,3.0085418344989363,0.0011805097028113384,0.1060436843894396,0.014148475617388342,0.0002937044482575702,0.1868052439733514,0.11156374344977303,0.0015727594930671515,0.4939191760010955,0.0018211577714669117,3.0344039791298925,0.8265335004372006,0.017147222052909722,0.0468425871967494,0.011475398361996472,0.8775592842633857,0.8987714749030599,0.07173372498604053,0.06914192354360645,0.20752027438923712,0.004533178446370181,0.0002785014149283816,0.0015773543346864404,0.08341054011536796,0.33763331207148534,0.004643971505574388
8.198129198550204,0.0240059822672175,0.9826884908731226,0.011432755185174559,0.017159616308513044,0.0007074705377003449,0.03389717768674184,0.09478925345216875,0.25230056430002734,0.3778658855519815,0.0017189276548563964,0.23616719797564026,0.0003850193404703147,0.14070311978536984,0.08794359119823655,0.00015602202853150094,0.327359697823556,0.00012068901259943759,3.30438137738812,0.8808120340793072,0.14315290629549135,0.13542407241203647,0.10695662592530258,0.101074079677981,0.2987857202447643,0.00972508848089627,0.006674676319574622,0.07400398000153556,0.0016121853954223395,0.00037340210413786587,0.0001395253402429467,0.19346241828157185,0.34941494681723345,0.002734698804678888
12.664582171040342,0.06390428740394424,1.3362437855890628,0.13875186588160712,0.014678151768758991,0.008103202069672381,0.13237643791265608,0.1144208891541363,1.2575357877494935,0.7232827143052916,0.000315019172929323,0.17952352140420508,5.900288489405644e-05,0.13163108829863993,0.004591452504908449,0.00017789293977295666,0.22820788978829937,0.0034057510389622647,3.5949038552042016,1.2183536326839288,0.0781636834841737,0.17949869269503038,0.8694646865995606,0.09572632959145377,1.9074892978956945,0.08186821603718342,0.012560601522092372,0.06051140181271096,0.07198766217930194,5.5879717863485654e-05,0.0001744711161746567,0.1292923712293452,0.018328001496133183,0.008994647908257299
9.350167062652213,0.009601703416103339,0.8702283188126044,0.32666443651319776,0.009875814785915553,0.02086912684178199,0.14226133493394455,0.1468051544274016,0.09088291621450664,0.9398992521827074,0.02032675642015517,0.504288315638531,0.0002741989483292201,0.11856579361726834,0.039825066364541965,0.0002546118132150016,0.6808145407025314,0.0007259235948464925,3.376305282325372,1.060342867083617,0.0035637034491068694,0.020473559092663948,0.006651892117743806,0.04284740066206844,0.31218985130372773,0.008723462245966462,0.004517651312000318,0.29043014301766457,0.014757217992327253,0.00028291959542429013,0.0002516206115109153,0.1907641893281158,0.09066521377344923,0.00523682351387272
6.411698267535829,0.007611739920210717,0.2835700880287628,0.4741747687307289,0.1326069260019775,4.3839971699617055e-05,0.016184756899520824,0.00010886728920470406,0.11829688014705085,0.005184815450878035,0.021210362924955293,0.3096089497236374,0.00029728122166734896,0.010726731352548641,0.012075482722455011,0.00018134666787317393,0.02261292282667465,6.967900292746161e-05,2.7357426287543234,0.7755831948687547,0.02462462816568084,0.08956429452349915,0.0009121385816746447,0.009489896200544318,0.3143567234190882,0.004975799769275193,0.06910729868237904,0.019827640305266823,0.01522911163542786,0.0002804086621256831,0.00019197402559446568,0.2365924285700727,0.7005107027325437,0.00014395975680732957
10.588187000343519,0.0025739260798338863,2.8075810913678003,0.024637315615345223,0.4150349358357299,0.03855812739220975,0.1385823548715694,0.0005172945834604406,0.4547668463657523,0.00043979519956639947,0.008308875532434222,0.1281437260867907,0.00018262561633440935,0.0002259457867398139,0.007385938997709128,7.768378877331052e-05,0.12343135907500971,0.0015897881602162042,2.574299319165791,1.1148142060786752,7.326282682705607e-06,0.34599814959104797,0.03496313691529452,0.5941941282692581,0.8673886213103448,0.060008611728514474,0.25276354388981737,0.31511627552262905,0.017286483059214014,0.0001764356753270016,7.51610611698569e-05,0.12307904091991596,0.1356930616968324,0.00028586882172848495
7.684529438832035,0.03641089649866833,0.6683650187286584,0.3792613456881777,0.6159191440749806,0.017158286319874542,0.06362334536694533,0.04043584494676656,0.7659326281891177,0.01924993367517887,0.02186173507947462,0.0011562186404123116,0.0002271037127150501,0.017205869597269642,0.0465261061465988,7.818506814837482e-06,0.008175708459532607,0.00010886745706447416,2.223552402709897,1.2980479318219957,1.7062485049523942e-06,0.1971126262933392,0.15565489403881222,0.1639040463932642,0.29531656070898427,0.019075940132832796,0.3389241747622075,0.012560379950515767,0.012869687208538422,0.0002212529601572018,7.239958546520688e-06,0.22024421501543082,0.045396841912065146,1.3667628692605252e-05
8.650908220735252,0.00020869965156574885,6.527907804398403e-05,0.02793708505849646,0.0718388941898594,0.006904131530682386,0.004893859900285161,0.015515623877787939,1.8645606694604042,0.0050698165550720565,0.00048434885816917033,0.16580562673879848,0.00020445920320553783,0.024867801655261992,0.1393898850482576,1.5417143785798481e-06,0.027744998225004928,3.9857000599448606e-05,2.2756251147062243,0.7195014013338112,0.06455910366507293,0.27145683757465083,0.7264750077776552,0.030440952914071014,1.0801101501769677,6.948430438140504e-05,0.045593125161815413,0.00365907452197421,0.0420237676402833,0.00020847197320403792,7.996149422549797e-07,0.23943940713940906,0.7956049877959935,0.0006079566889224536
6.998345543190904,0.007457101440019788,0.3462926623553939,0.20712644085154533,0.4771603351518989,0.0022449096458330856,0.03336711321551312,0.028012863502245525,0.06855869479813466,0.5824380989067306,0.018446536720835217,0.014985606727659346,6.667947592900697e-05,0.040124870171991074,0.006991318927253928,0.000271777193618718,0.050195825997093206,3.0022731945544615e-05,2.7476146361577642,0.9788003577421498,0.2485401098069077,0.32554882162190246,1.090864479875813e-05,0.11367147531861742,0.03861759285017185,0.00038646954579488055,0.22778513053122032,0.027135067432175582,0.0002578255639625505,5.986382467727303e-05,0.0002692531314862326,0.10505694306617884,0.29983349548222604,0.000986734657229605
6.295909793941729,0.0008000356229047879,0.4797911153652709,0.2328313199483618,0.16805128382203155,7.354600382952376e-05,0.024825225613952354,0.004476005554068741,0.7888124301108906,0.2647657623077855,0.020882429150318054,0.020168361084046068,1.887224117732616e-05,0.00921241545199971,0.007645690642286864,0.00012936817102607146,0.01808826521635109,0.0003557757215000711,1.8610816779205541,0.9132792067447407,0.008506458843025942,0.570608907938317,0.11619057943439616,0.22365023536904924,0.0026357381070842827,0.011163087482122594,0.08717745094445759,0.007951268770977247,0.05383598572313435,1.5427340855925428e-05,0.00012854554112128557,0.3953758297833257,0.0020710205062130804,0.0013104714645541498
7.376275751347858,0.0033573569719459544,0.0007542077870397491,1.1811274112939634,0.04163496028285866,0.001124733838414931,0.06646617445824565,0.017416901813972836,7.364700046460093e-05,0.06549561490911758,0.0001473834685643657,0.5559391697982808,4.143073072287189e-06,0.028566457042458478,0.017607722435001173,0.00010791607250718537,0.10233345523299638,0.0013281737015972636,1.6574197431500246,0.9104322262262309,0.2595658373521092,0.33801622399504655,0.008758597849117403,0.21171225448172448,0.9205007379361038,0.0008616253262974616,0.020213653114197344,0.0006406752815518363,0.0005412508098781766,6.116324113111935e-06,0.0001154998913326477,0.19074655032160162,0.7726678041081187,0.0005915259999081854
7.57192476815005,0.03255859270119822,0.8820518071717275,0.40619456312899604,0.4151188344703326,0.012110573286020616,0.006031777692982012,0.05685286423987911,0.6179159915973477,0.1537458345866488,0.006321100458615817,0.02607757379912551,0.00025447548915694384,0.02892413988793994,0.03423867037099069,0.00013618854158844489,0.2222614499859247,0.00028035827262380285,1.3283959899546915,1.3167279496211983,0.061351825750477776,0.10332347833215666,0.25693078025989735,0.22052777896414355,0.370002125764739,0.08371981587139407,0.1944803915270003,0.2772037360228439,0.030928723435220056,0.00026974343299391895,0.0001442832787534941,0.27544678819420004,0.1513918558870528,4.706172188741522e-06
6.504846158425218,0.014559091173763885,0.07745485652896923,0.6224041059917571,0.0632884066227389,0.03465750917163755,0.06972746901769639,0.11975454471296473,0.02387047326603159,0.4364839103399424,0.019706806172639153,0.4006040950924408,7.836610297290877e-05,0.08463643958769436,0.03451497822477904,0.0009499041587082434,0.3055992401853129,0.0010797937642683848,1.405224836283838,0.7208567053127382,0.2413587101073279,0.40342878915894725,0.0752969175751281,0.2664534096980291,0.2797562784897013,0.010398446184477505,0.04396810656101236,0.5002047901529747,0.0005590588028660138,7.611359968562811e-05,0.0009446249509082936,0.23798647528956118,0.007630035081516643,0.0013328710621884445
7.627306891027513,0.09598466453232507,0.31367577169427513,0.010687524043485103,0.33065705304429466,0.00937192095530704,0.15810008897794672,0.1120729662644765,0.001766358702169099,0.8259147847624122,0.045829621662715966,0.0029780011683770108,8.579343246596883e-07,0.09354357219335706,0.03346613465981975,1.3505107093433046e-06,0.3655151436980914,7.615489716400395e-06,1.0335210588772994,1.2360451900159857,0.1594719408992375,0.9553910768992555,0.2114965735221891,0.005546551417598771,0.348462244079744,0.10697400064408581,0.13595188548840303,0.22963388031127227,0.003480916831672222,1.3475105163131178e-06,1.4753196112037963e-06,0.5700347191649554,0.23169522880512286,2.5370946761683438e-05
7.150401471311626,3.0873082427927734e-06,0.8565333231270926,0.13293223695969636,0.010397831824820498,0.002868296510333262,2.0059710539176372e-06,0.021012441658482924,0.14893516531836912,0.26441947645540104,0.08523183879888718,0.011805998225807917,0.0006153523298448696,0.035892789246736986,0.008338351065317698,1.3543882492298937e-05,0.03504058532424278,0.00011516033509766324,1.8154371269247387,1.3256878248833484,0.5255537574214191,0.11206011702786964,0.006280706575188394,0.674560857037293,0.114996136339331,0.031839904899490096,0.0012538137519042488,0.029054015712889056,0.09276532289489174,0.0006183348788880033,1.544076170234901e-05,0.24568019011025657,0.5592767755886625,0.0011636621618340774
11.201613485887629,0.0008776515384932646,0.01821662159494318,2.8866379911741458,0.12940965951671182,0.0031114916596860116,0.05270686324492151,0.031804059137283555,0.002923593943428669,0.09916239865279877,0.04567413148059751,0.1916851671195691,0.0009910257861911994,0.04127700977185837,0.014809614392339193,0.000284771414164718,0.047177119599323164,0.00013491966944937392,1.5962901614034701,1.105107818327405,0.13379812164390353,0.024072167551680467,0.008595756376359334,0.5705301424461795,3.0106609946218827,2.938631026992423e-06,0.06380039544373946,0.0026773946490991282,0.03602331286986223,0.0009626459556227477,0.00027394948777355847,0.20546491648484652,0.8763965577813758,7.21225174962767e-05
4.950748247404245,0.000832771731914359,0.9004319215600746,0.08866476373457327,0.08080652453512505,0.008318441847540064,0.04592022926309106,0.016452134512711138,0.10364785863975168,0.01836907201263163,0.01233054797083729,0.004769148049378746,0.0002887522362531125,0.014772761648979777,0.0005739564968459631,1.5118711025074662e-05,0.07720239793687217,0.0010875878902366276,1.4370633810378939,0.9867791303005805,0.4544097693231806,0.03724801747072148,0.05108013388210818,0.10413172574910948,0.0007515623315596741,0.000701854590699757,0.05426421539130938,0.059696944129331436,0.002407152395761244,0.00028633456973179474,1.2138752994839207e-05,0.27407986614899654,0.11301356593951693,0.0003384666129069668
6.098750349468455,0.03547419619171965,0.024550632242942638,0.7942698353755073,0.20819860336290252,0.011350070872394244,0.014622735040899643,0.010726059757830116,0.48871965220651464,0.0654246341582477,0.024294246718140566,0.07761040413114209,5.5052387173433245e-06,0.020349254987148336,0.0003395944736582839,1.5455513912195765e-05,0.23610728624079919,0.0005983826397019516,1.414032289561878,1.2536366409518573,0.3504399762711961,0.18227205262938878,0.005703681856354323,0.0005273206231760071,0.10947451049774636,0.010296745042991115,0.12379717140654416,0.24516953110284037,0.0424055154688068,5.7054633108465035e-06,1.2754067729401537e-05,0.2963963589225801,0.05134447527084598,0.0005790711790310553
6.838296013130332,0.06582044683385038,0.0075582170674431985,0.5195680187892209,0.02908723979294715,0.011645394514588408,0.01873053687648202,0.2948340604824638,1.0998420116901648,0.1255339463501706,0.057453694478353655,0.4180326657618297,0.0003179509894009081,0.24454672792781254,0.06666665605834597,0.0005204063873942082,0.708095617888958,0.0002635944490031048,0.8474545621248486,0.6985446731043345,0.1541775112134157,0.13613318633917487,0.0035205748145677633,5.4919703793522585e-06,0.31624760873172886,0.020459228147440788,0.009983275077048923,0.35472632506231006,0.0004195808400630846,0.000310923013907283,0.000495412442061769,0.5333113697999956,0.09176831582133316,0.0022207882892928193
7.077089368837971,0.05363185943663628,0.7394202099917624,0.05641233386190726,0.09796227246579198,2.476106369093923e-05,0.008798448672783194,0.019931589026092596,0.1506503060586344,0.009758677428062542,0.000304600192705695,0.5706212385960616,0.0004492970741055864,0.012953872777188133,0.0038625061487226283,3.750485425670798e-05,0.18880964718349794,0.0012072686287804655,1.1538929719086721,1.0033180294418995,0.7816113637484385,0.00021903489787970898,0.3998846663247679,1.0114512065314876,0.2911236039454124,0.020762805359050035,0.032264032944364404,0.04501199451192896,0.012888633114937816,0.00046368469977126547,4.318810104613794e-05,0.40720064213349505,0.0002978913312538038,0.0018192263828848026
7.671723190788023,0.04592307707115899,1.0587036437229818,0.37477999012602864,0.1321049363956076,0.02365222733890897,0.00042599114295921735,0.08264906719012187,0.421864575765116,0.6564276824330927,2.9068708545598858e-05,0.00197711289921701,0.0002473982816378347,0.06915452886019627,0.021041537139996524,0.00039903222661141237,0.2411094315331072,0.00033647158602012573,0.8356797753742095,1.0797519252852614,0.20421502123941915,0.36152366735618524,0.05976440440406973,0.9787042777376139,0.340126019853567,0.030848222239602353,0.03494571092081258,0.23993382191826615,0.004580840801793705,0.0002468873547728619,0.00038508187310880195,0.2887960728200643,0.08083685733655752,0.0005588318514114067
7.976724743769408,0.0970772172983201,0.10402157923412486,0.6336328497379438,0.1154396570514767,0.020313572358001263,0.05986284187303485,0.1185696351724494,0.13829632022208557,1.5418063266563995,0.018018931499258165,0.3422495480039329,0.00011439455841665858,0.08458510206806912,0.004821969110562584,3.4616672849983204e-05,0.23044542491697528,0.001286655662676495,0.8730777798410273,1.28221912559321,0.07738066282613217,0.5532965194471405,0.029861633868281067,0.30541427286580736,0.0009237309704168413,0.0579820892481431,0.03288816218507264,0.6340754034641698,0.06942620629819102,0.00011481597692501142,3.337211392170681e-05,0.42426101868505245,0.12320247271539962,0.0019908355739398625
6.879533575562094,0.026116786591857476,0.13482251215141985,0.8766936243222353,0.02501276190371841,0.0031940008549370333,0.06678032000200332,0.0062987825497690395,0.2850325094427371,0.07020206972709502,0.011891129297830552,0.11698036415807825,0.0002789373387053326,0.0015244706421907762,0.008429319631854825,0.0005482628171166336,0.23160693870124371,0.00017636710635739788,0.8518964965558088,0.8783292871474139,0.36421915417302964,0.222196032795045,0.009250312878331595,0.02177516301503043,2.052164322582866,0.02710840325567427,0.0178088697584484,0.12349727275398074,0.018435601107545028,0.0002931303347816513,0.0005277530369124457,0.2683835933138776,0.15748997411934496,0.0005690514948535779
6.50239179764191,0.06799498613173313,0.060366904791968316,4.3501531743601945e-05,0.5176361724223323,0.0001811810867044075,0.18523220138440166,0.07357669128438928,0.04401685046482479,1.0197177857020723,0.021522100999604176,0.2011916877419217,5.704137516491227e-05,0.03455292665134025,0.06146947195596169,5.01389219521222e-05,0.0898381032717499,0.000639387613725623,0.4211630474666757,0.6620369700915563,0.26600713995654535,1.4921394577275968,0.010729588124707468,0.0075107107483913015,0.26638657362587015,0.05724888182523961,0.2326275417521988,0.0003836753101546115,0.06416297828320142,5.2551449264116515e-05,5.474850144659575e-05,0.48289950921133545,0.15957315238534125,0.0013281378507953691
4.368729492679021,0.014634652870842904,0.001354909617474975,0.42939540301453255,0.14823387510624886,0.00647935439447973,0.0010510122081628804,0.11926904361452258,0.6580915770490098,0.10478909077012584,0.0011471125277047014,0.01145658647081674,4.6959455280099484e-05,0.07251022725913397,0.01745683291125188,6.966536837945528e-05,0.3417111802144451,2.6277356617364083e-06,0.34441908769815704,0.5746152186853875,0.8788977438467821,0.01633755898741049,0.013027250621420511,6.502390211856677e-07,0.004436075548471999,0.02752372422813405,0.08978108200769098,0.08154344359763911,0.024181426491601172,4.653273983664933e-05,6.418772641341378e-05,0.23957536981008323,0.1465153104003996,6.471946249794168e-05
9.850153205437184,0.045323983013309435,0.24867120000401446,1.282727165951083e-05,0.046844016985578024,0.005732565319221336,0.07565248790513958,0.22263085418241502,2.7891911039171204,0.2247013389669681,0.00023139824952744234,0.21236371706964483,0.00030389886493355114,0.20814182856096383,0.14106575985651618,0.00012548843820475294,0.4517184530488534,0.0034150879549604543,0.2734100685109325,0.4770156084568362,0.8590402903723638,0.08749740943198069,0.022297666748480178,0.059802165898073974,2.9304917443505016,0.042575925625915036,0.02647422443807708,0.02161801369987036,0.14562396663199637,0.0002928899973911473,0.0001148687525222345,0.18831527344882082,0.03820955592458841,0.001247523539804186
8.26695431132803,0.1151612993004105,0.6955805612725181,0.1216148864290327,0.17964167591484362,0.011691116644739789,0.06587762726482987,0.34982482155480044,0.026644741468607583,0.08134659373423743,0.0005849058659483291,0.4698147243861147,0.0006286027400987608,0.3946366681647887,0.011258133203631303,0.00036980567576686853,0.8436852887122962,0.003354132330232664,0.04156933603191548,0.6252496400712522,1.0669903840075814,0.9167241170487578,0.7759240352318547,0.3623999958918352,0.06834467798821921,0.06798760371484504,0.07613994459359445,0.06076176849456912,0.03882027151517926,0.0006347809639344202,0.00037646338889590875,0.258534157785045,0.53358735482269,0.0011941951149647505
7.101765171736678,0.04525402019638932,0.005358263471843648,0.4092493368821657,0.23520381177229907,0.026330097994044527,0.0755321698949405,0.020125554105642148,2.5831069990005933,0.3947034505366146,0.0034053849483255878,0.029540864948792215,7.922211208374828e-05,0.05671449822456066,0.048638970289410714,0.00017521024331604195,0.3445357309949967,0.00016859379322875235,0.06581473370893819,0.17461361516892268,1.0555473438855247,0.17898014219115382,0.07596128175326386,0.21532967693270008,0.00016797955606055935,0.014530329964069156,0.09523643598928232,0.3483327861393974,0.004825915422342528,8.724129213080987e-05,0.00017141008486729785,0.10111287108727206,0.4926089450813062,0.00032228407019826
12.317504643937237,0.0036895577385977455,0.17848288617242244,2.2007584362637935,1.7516237482484025,0.04175499598188938,0.07812410777160639,0.1713344078490356,0.19039926415410524,0.00570831409168586,0.001032502341963847,0.018061045586778325,0.0007656047926076663,0.06334321900444113,0.008492673437089,0.00013177741557277112,0.6698363625052559,0.000599936381119901,0.008453242012539407,0.3249672277395013,1.1385638303822254,0.9649905803666684,0.00014504111390789863,0.5688485660847056,2.3343686844451956,0.0019675092766384644,0.9271512721932607,0.2266734843310168,0.015608730881331138,0.0007501870565098806,0.00013812321098840563,0.08858007443636393,0.3321191175575496,4.0133112466659924e-05
7.6875141941798155,0.21672209543181556,0.006684304899638822,0.5430308320649921,1.2257379060490106,0.00467072380722098,0.039660222532595095,0.20503689532746816,0.0024747884871647676,0.5980199599003869,0.039850201115014326,0.07514178931748561,1.5841069822627877e-06,0.19349741021978525,0.0017057945753226286,0.001233211116729936,0.5016013922822667,0.00022963775217660424,0.014530689947654515,0.5429313084858074,0.7257896384875709,0.27361911933750965,0.03606477362070795,1.287153869645211,0.17343565665569183,0.15357347460719517,0.5290784436724324,0.19654206712378622,0.02540765633699545,1.6581031814166687e-06,0.0012752563491945973,0.06588329678951514,0.005852170829133932,0.00107636520217219
6.370436387266141,0.046926723140233204,0.008167803166448414,1.5915595460779157,0.1974056875554785,0.004195630555444142,0.03921749961098126,0.39622497973778936,0.29684067230722283,0.016116336603866018,0.0008300767082589216,0.3412240191740749,0.0010004835346415137,0.3248652579092498,0.02164184423561605,0.0011546287327242673,0.9517746592958495,0.00036471626653796434,0.01312911489734249,0.2367525704708856,0.47844611610073606,0.6817127602119972,0.1187667272039372,0.05174456545034564,0.009972818278370493,0.0680281154701246,0.08586721737421585,0.04924904442954138,0.10599153053086487,0.0010239705126744555,0.0011335952478415978,0.1575741405960866,0.06857213823976552,0.0029613976390782063
12.513054006262264,0.015230264432472999,0.20263125289881695,0.9472163643458233,0.07011053423722348,0.002452759583840013,0.07358914057517794,0.10870617234718581,0.24816270599293447,0.2476154685994119,1.7178512924717853e-07,0.5922377039043403,6.985704206013824e-06,0.09831206891189706,0.0012548442507295436,0.0007543834966961706,0.6813755108907873,0.001133828138332293,0.008300575191181332,0.5693748302586283,0.7995104205015207,1.2759052428149762,0.5879040481273367,1.0274116559698125,3.5000648422348943,0.033770197333466714,0.03736129356858132,0.4113182634468349,0.002205999305172095,7.94884366526349e-06,0.0007708694429437027,0.16120168127075113,0.8065074844204383,0.0006484934370562262
5.833442714537251,0.0576940604726707,0.5330093546819507,0.011534134912143671,0.10184114190386313,5.139966906544879e-05,0.05305333647158761,0.12688575401990676,0.006837997288039191,0.5472828313986053,0.032522435522575575,0.054574780661155134,0.0003069604639768158,0.12923719397121147,0.01775263692046907,8.44804132692476e-05,0.2406062737148397,3.608553777242023e-05,0.006229811167173362,0.4626524268305331,0.8053538863189998,1.148020232408259,0.002220967856436727,1.162164179830203,0.09161094601521926,0.009194886705599769,0.05039014846749086,0.00020625769434349823,0.010904120421899456,0.0003086764810040636,9.105277040021204e-05,0.16387757757172458,0.006700279069278175,0.00020640690558430103
3.161316646728257,0.00497706918422608,0.004254633670330086,0.053555608844446836,0.12226647600576175,0.008936327999032344,0.15536461162961648,0.04318180032377809,0.5399197337736532,0.02002326517508626,0.011749133268941513,0.030636887504370304,4.6533501278484626e-05,0.03960115572113566,0.0002648199933843995,1.1789756058447049e-07,0.040532002190026416,0.00022083144189336592,0.09683536535920093,0.0916597365244007,0.6840054044650083,0.1356083755852238,0.008719026143148451,0.19764216382023536,0.1855740665939527,3.8751327486153296e-05,0.06369744542978968,0.01430272087752381,0.0015536313083466657,4.498165057106383e-05,4.101877401474301e-07,0.07829074478576396,0.5277729149881614,3.9899557181824745e-05
4.062572818467335,0.0440058061099148,0.3707483156044077,0.17103063067392524,0.8080538189734574,0.006020590136506019,0.08203196648101778,0.09552164194335044,0.011171851158682154,0.008105312377765943,0.04727517516986422,0.01145013334609473,0.0005416688453542966,0.08897341268776117,0.000345857448747379,5.180130884672578e-05,0.15547107905132293,0.00013267500813598737,0.020708886855075347,0.19325176578791325,0.09958507188337308,0.4653238228929702,0.0002051328302339377,0.4895553193773307,0.16114069981072868,0.016102528829172562,0.4252139356916125,0.018037702128791668,0.00025280727367154183,0.0005248889695017005,5.005038243544045e-05,0.1151252832179007,0.15640228107375415,0.00016090513771397643
11.36730709045229,0.0008290016396027486,0.4406136873030457,1.169076158604495,1.3643021633179453,0.0010389201339452991,0.2285005794946675,0.14578470054250997,1.3236828578789006,0.24927755840421764,0.010026870086400099,0.07635925493499925,2.1735127462650653e-06,0.11629375599095929,0.016358573273568548,2.017580034169087e-06,0.318908044377032,2.3056963787944754e-06,0.02502804432323679,0.32252765120603016,0.3957649400495295,0.5821068246893479,0.8032368822079008,0.11635399100783463,1.062532589940953,0.004212956210670945,0.6908438081583851,0.1803530164562139,0.03867853975139675,1.5862786217514125e-06,3.0409296372532707e-06,0.05854121556590285,1.626022721970559,4.065893462008331e-05
5.820804557940762,0.05640986940881784,0.13445195358732331,1.078754751606182,5.703810131585084e-05,0.0011737454932395704,0.11840088751759717,0.037206232492839456,0.04220426553447335,0.02113476743704687,0.03221959588146934,0.15055163805838187,0.00010643676147374714,0.036815430575826785,0.023363035026626986,6.160684301388317e-05,0.06831970503864095,0.00033853889350028867,0.02734318823068573,0.19872916199110485,0.3270262020001981,1.4817209644875253,0.01927549577212349,0.022011856651775796,0.3221935470392292,0.004510445344268739,0.00042643343283145453,0.029749821359889957,0.020677221530299886,0.0001052478270597577,5.6926615221043526e-05,0.09355110505068476,1.4709549774432447,0.0009024649068495468
6.426360384916643,0.002005360276737138,0.0032068381314466453,0.244998495526395,0.008268222058164366,0.006337234490416373,0.30232134792089116,0.05255272283683464,0.2266818407347389,0.9133981299071928,0.0034206613392163817,0.3629723179738468,0.00015203486548774942,0.09157509971632365,0.06139898151853682,0.0002763903779257918,0.1889774687813218,0.0030759772381275968,0.0894575291581311,0.05510820700785792,0.5099056597431425,2.450257855532263,0.0008628337608233896,0.010908724357600577,0.08319903023428953,0.0019338496168378992,0.004964141933217746,0.06234534624520269,0.001436885836079043,0.00015496683528192428,0.0002680706580944761,0.012714576469404189,0.6677119931876844,0.0035115906471289452
8.007484121388483,0.04288453140926545,0.029121250258083067,0.05824734201377625,0.698584291305753,0.0019254093028448702,0.3018988147096278,0.00040968274797978594,0.3277130368707377,1.9147927246363647,0.0012166346930079655,0.6517654586699653,0.0003896022104523824,0.00033696188566625327,0.17997012891752331,0.00023776383396623862,0.001034877125480155,0.002173387805174854,0.003104380531652016,0.19270431598322452,0.028817159535608722,2.41186587768193,0.02364386585222603,0.02659368806918817,0.1865159522012357,0.05868203339186032,0.31363918617831027,0.012026099498570062,0.0022974784844010726,0.0003910237187897678,0.0002440608989222933,0.10877577701819303,0.4223332066843767,0.0031481172643251496
5.093150976341237,0.003760131443535825,0.35184131760971143,0.0996744749378609,0.19787463137256814,1.618063323585294e-05,0.18272318008767302,0.09361093254792648,0.05776911437357983,1.553546224802119,0.0002460485614919696,0.18696464255342432,0.00028584246437489424,0.08008863515116428,0.10489017690899269,0.0008236551488224385,0.1140220041421847,0.0015764921992660094,0.05904379919904987,0.02054770654533502,0.2584339583686745,1.2183802809100803,0.1454969268916969,0.027331364307150177,0.010040336865056529,0.008906862338769386,0.10726535065011528,0.0029798091393168314,0.020470094303637318,0.0002997809740192454,0.0008038941777509212,0.02350699855865662,0.15849700498265587,0.0014331231913405202
6.819767761789835,0.0025511261369814686,1.6365888154910266,0.419519515265242,0.5626877605910671,0.004954093709798094,0.07423055105281408,0.02603586317742039,2.5715932241843364,0.07555704776047602,0.004861678783604403,0.08233362230478017,0.0004345739350174147,0.009332783770807047,0.03234143283256073,4.898339100764167e-05,0.07323240341247465,0.0003031364485460639,0.01598507592797595,0.05691320523155054,0.1789187693992372,0.0313470034753219,0.047344369954815585,0.527773136838557,1.7716997138803644e-06,0.00025443562278751905,0.2466038086148779,0.06189978052516323,0.0002899864277175081,0.0004489723939750492,4.156170337710767e-05,0.07454616486786576,0.00027002919644990346,0.0005230776624895298
4.1597615847410285,0.012896459764685236,0.04391475947693986,0.27087048507263506,0.005552272737399464,0.0012625350400440952,0.014433512245425148,0.12085869870442364,0.7098842152404022,0.012343575694679745,0.10424477826068451,0.28343614902972114,1.9419859056505037e-06,0.11802231656275201,0.03364121693915356,3.2849661023293107e-06,0.24983523797861706,0.001038666700558512,0.0043900046889868895,0.03557540175148405,0.07352291090652359,0.03409310147495913,0.0012963553092468136,9.962445999181282e-05,1.8646848488576246,0.006268284650976542,0.0016953622983496275,0.031630493808636403,0.026356997121043228,1.0408173221115085e-06,4.5421246697728774e-06,0.08675002031923351,0.010265335179997098,0.0008871545718548742
2.5024187845871335,0.00021500806810001262,0.16504393635493905,0.011360266200985812,0.019701243959043966,0.02085000655519376,0.054327617462274644,0.1034535338395543,0.10892343002204344,0.0013527938426556214,0.0005928060508837622,0.7227781523468871,7.766668622591856e-05,0.1292696551151276,0.0031714339447265734,0.000431645118896205,0.29248826271396766,0.0017102957152815444,0.0002554892375070689,0.024486369461366085,0.1479252697813628,0.0003008419955874114,0.31726436711961603,0.013002488201087905,0.0613028949304869,0.005840613150016966,0.01627259756516154,0.07651801563429028,0.0014044886196842173,8.39163983414941e-05,0.00041739990575688263,0.02786800734244904,0.1718608745489321,0.0018673966986999559
8.299651039112645,0.039308725314890346,0.8266945507210256,2.2846434821538097,0.061893334566815394,0.03616149761941615,0.002829727912314626,0.02310706692627424,2.0971958624632774,0.3532918160660275,0.03758566784705156,0.11661170261388992,9.775290090804639e-05,0.014191086394605692,0.17278671782715524,0.0006548126735820368,0.09137163748220051,0.0001045893147030574,0.007016056408211971,0.07441260369669338,0.1532980144837361,0.11173307912587371,0.17277335433908905,0.5019347549699098,0.44429079301916885,0.005909970640478138,0.024431602795811323,0.5825019648908174,0.0031557411238685926,0.00010502422486158445,0.0006830564052367628,0.0497908894291127,0.009072842672552641,1.1260089275931598e-05
9.262624962388156,0.012836766089288605,3.3338267237224004,0.0002436085403939578,0.3108295639389162,0.002407110485868252,0.08617105520520565,0.0012994664649361907,1.8456575170568337,0.1144505020457546,0.0168068217504602,0.8742866057836145,0.0006206758377100488,0.0034734282413682945,0.022335274517375273,3.6450370101606208e-06,0.02518686143986797,0.004762308917024848,0.0595804699733984,0.14389176292475966,0.05185316218700451,0.2622749514531675,0.756365546814901,0.7119518719155109,0.3362537118971859,6.41427694118032e-05,0.13071651905030476,0.1132191885970494,9.532861859715965e-05,0.0006244366058412815,6.208638118052194e-06,0.030864398773697562,0.004882323186333562,0.004783003908844577
2.6186051721368893,2.751946508806225e-05,0.45551398056637915,0.0006750407419797645,0.18622380122093032,0.00046540041636980266,0.012514928074224576,0.01805002130094173,0.0033162657726416495,0.000871120603408376,0.01183293481829809,0.2062125249833317,1.1685483355556303e-05,0.014540801123986556,0.016742525441430615,2.7501487065756556e-08,0.04364363650894785,0.0002483754253465134,0.04356863147769056,0.04148856440409868,0.0726249714553707,0.019391044166240223,0.5455760279477191,0.020744304735368327,0.12705169442993167,0.0031292805008726015,0.09035612486335777,0.01564268461861847,0.0018579860627453548,1.0370765966771073e-05,9.719488423528346e-08,0.11880872161097394,0.5466011243275205,0.0008629541273830633
3.9501947331397385,0.0006134253890458995,0.4464089495950747,0.07873246016778784,0.2782411698275432,0.0018482159278476876,0.05070236302702275,0.08632164830361291,0.05571556689398306,0.2367290163795797,0.06849740642217729,0.12258086842874705,0.0004324331336749658,0.10466291369414987,0.10226102714960297,0.00013201342930772506,0.25222343879938725,0.000181284760664508,0.022348156444959105,0.14265816804751755,0.05066694110445617,0.0064783648942004,0.40545683598709154,0.22388980063877495,0.10155693348634594,0.0012853010880004498,0.15232613551965368,0.0006905744249398137,0.012009506690151594,0.00043849459566707675,0.00012734664584030406,0.029341615488494007,0.9144190556255003,0.00021730112893586007
4.755540933134247,0.020950556999674873,0.3229624065775423,0.038986173506749745,0.011051333117119642,0.03210862373599301,0.01265164049721722,0.00022514878586584779,1.085774522257054,0.22482111426146645,0.14637927507006668,0.0016902644890730545,0.00032371748332029704,0.0005683558561062709,0.06857635250196771,0.00027722216838830925,0.06921456549876978,9.990592703803398e-06,0.0020761797045018514,0.006033355716480046,0.02545827109239101,0.03964495637014524,0.45585834370410866,1.0140323674716032,0.7949747309837066,0.0026265078738559873,0.01799462033951492,0.1850968126124893,0.0976459779571045,0.00031189561647940243,0.00028498429905342076,0.017581286482055515,0.05926587131553161,8.350819614643084e-05
3.28084295911792,0.0001357137617305674,0.12608389886967766,1.218365275164353,0.5222515292437393,0.017580709810380128,0.00469862309226866,0.005383370885734673,0.05969586489911735,0.00016652233627328355,0.004143733726150899,0.01835869767035115,0.0008633662154540646,0.0031045662538870364,0.0318621864964669,0.00022588466970557898,0.0012023452753579212,5.9785403209667224e-05,0.0006129175500121838,0.01476801691330377,0.08494869370310563,0.0009338568554030973,0.06929088762575406,0.31033607303630945,0.24924495771365765,0.0007948292569280957,0.2970580116063179,0.11188222350687109,0.010695572346532822,0.0008602287952592302,0.00023505595978318746,0.007565521691883388,0.10729802745201099,0.0001360113309293843
2.9482969040903537,0.03751577454885989,0.016979814572290655,0.518260241776667,0.598322300409448,0.004844609324971878,0.08777086182219364,0.11056529740970664,0.11215126111876961,0.31251077680163525,0.011545163372406676,0.013127262855434845,0.00018921536719620355,0.10105493661343633,0.0033305580392600275,0.00034731481096875666,0.10640849409173112,9.76116757988326e-05,0.046013271907809065,0.0393072987887265,0.1065739887053852,0.21178750178457398,0.017262774306253167,0.00333577793109806,0.044922764464866635,0.0393307783421215,0.29023580769992563,0.05801357005681835,0.01960012206308312,0.0002031814956888109,0.0003432531182201148,0.03588631256225367,4.956076614037981e-05,0.00040944548661395414
2.891557561999592,1.3049073906441798e-08,0.0001878525682023019,0.044218115801532745,0.3766663850545564,0.002931677397721016,0.08309626073678113,0.07322890571743972,0.5903305931707864,0.16800314615070064,0.004421646597684795,0.005850012076519128,0.00041707388847506203,0.02474997752267617,0.003367247212049071,8.632984879688767e-05,0.23085004899178174,2.4726433142892823e-05,0.02039641368515281,0.043776932192552645,0.057743428211340674,0.01967954289405758,0.1402140327641311,0.3671432873119992,0.0793489013422337,0.0019334792361581908,0.19833761762417024,0.15749235270196071,0.012194876960706293,0.0004106763551441925,8.268732668038553e-05,0.005402221870900455,0.1786618290326618,0.000309270271822023
1.9997210037712074,0.0005992162631078156,0.20943742463982293,0.011166766029964088,0.2832352303245742,0.0018568497257657975,0.0006815533775339384,0.035572429107148015,4.4077079431215774e-05,0.08818055832499894,0.01799632885309086,0.08190437566753604,4.648330207238457e-06,0.06045199521369623,0.012681278226463304,8.661793311427548e-05,0.0726307553769147,6.44212907918891e-05,0.009887847382893252,0.037713999729231285,0.05692782209229973,0.007565915881685823,0.0024739299089707816,0.023032875502289423,0.23400199450528933,0.010473686713031352,0.1354602368419988,0.050577820110474285,0.00013283022393552725,4.200454623578838e-06,9.009019131880512e-05,0.00198829040997219,0.552080779594359,0.0007141584646728407
3.788278722660851,0.007988787602040586,0.032449613490363606,1.2236207047510972,0.07645322852947993,0.0013679590785439146,0.0027942995969241877,0.07930272257745256,0.8914697855443373,0.498943845783208,0.0027654308533084475,0.13490440270714277,0.0005210113578388102,0.020389308453210034,0.055131809808799885,0.0005211323402918319,0.08950486599017671,0.00029952090301532577,0.00014404403745505405,1.70824349532092e-05,0.006656768831986918,4.842133558057972e-05,0.0006791181238511028,0.004099199927886752,0.12778021973442144,0.02520197444043949,0.03565513555665912,0.056910671059025864,0.03389489928404128,0.0005451571025920791,0.0004953276841521065,0.0024621029423514853,0.37418364242485735,0.0010765283733668162
3.227707283251283,0.036436393308197076,0.051206237715339276,0.0029879873644015893,0.0022978813924387285,6.917715990645574e-05,0.10178948831593228,0.04009387364697173,0.020867378113706193,0.38141214346286656,0.02405872367342538,0.06240088317535917,0.0005568864194280871,0.054907032823457914,0.03532690848165488,2.998369787268462e-05,0.013278501504682322,0.000331077625622914,0.009370450360703005,0.0020101154248164817,0.00031799373581163913,0.012321698845692298,0.3193634839479698,1.3441938195920118,0.003969654369241761,0.01937050772387571,0.00518160001259215,0.0032738310165551384,0.016271288267459296,0.0005741118104967959,3.521800257793417e-05,0.00016527107904629906,0.6626838059855857,0.0005538751955838899
5.242610666578031,0.0051248208585698415,0.003338231291305485,0.6262740499012062,0.0248204934723293,0.015579687477605528,0.224021990639723,0.001326370028675417,2.987471869590331,0.007407837181174042,0.06626503278847147,0.0022611733790086483,2.482450384839511e-05,0.013644246666761896,0.05874389934289786,5.4667942053848704e-05,0.02786983382568062,0.00010189434720086602,0.0018511477970304658,0.003572551390372939,0.22048936007264341,0.10858541497956099,0.05780200564876183,0.10230045158408145,0.3877063180663939,0.005262273515315966,0.01485677088730067,0.05104682249051456,0.0027685099571912557,2.6269087771391834e-05,5.103573832808006e-05,0.00030327628482705805,0.22157182759593985,8.57082451542741e-05
4.559363441774542,0.0638415392827515,0.2720183652052311,0.019133851590093457,0.5776728645313102,0.000866655652594462,0.11211432216531321,0.0018474652852387159,0.2218454824228824,0.014012100340899251,0.01361202878779513,0.044390217383097605,7.85396228475265e-05,0.00025648404523616553,0.03948990149705373,0.00022692029664614515,0.0071020663579656725,0.0007174770436858052,0.0028059136997070446,0.0019593411401744483,0.005434676089322111,7.113004215627458e-06,0.572709039765714,0.5237435372207855,0.08499186618997825,0.025726713711746608,0.2720196189180885,0.01865381528099842,0.06338723422560835,7.816345219407228e-05,0.00021845043050280248,0.005407672685320348,1.5922260384896343,0.0007679659599093054
5.443052393077827,0.0053410623444843115,1.0665670660508813,0.20292586133823629,0.03760139841214034,0.0012959494719196277,0.05152466819280568,0.05047790028236801,0.1359723976600476,0.00901439175596043,0.039842544391916465,1.004011608934999,3.6122161680888144e-05,0.1027141574970129,0.057624752620512,7.030956284550704e-07,0.12072941494241575,0.0004873426607663297,0.0555459421053761,0.0013325334889574534,0.04009916024491755,0.08117724304790247,3.9045312835814016e-09,0.08159386670408827,0.3259754460148989,0.03178131291465176,0.020144824206725545,0.005731198903004704,0.026589240510939312,3.478985132495297e-05,1.8597927236537702e-06,0.008810672049840264,1.8768200340243282,0.001246923499841554
4.731078402161818,0.009464543060795383,2.327602931486538,0.13689970579656677,0.04826216052480624,0.00031647338940272025,0.03469121512661428,0.02707017992457887,0.37282951148790994,0.32518900608944973,0.0489892889274975,0.004619586750095894,0.00013257898498966853,0.007670402059603739,0.00021471728184937645,1.8871673447879354e-05,0.014377123014073396,0.001482863110579713,0.053772893672361106,0.02895681433926089,0.00025876657461449196,0.785868396144364,0.3218794777525474,0.014324288400219456,0.0038810286649903864,0.024957603915066417,0.021678741496819542,0.00866932086034603,0.016124036467538152,0.00012617383294480353,1.7229909698575607e-05,0.08735877136742812,0.0023388011237095246,0.0010348989511100065
2.537055141443913,0.020241447584628064,0.632922762541325,0.04249846894358751,0.03987454805085285,0.0014640956650987535,0.01565493884195771,0.009773653695738422,0.2667424705229937,0.4478404257863622,0.02381407891495401,0.1727562909857881,3.1404109142570815e-05,0.0265053441979885,0.054035220413410724,4.136203929615598e-06,0.02090924674735708,2.3446483257143428e-05,0.10999180198748355,0.09698804255689059,0.0009343301356875658,0.021440139792858286,0.11548170454739783,0.01796819665144622,0.21190343142267432,0.016226939037118367,0.016203850400092586,0.03755074970320968,0.033233012822678064,2.6444404780262158e-05,2.472088646855275e-06,0.0007139312650331851,0.08299522766783247,0.0003028872717114746
6.749376079469336,0.00028427420952914755,0.02793293393990967,0.3093859682235981,0.007851468302386375,0.016981155697647042,0.03145480978074274,0.013010881427467045,1.877854595107922,0.024787885866586826,0.11162858485706077,0.011241995207470998,3.9923935050442885e-06,0.016816519913870086,0.08240856976116641,0.0003700733023568719,0.040879250202643026,0.00014071255445774461,0.12738034279481023,0.08325744261729998,0.13949516723658775,2.79910543267022e-06,0.4067530378132449,0.1579927640602765,2.24265502395705,0.01343772702891893,0.007924718339390105,0.07590546401073905,0.21481106442991257,4.574693011641362e-06,0.00035091336408677603,0.0029074069842162397,0.703462575772325,1.386513712295064e-06
4.741580121490547,0.03275372098708356,0.3768118976168508,0.3042302882136948,0.0018003353794967783,0.005629194780211554,0.04180578318050239,0.016515810215163906,0.009896172572386949,0.0854214446240137,0.00047402928811422014,0.2227185834477828,0.00026807337671614484,0.015480799922321709,0.0046946037494683115,0.0008373443819967657,0.01596296049865841,0.00017193447468025587,0.06738227698030119,0.036581241000713825,0.0015933956203576598,0.0447998119565325,0.6130669371799307,2.151774229931966,0.0770959473434786,0.021505935465997647,0.0006553156449220633,0.004762789715491111,0.008915963666431149,0.00026805635353452346,0.000833550394342872,0.010378705223973734,0.565809597287586,0.0006833910158452811
4.998331504708209,0.0010798168729447707,0.009811453955536596,0.13589571018087518,0.07753527318417419,0.0073060954978398755,0.16439958918925207,0.028941127781370663,1.1618314125597247,0.25879667438013,0.005841464509854449,0.45635169135262155,2.8973521254237407e-05,0.014010655319986489,0.0016198158247193101,7.502708819699554e-05,0.001094892207020775,3.739623498663223e-05,0.0721409165944364,0.06343914656227749,0.00011416285613171626,0.8971969190379017,0.18158444815788516,0.006143242518875443,1.0031591063120393,0.00019673372745191217,0.040756067697990124,0.33160560678869233,0.029425178493092962,3.3555504675286885e-05,8.088409872726095e-05,0.02761919614558973,0.019843979793161947,0.00033529075879095436
2.8290029890613444,0.005339543585117912,0.3104373311802627,0.0008390921195604558,0.4441998503545321,0.008273509498979962,0.013489781658286714,0.022576392401377925,0.11172566084679908,0.012602076837706212,0.00025223769666067613,0.0082172644145161,0.00022354316265355806,0.021823933844734855,0.017008153551434896,1.8282524015271806e-05,0.0025418877902479,2.06676634253476e-06,0.14483340541308323,0.2121857332742981,0.015954683855408096,0.009395069654094595,0.08221850286733462,0.4862324718871194,0.4323763930591725,0.0032006941602879943,0.24985939511223523,0.010816928362555246,0.028757520183839966,0.00023189852381325348,1.8890842071694173e-05,0.012269263075081645,0.16075929483227006,0.0003222357254500027
3.8509200966022434,0.06482883449090628,0.1885109861280336,0.2960509131700219,0.009779113654556727,0.009524948503251881,0.08122967581465484,0.0032700176876907846,0.18677568311131534,0.05524166359506286,0.011078314155453186,0.20812346281736677,6.607980254887314e-05,0.004810775230777478,0.010195137304656453,0.00015543200528120904,0.04914910021734212,4.7697795819496566e-05,0.2215925338411077,0.09113546945834931,0.001151610808747254,0.0001764082344320728,0.09494028731460995,0.7259398342009123,0.005730889232408029,0.015874522377495724,0.010790654461292792,0.2804666565818746,0.02645123799807581,6.201734118496124e-05,0.0001604986639554639,0.00773743401958231,1.1897910889419865,8.111764148864905e-05
2.3894697729893006,0.011346935277948661,0.36042242200960267,0.0813427654896136,0.07818440309314276,0.004270741747354724,0.036487192290533266,0.0057708607807303094,0.0029076677427158234,0.23995311290418508,0.06936923148597134,0.014981050412230731,0.00026023461658452907,0.0009780598114066828,0.007717257110240848,1.0937671999480305e-05,0.06534675343093649,0.000985140134604587,0.2962843982894199,0.0793314651008949,0.03296317523753337,0.22459102120380292,0.0013272928039573472,0.4499389720843558,0.038418731397234916,0.0011780720752877002,0.03199944397491776,0.0970835913442717,0.0851809354761296,0.0002548280220871496,8.98147299173771e-06,0.05740117246047913,0.012723788370975925,0.00044913766515925694
5.035213615537237,5.864580868587589e-06,0.06942672254028723,0.7409087408739262,0.18553546774069815,0.0002446440035812758,0.016064917600039298,0.003278780517577528,0.0441881424346532,0.09527144357041446,0.04188048175053244,0.0005311108584825461,0.00012983241082866766,0.0062121312355731505,0.03329365504422275,4.6763167030345826e-05,2.535749880056766e-05,2.3808492939731426e-05,0.44312276215502294,0.3182276698398219,0.00993737986868474,0.7579872555545389,0.24440945187720434,0.040291740776169316,1.4353332296661407,0.0017920772004659277,0.0959124016300056,0.045274785532969736,0.01427290036514562,0.00012875576827535754,5.467049744287454e-05,3.524135860109506e-05,0.3909263004056038,0.00043912872068735094
6.369157397740294,0.005523824280384319,0.9248444380021632,1.3594182443964034,0.007077491340411529,0.0005259360706102476,0.12238243520476609,0.002519505554098871,0.014479149541497557,0.07221012427375413,0.02462093386658534,0.16535495658987054,0.00010129598417022815,0.003696084345039526,0.05897157298409579,0.0004655166237354747,0.011988947717715026,4.818493406237114e-06,0.3889301018666134,0.23233515784304443,0.0037149291277396887,0.3082528481528938,0.49202454047975075,0.19272055974354335,1.0908732234774268,0.009993122174257837,0.0040824962622016524,0.03460246371151905,0.03133269838408731,9.701737877094048e-05,0.0004795287701750343,0.017168285530956662,0.7875797014331668,0.0007854481354391535
8.261244200569772,0.004625603612225001,2.9421531057481194,0.8599924991084917,0.0006194720521591557,0.0006633083097239386,0.0027788170282116234,0.008067964212064103,0.06190496478654105,0.07780387147634585,0.009468116143419905,0.0021241383067039095,0.002262700059507305,0.025215529112399923,0.002876263365660689,2.3575530050839453e-05,0.0466732137962295,0.0011966562442530973,0.7614006018802564,0.31447507195299684,0.011118395634468767,0.006463291506695797,0.015367389672636622,2.3568785078363113,0.4263087661669613,0.0004133929058307034,0.0008910848714140789,0.08963458866376632,0.02054470255119087,0.002298153951835267,2.358228264071916e-05,0.022104514801455342,0.18438552748741086,0.00048682951179391604
5.120003589918826,0.018931468241347022,0.5449472846138285,0.453116208645715,0.06650369429415932,0.010200604711798907,0.13331963191304488,3.71308713165195e-05,0.1942385317959837,0.5824284644505574,0.0179204604676049,0.06778014640433215,4.249747776335994e-05,0.002752862319083741,0.00533975204511024,0.0003852689443899609,0.04042264585445187,2.1510954864010383e-05,0.7582656037873922,0.46318094391588366,0.032875269161816774,0.09520918189653065,0.09220826214831754,0.1634086897892964,1.0766528279877932,0.0020702122527411684,0.03669853019843453,0.15933375882317855,0.04726745911072808,5.078489123517469e-05,0.00038361895285074304,0.04939628029055481,0.004480851132048325,0.00013315157467293446
6.1138467454042065,0.0007231581255374756,0.4976042455352773,0.11226082693590034,0.3419723655848347,0.002036223376966361,0.018089419890615556,0.09385407387282978,0.3432084725870385,1.0374459759416557,0.005840476762960002,0.0009735245616654217,0.00018872992836823383,0.06246481165352659,0.14745816433379189,0.0007343424096814145,0.23972689246949178,0.0011517425753826758,0.9801881769791617,0.3786001552883167,0.059054447756732596,0.4831407316481398,0.4239186158827851,0.21872306617689097,0.41248679474585154,0.008785081797763501,0.1786359063321542,0.007030316356168883,0.024192141290152236,0.00019923132361036072,0.0007509463498299371,0.02370356507881884,0.007870475910567288,0.0008336459417390748
3.5308390005183226,0.009330270321291337,0.12967016071155885,0.07262899943278665,0.02510902309978559,0.01574218712314387,0.01694000831160594,0.058439916167571625,0.11187667214188389,0.014275545617193254,0.018763664650507512,0.199266691355207,0.0003252653659421529,0.14245666674101629,0.0008703835481143005,0.0006222997365426819,0.30208430015921317,0.0033148001939499842,1.196069874451639,0.2454855217104996,0.11693353530203981,0.15884315790778938,0.3444522554596638,0.0019945646769304465,0.04071719534495167,0.02501454674634606,0.00881068403416187,0.12275867786457316,0.06794043439738,0.0003226810255272995,0.0006378713905257524,0.04599133123036678,0.030642739089289262,0.002507075209324605
4.559448871193118,0.01320872357904493,0.031101693146079124,0.03885760146154719,0.11054937200696391,0.0041267414903588375,0.08769118165816503,0.09217301318015453,0.49507861105250645,0.0028428144518862233,0.024263935905943144,0.11487369006594741,2.7259435688971203e-05,0.05002479387541121,0.0023553226633945246,5.427493335053136e-05,0.18932559652855244,0.0001436862664104346,1.2516275076891303,0.2691397868312696,0.00038365574650009253,0.2395267318084998,0.021430854002438004,0.036144290355885164,0.6153177332032022,0.045867427164027565,0.0489375389916632,0.315263214741616,0.0003870469559400934,3.11900152423227e-05,5.849808078360016e-05,0.008661121456920514,0.44997395252896005,9.919635008389195e-09
8.47785958235161,0.0018284955683956624,1.4298747666023088,0.8207947399440909,0.0351971412594369,0.000107229781415279,0.12451250530616127,0.12267209110580905,0.6427534803227071,1.2778528620825276,0.10486729389589027,0.15830748915569193,0.0007855633938289704,0.17439914448360735,0.28807195891862614,0.0010236180083322583,0.28669098852949493,0.000972318446120318,0.954279147223783,0.34697709901328355,0.01611169567669467,0.2566566337976028,0.6505386988236752,0.007942940643788922,0.00030788166493353594,0.023737985238037378,0.021983869946701665,0.015596385345190304,0.018724336127705098,0.0008014363326450546,0.0010455094383849714,0.0342160114455401,0.6571474930161291,0.0010807718130690968
4.667691367855058,0.003993026333057157,0.007091766605603544,0.049000503160119745,0.22609168973174834,0.00853821777508281,0.08273179106629225,0.04378056869938885,0.5420637429271071,0.012194898171504095,0.00019765780280330534,0.00015414571606811166,6.556373573259721e-05,0.05121249707945802,0.011773734631606676,4.895345815197527e-05,0.01173820891220098,0.00047796965040452187,0.9067757927090055,0.8928995273727315,0.003374171527510097,0.5349257423874817,0.17360585768119324,0.28463918890756057,0.48969441286904225,0.00880371312745065,0.12319670945996049,0.013834589201613153,0.017290616508086328,6.012558339749491e-05,5.262823766474132e-05,0.16593051153568178,0.0013015990041003102,0.0001512462862477904
6.733964569582148,0.009651828545188512,0.7804443105510795,0.03541219234828103,0.1869675630251508,0.005150116491107565,0.13315920357156927,0.05476407227666157,1.1241270012760882,0.01325536488228835,0.008769703311421888,0.4347675140644444,9.064944163385185e-05,0.04171524785129517,0.025704733111810596,3.7196916055436485e-08,0.02324751642680023,0.0006959739308599711,0.9848037282202857,0.6156577848369629,0.004380404576795205,0.006165977656958618,0.07879508511477956,0.11773232651920461,1.6672423056974082,0.0622634913664656,0.10209314350320224,0.01529826486060479,0.026429466503705604,8.704459805414833e-05,1.733934289870143e-08,0.11707139708301742,0.05543122687127899,0.0025898765314841744
4.5432638794447895,0.0019481581072066322,0.007123186084011884,0.023791186533173903,0.3902037577133886,0.001964334025734156,0.01905554520605531,0.01564200193217678,0.5223675701972177,0.039229248931323374,0.03370538633720272,0.077727075651789,4.149676415484561e-05,0.023954860172727906,0.03736149245010699,0.0002025679341562974,0.013132889494794327,0.0014738877129081486,1.2739906871496138,0.5516797775283743,0.025642633607746268,0.0081717495703729,0.13839613770301218,0.4238812984508872,0.017014529427076975,0.07499502265346246,0.17470982252552864,0.03138984004401144,0.06206318908553137,4.568608272953169e-05,0.00018872691577790718,0.008510178199947812,0.5435065658784011,0.00015338937418691927
6.777253199370905,0.010710980567042628,0.5406079647842612,0.27736343103709676,0.05724143466444791,0.002668136054500548,0.010582896412390116,0.01147553922957716,1.2459608415309702,0.026743958929878252,0.004557850069882499,0.07890884510486935,0.0002957504692975436,0.011219147612566791,0.03559350006586662,2.8238612395898308e-05,0.10472600865348272,0.004266445111841233,2.1270671697348797,1.0803359312410872,0.12207643809000779,0.004486726970548672,0.4011382331878733,0.3745242467300848,0.00886204294743107,0.0022049950926113396,0.031998528696690495,0.00032472131828210096,0.010430601630013527,0.00029752267391766396,2.37165141110354e-05,0.02211595532414538,0.1679921862799872,0.0004232140288665864
8.204219755188353,0.0011189671925672597,0.9414068434471344,0.0027496263943530158,0.1966737559095668,0.026790626058381135,0.12607817392722806,0.10033239517249387,1.5426953503599432,0.06468444140225568,0.0020465234513572113,0.10894463271093743,4.236367786082402e-05,0.07462122530904967,0.0016727361683479618,0.0007864239628180821,0.2632256592502966,0.0013450849225403922,2.6583241865835325,0.9951298756606556,0.000800885964105753,0.00679993798265855,0.0693420138127122,0.23849183514453387,0.31089716028426884,0.0013915825778537667,0.0805668232053179,0.2554031163500394,0.001751767400794905,4.189126472544339e-05,0.0007980899592926466,0.08064837054901008,0.048012714253707484,0.0006046748780114359
8.268648599634737,0.050701899496422835,0.49172019511435594,2.669116245702562e-05,0.3306029173495683,0.004119154474399491,0.1515847548624178,0.0010494315749985195,0.6367277407786174,0.2503193652367869,0.0625914100481349,0.04948831135187247,2.290898559854746e-05,0.0026445869544388994,0.013244890567948251,1.4803632880902392e-05,0.015526303475518947,0.0011781309828599285,2.7243897051730346,0.9961535665851704,0.05419556223105873,0.08176474117286307,0.41463342873749015,0.23745784127344996,0.1952028321807835,0.002969511563352858,0.18738613044469254,0.014168109369698634,0.08419767900153573,2.362932302527876e-05,1.3212622323316076e-05,0.22155145787795252,0.9929564723073524,2.12237216780302e-05
8.620363157042817,0.029044978526736945,0.18083008262439038,0.4574512758394262,0.14224680215497817,1.8401750380368348e-05,0.0012450471624521843,0.18111632517752557,0.05134853728547821,0.015242589296281054,0.007249485599400445,2.9598135510461225e-07,0.00041666468232191215,0.1403214317711122,0.023458674529998832,5.294624817599728e-07,0.23219188218143927,0.0031823980328708847,3.5270356478908234,0.8901750445679907,0.2441428420190763,0.05359290118440418,0.03914260414823244,0.4605163221823745,1.5244809184952952,0.002203080413502401,0.08094994709213053,0.013598810370819382,0.0030262874850295837,0.0003990156892352003,2.260298913234408e-07,0.10697364527600359,0.2080178622386735,0.0007425999007066696
11.976201893704944,0.03805173658243125,0.6103444679629881,0.0340986472430106,1.2197599328949116,0.00028946581969691075,0.005959298475642144,0.16497109983983466,0.845487770569778,0.7166301436978961,0.007405482714764558,0.028721594319752075,0.0009269385380770522,0.11493516938923411,0.00111156965139427,0.00031476273602192684,0.19619866211632586,0.0038354375289275026,4.323960605606653,1.1428683303603484,0.2976405118181582,0.14488183851923764,0.03559740666977438,0.36508247271795624,0.0015125901064597677,0.02210284373157922,0.622692663212346,0.009143600078928693,0.00978422043747806,0.0009130148278294044,0.0003231547110990083,0.05000717972108816,0.9601071046286194,0.0005421764767017811
11.343644917370925,0.005009874290678844,0.2325733434567801,0.255784621069963,0.04625934852905466,0.04106691221827779,0.0699137273903275,0.09514135212503834,0.1552454119813001,0.6793488413095122,0.04617484400485847,0.0188053290060673,3.521538085682419e-05,0.07090978151773245,3.287480982074719e-05,0.0008688916991820049,0.2300121251672137,0.0021411353232600344,4.6973736551311465,1.5930381022448459,0.06738085096635837,0.14723367898491327,0.2887915421684418,0.55001340010901,0.5036641353136448,0.006551775570825906,0.04129748132670436,0.2509253443349223,0.03413456734574957,3.760185295156042e-05,0.0008711385111067652,0.2443477153280692,0.9677814568566918,0.0008788420456199742
9.202900081372382,0.002031827058158159,0.01345142062883998,0.01039676465156626,0.1201727039826616,0.002005613457685192,0.0071093590419350735,0.021182836304498225,0.046976470685602616,0.006030835618532718,0.00014676593244773882,0.289336182420546,2.783788834796356e-06,0.0178473395997795,0.0014033345076097036,0.0001437215501769428,0.015450072352226743,0.0004387641777876412,5.108737234276878,2.0099311439283665,0.3487392471006035,0.0027306074882226415,0.007754286162454599,0.36365413057860796,0.0045944407228948846,0.0018011160007978396,0.06987861438712187,0.0037575545495499643,0.00012655098624141946,1.5613372818483605e-06,0.00013944488465700514,0.31430468521444077,0.4126154748105589,7.19318481608511e-06
15.281718018176466,0.000243371475272657,0.1903512626453787,0.003199785868184736,0.22690009836189878,0.01565989609167318,0.16438075587094847,0.04670526221545926,3.2471647925617826,0.3617763635327656,0.00457747909215725,0.002650355658327819,0.00021635836757342896,0.04829664136528612,0.021394528375911683,0.0009295623348033482,0.18756372394899215,0.002529294592718976,6.261339531327027,2.7004882260421765,0.16954385856891208,0.03000355745704696,0.09684259894531996,0.07112910156590399,0.8748214986160586,7.708661544818601e-05,0.10502305499210242,0.08580105199330317,0.00025511560562121245,0.00021306328145853678,0.0008883308207788773,0.2654429563791302,0.09489980953226294,0.0004096440747790246
19.387065932833533,0.18162794395461437,0.4644230102881126,0.26447381803331454,1.308058799025972,0.012196354325198885,0.6348573389494365,0.11710348967466791,1.0310296590768804,1.8118856488609565,0.02043259072065426,0.7915541158956352,3.5404920650145573e-06,0.06029737694649802,0.0018454681105782593,0.00037172428445707636,0.0020565060173194606,0.0010157020903525825,6.545112877730924,1.8217903840547685,0.008473172175945901,0.08270950269596196,0.025042883773681017,1.1024881424074264,1.43871674872051,0.11429117740614887,0.6139060112366216,0.022763209122705463,0.04416732434562346,4.405656840761977e-06,0.000384407357449423,0.2859170509864545,0.5780540456393459,1.1502776412092232e-05
12.549668626930595,0.0005988194541252614,1.383671746299473,0.0734599049375665,0.0003571894564472998,0.0007343638045818404,0.009603052167537008,0.02527090465756498,0.05515078558159622,0.00019836619627869236,0.14416691491309652,0.2853377129426645,4.243216914842095e-07,0.03958911267107189,2.7265278797583256e-05,0.00017924997062501255,0.04951602506520658,7.91680982878224e-07,6.649005865525692,2.479646231061891,0.04094639983280243,0.37451251875502806,0.12159851942688625,0.23386281798523595,0.09326302029519898,0.01645756943442927,0.0009783045137663718,3.001549105754441e-07,0.11819043505033616,9.728445911300288e-07,0.00017800887353285915,0.3298370622951039,0.022560764058831853,0.0007672074230502875
16.90034104998085,0.0038579292059177216,0.0022887783196427927,0.47596646708483886,0.34210030156165805,0.028281328703686937,0.2313302868050963,0.13203125209233313,2.354605839931394,0.0035416012443924626,0.002606119807711957,0.01588281533916099,0.00036454840216579553,0.19499762643181826,0.0015654517536688641,0.0004039220310967917,0.5686625950939873,0.004628918989375558,7.880428615316928,2.3143317334829296,0.28299874768584127,0.3854720456940712,0.075233316946502,0.05248958726398038,0.008734172688098044,0.025276259446454584,0.16103071168678745,0.2633528069358187,0.00678893133279946,0.0003745738562833399,0.0004171831552165698,0.38740638926132337,0.6901626335181931,0.0027275589116766284
14.639721701172096,0.00036144652574934073,0.023915822918477433,0.03041682761895661,0.8994797653183735,0.03627321614730323,0.0022485351192842993,0.08671942923542132,0.04942575563662732,0.09329042006573669,0.05085762567327836,0.0008167264675619917,8.22422177894514e-06,0.02887905577476238,0.0033104542156602505,0.00013472686924359954,0.3043638769392632,0.0016665600352366839,8.192464300651373,2.7144943694521015,0.28869620079860087,0.10608063948411396,0.36275207296912215,0.11542908093900084,0.0020697198871610606,0.00013466137151498447,0.5047339778507562,0.13670215913418335,0.028829551435215903,8.29354325536615e-06,0.0001253201101142925,0.5598023841669669,0.014507388413670727,0.0007231121822281983
15.369054477629028,0.0013134520981542834,0.08829194588681247,0.009420480539859034,0.8108493894734728,0.01361914173576571,0.010286579699422977,0.06398985039287736,0.7368993924630246,0.004716172971196495,0.0016765384382056248,0.13979453628270597,0.00018590478789058378,0.05699330938183211,0.0008032525095496246,1.980488155461619e-05,0.10629156922909927,0.0004901172596624596,8.370645991261547,2.8942575223079006,0.11515557542352196,0.39550782329281764,0.00012883996302193079,0.1800685263136794,0.17747550618588245,0.0010724649952508765,0.4101648234062041,0.15555509535124817,0.01104408870558167,0.00019873301762770703,2.277831308182203e-05,0.5270865389848571,0.08501860938254624,1.012269317620941e-05
17.97572345554404,0.0028240267473880303,0.8704843706523901,0.19028109391413922,0.42100875017940154,0.0005327194923741784,0.008976266146598121,0.041023294298180975,1.150380772550793,0.14067277117839772,0.003106516030201559,0.21812134629944865,0.0016878156031708957,0.04014330191290036,0.015874162226845335,4.846112586198494e-05,0.03437154075125402,0.0008370464972843588,8.521166920134839,3.2853450080329014,0.03299918814445148,0.10224462304438284,1.37135994442045e-10,1.626443465146928,0.5970286490043841,0.0013122275742504992,0.24537461123903395,0.009328747076680754,0.0023617293879358925,0.0016946335724507672,5.175961838761247e-05,0.2900826121006651,0.11985956667696678,5.545904601391631e-05
14.218962438815081,0.0008371773507918125,0.28333612618204,0.00020347646668962901,0.14253646509105616,0.0014856401879699884,0.025315533597406483,0.016135499382294954,0.5443437634386632,0.6646184881345679,0.06099086778889463,0.2904082627051268,4.065867431909551e-05,0.0028619241287202316,0.0006078988668939177,5.383422661740565e-06,0.04783889651565615,0.00010168599078979085,7.620869112650172,3.051887670199869,0.007393572481790565,0.17549302526584395,0.00668664688862898,0.3656301193687665,0.2202646403653046,0.003347663319091383,0.08766404803062441,0.0028589951058719965,0.06040930962450166,3.905804656787047e-05,7.575475506488294e-06,0.399355200094013,0.13519641995001525,0.0001916340239714958
16.45061879659209,0.023749296739312496,0.43640760058093897,0.14915606952248994,0.3432600478298107,0.0010293483158799837,0.018662127425345856,0.004552311516544036,2.233167623389371,0.6890388614580132,0.006406253294345359,0.10883252338567724,0.00015015454198610712,0.01061517967791293,0.1588424036499372,0.00036863176497757685,0.004514791467889868,0.001720304091347878,6.845910395345685,2.0246752514934574,0.06343538122641977,0.30054738500217515,0.7715583815636404,0.007833802561518428,1.037352364027773,0.010481086076950858,0.15820956230813613,0.026057349102320847,0.0036971281846838503,0.00015246172781128135,0.0003703717047152352,0.5711720158732759,0.43869005233338704,2.2794083576816467e-06
11.224549093590559,0.005318580722563253,0.28378997445039383,0.13130541470880425,0.005696399316742856,0.0025970839723914686,0.00016192595769137016,7.131451758066263e-05,0.6965501490428906,0.5111210457665933,0.011257048486444357,0.18302951138691842,9.312938506483654e-05,0.0003374685918174931,0.04870547084188945,0.00016871705478810204,0.0005826711926157534,0.0013310937424019056,5.686952651599608,1.9994044827624409,0.029760673066046465,0.004174605472828926,0.26616072817686076,0.015500826732985976,0.7492728983720088,0.0015333327869032761,0.001656706894842307,5.8836769819680004e-05,0.0038849335703499185,9.025691718853477e-05,0.00018364786523378368,0.5825695321796247,0.0011969795572624564,3.100172896368915e-05
10.635241183381925,0.0045901052719926495,0.0041232893444983765,0.007193959018891316,0.037443145848901536,0.0005231174255925789,0.018089936721865072,0.014274032414649444,0.26573660928793885,1.418532599748502,0.01388829523140355,1.0384597264976252,5.8396177288037205e-05,0.0006722932808047195,0.06293603769233547,1.6408156438450772e-05,0.0016502237076116083,5.865695326759827e-05,4.98031906298355,1.9345225278245433,0.00043836244415173056,0.28650961288178883,0.0026563099422659553,0.09688005233661263,0.09846387551743102,0.0008469592352365639,0.01300310142025229,0.004373252646174951,0.04261211177914977,5.628433937124785e-05,1.902880042924977e-05,0.21742700629294825,0.06603788423306581,0.002828917925349242
12.288694414876044,0.0014023360347989564,2.200474311497613,0.16614123707363065,0.18109214241871982,0.013008663098673646,0.02664916216052972,0.0022124341902972824,0.028919495990709265,0.12215159942931304,0.017887011736186793,0.33901178428846906,1.483090657120742e-05,0.006119208721161976,0.050114535317622916,0.00021324052251908105,0.012920369231297,6.462929222860661e-05,3.672386760084777,1.5820741119771922,0.0020275947474125214,0.11235161443742799,0.6832373663109871,0.6787604879324421,0.004222352382771271,0.022820407809500357,0.08736277019126168,0.1790933521489733,0.00409686908648304,1.783626740308064e-05,0.00020404896141444168,0.29752225752108513,1.792446197356432,0.0016733957501390746
7.364666170789125,0.014373875225380361,0.1468335005371078,0.0032828811339352436,0.4234407423493118,0.0014430312361140777,0.08273568865992623,0.02887850758805382,0.01574014233031235,0.013182101299781583,0.005373800856982518,0.006899278282590882,3.126837233601803e-05,0.037115322157964925,1.2244268694924332e-05,0.00044600109150689534,0.04413916328257339,0.005899548531692885,3.0755684523855145,0.9305684361856722,0.008085747406098213,0.008871567921252882,0.17925537286615817,0.3024763019577215,0.48017356642232634,0.045563105015355834,0.20689135774326217,0.013304619863848002,0.014425753671375772,3.412842072670483e-05,0.00045536453281698263,0.3344396562263387,0.9345315899314794,0.00019405303491232945
7.751160624296973,0.018386184798280004,0.07339724045942463,0.15377224611549006,0.46967854052632413,0.0004047218730383241,0.0879431975596176,0.016260328721550966,0.42253763213143414,0.36706511632406424,0.005597922611748183,1.480957834866689e-05,5.5247486230743685e-05,0.009958504806041307,0.06438960890454547,0.000162917097176198,0.020030975225991943,0.002928555223951394,2.791134381543521,0.7813072574057974,0.0004706691815238631,0.142160204264842,0.5744972510997082,0.4139980560399922,0.17695175343039937,0.053898980795355725,0.20885330247275824,0.0017465880634654543,0.026396968590948703,5.295428510745081e-05,0.0001635619880079405,0.22452207027564106,0.6424172749039955,5.6005126504605385e-06
7.178327816149229,0.0011041505888638075,0.7426380071485805,0.3527612341497323,0.3688156297880098,0.001276231972303802,0.007020014527041726,0.03172490238976106,0.17484960225996665,0.08452698113438603,0.011517256495391998,8.945812015931534e-06,0.0015203123693081119,0.026211717455903987,0.002149147366135684,6.0275736370545345e-05,0.019649898461436013,0.0014829612975081757,2.254180097023211,0.583939797821602,0.02702841529429999,0.0009732185845733613,0.002830556481621041,1.3475062458275087,0.2886907483966233,0.001356710434334912,0.2179589870458166,0.0015407368779519481,0.0014835665360133372,0.0014908921445112358,6.793596178063837e-05,0.19506831859455365,0.4267803702858815,0.00011394988623092513
5.153130265588533,0.004514655932903857,0.3252763138320098,0.20028714455273977,0.3703390595642064,0.018527822432690088,0.012196711451539333,0.001102376908075214,0.2939512577967621,0.15887560735708373,0.034125143025765664,0.04329631900966778,0.0003813303277959614,0.00012487383269881169,0.0011408968601952629,8.268063858221972e-05,0.05166330725675043,0.000758730052947535,1.1681443222449706,0.3896409217706328,0.001991468938117606,0.1083943853890418,0.16290487560036204,0.9742960797059264,0.06171772884642154,0.01594633680453769,0.2349216397777812,0.15601469094799375,0.03664179534330419,0.0003801716961342632,8.179705408927865e-05,0.25263699484729363,0.0727330593658443,3.976642366878197e-05
4.367160811971462,0.0019417415297863548,0.0913136219183091,0.051748694315996595,0.0005821336088281789,0.013090336700869985,0.07785693425281494,0.0071270873886251545,0.6829791557420188,0.0850427723281176,0.005260035303005512,0.41714646157387103,3.5481111112422257e-06,0.015482441367144854,0.012600752758702722,1.0897678575035608e-06,0.02039010848912218,0.001174493630538309,0.8312351314783185,0.3596426420735161,0.16393016566625257,0.3299268226382447,0.07943540344942107,0.0032903081086475988,0.5826126199929277,0.002169882765871044,0.0006283033489815527,0.3915251633438144,0.0007704817962589117,2.0151889383179813e-06,1.6324759235831621e-06,0.13356841566091293,0.004404797346144,0.0002756178505685049
6.575920351839207,0.001115485876747644,0.8584547185977673,0.8641672397191749,0.3301024035187692,0.0063531484429178485,3.7666499929637055e-06,0.007453765849497077,0.0016242365901618554,0.35603183370148045,0.0001266531564341558,0.05953395485946266,0.0005128200036641411,0.0006697990806808944,0.011068129519616757,6.991256538182108e-05,0.02833836801604563,0.0005467534698031339,0.2855134072046805,0.2297894293713543,0.18299834261964962,0.34628136218810457,0.010337683792956505,1.2816939087762529,1.2154360403264755,0.0063237341910625695,0.16073089379375743,0.06137618213684994,0.009499307727075407,0.0005068646886565296,6.159914083195525e-05,0.19038982718503178,0.06838312639208316,0.0004256526867855475
7.503070394850297,0.00012088049728598544,0.935554385520192,0.01036148389119456,0.01247077300779045,0.019194005173428914,0.1982534594149186,0.17308092711975526,0.08407448875356581,3.001395919298421,0.0005864578552643886,0.7194657992242426,0.00031531637382035526,0.22059069295978295,0.15854239661705172,0.0008709209241169422,0.7345566790709257,0.0007718728254068564,0.009762803456708297,0.010541731555218719,0.2282214357140899,0.3149331601538475,0.0724594384574599,0.024037651662020626,0.11258171498371815,0.0031885629665242545,0.0069857027397852945,0.36186361510062937,0.025464383802662575,0.0003052683282487462,0.0008665669384235331,0.05532305877912873,0.0007015456752886605,0.005627296009378635
6.885144055879462,0.003105848984897447,0.08239386868995877,0.943879889288511,0.7061573648544683,0.02429219049974335,0.03064369034850502,0.13617034549709456,1.637217965146416,0.007302548686333938,0.07351159793986278,0.07855742038785424,0.0005414034514152322,0.1247414155892042,0.11557690853885508,0.00031088836265019893,0.8197305518101617,3.068987032703239e-06,0.1708092542457567,5.2083947367793144e-05,0.33423222723341484,2.5849572806796962e-08,0.034263472187651134,0.055323373523783984,0.02293047839649546,4.630444623790337e-05,0.37742673494243917,0.32804002636063,0.15029213431984687,0.0005691974726014643,0.0003225759676788621,0.029937822423678092,0.5948572344629632,0.0019041430363800455
5.251082058384206,0.07157186307238515,0.025265963663974756,0.02619967031036685,0.09081866286911555,0.02930534391556591,0.0013649140430604264,0.21880785180478093,0.03294497664496269,0.2705099681829822,0.01095386808179804,0.09642422464577621,8.84627529982107e-06,0.1780690071618482,0.003339176018497598,0.0005341947473174748,0.8302082077372223,0.0013966877988089662,0.776604193098454,0.07249437105074254,0.3456402018011487,0.12432500223982952,0.28682422727595125,0.312122196686153,0.72831459096154,0.08677828760948016,0.02716059080454408,0.3976252542817251,0.1128791054684456,1.1779836047694842e-05,0.0005210713491184736,0.021191052899896284,0.06598364066352645,0.004883065383839952
5.602812465026249,0.00399597573517565,0.38171825813529403,0.6695975510311913,0.014436135431587574,0.013165459497568725,0.03583624143457708,0.1927990008790296,0.30779277843115643,0.16026661424760483,0.07570848089965437,0.02317524488111043,0.0003811239551585902,0.13872223151448393,0.06882361785755743,0.0006283281643099685,0.9475223132254078,6.798054135071382e-05,1.0602764812928482,0.04737791290486951,0.819395309496115,3.8655252353686547e-05,0.19137120925072032,0.0163707612857364,0.0011982832761047938,0.01080427852117035,0.011583039648494105,0.26476643066808103,0.019141723734001612,0.0003869691259179807,0.0006373046584133702,0.0005162080202003361,0.12289628629050936,0.0014142757384940014
11.06474243748946,0.06947646255239971,0.24160551143756634,1.253916848919106,2.6979900823114367,0.0007578124388608237,0.00039292674053774645,0.42925698571378323,0.3726449950002817,0.027614069775788924,0.026665252191030418,0.12337234033803247,0.002579223744667721,0.503045339894286,0.027657819121089864,0.0020835298766147285,0.8127924377344876,0.0023845684669396845,1.8778291582998765,0.19026716930191998,0.4905777787828973,0.0027202182982406756,0.008080878618331764,0.3352548150091858,0.0321708081765434,0.05939779558941016,1.3824143255311163,0.0010558321247996709,0.048408669335779454,0.0026093782340830107,0.0020863196796645613,0.012734360421099059,0.018689337737443006,0.0062093860921587415
10.132175382664686,0.1017405466047476,0.7164770064356671,2.5631483417191143,0.5771518523318696,0.005489756902054538,0.06721915608218453,0.280071142517023,0.7793384103583012,6.109816270154534e-05,0.1426886976518581,0.02456258054663888,0.0027744500697240034,0.18699263401147273,0.07204068791254747,0.0012466163575642465,0.7068488885050505,0.001032668858763259,2.261400544569312,0.2967845770016321,0.3893705209556812,0.08110411337002156,0.00024042815551222912,0.4787223367834649,0.0046590022502239516,0.012665041867460458,0.3109109011402391,0.01959574751972179,0.00033542134060812056,0.0027463670007414854,0.001275905260877707,0.006216897151325322,0.033045741377202856,0.004217301893379316
8.642808537610481,0.00669350779000688,0.8363166368431724,0.21727075448756467,0.365913655318667,0.016862877019953853,0.10799708872817675,0.049790318708166595,0.0026824644822614715,1.2221579198150054,0.018800723074402417,0.028888522705937406,1.0294179259218078e-07,0.018386813318704304,0.011562602076245826,5.08956101631555e-05,0.3363078897666144,0.0003894288929354231,2.9695645970852165,1.1714391552513763,0.42007167614429364,0.000145685573496168,0.11417084346396386,0.055067620543739565,0.08545147517802723,0.01591634417355394,0.1944104302957975,0.1813961644446336,0.002736286278981304,4.238638531900832e-07,5.597478289953805e-05,0.1144226005542163,0.0761119851425947,0.0017750732540686095
9.232491768471776,0.03315417179076228,0.08190775203561518,0.02167347178118826,0.8780119169167827,0.0002482705482726542,0.006205343873511858,0.2342815835874216,0.006063480667836414,0.0004121069757063381,0.0002961053720802536,0.2804480365902012,0.00032877444146667674,0.15671767919699175,0.015307834924810047,0.00017483599302895857,0.3824086074421336,0.0004753035027055967,4.296431455967183,0.9474384589517358,0.15484577192079654,0.1707261527281309,0.36290136056573724,0.02966172374427339,0.5818751866902053,0.0031493868754008713,0.44227329641691626,0.04920354603132056,0.029293100994471046,0.00033734084167188246,0.00017643533028030046,0.040715322849995954,0.02396579651841063,0.001382156404733009
18.746743792915602,0.006259035349251373,0.005961848600345307,4.960093218070784,1.43808073198285,0.007627270000122716,0.019863918951526335,0.5593347731852986,0.36917683712876714,0.3347082046827403,0.07238727636763843,0.0932912577813141,0.00465265403722977,0.6758517368595456,0.30537675645562956,0.003819236223714979,0.6142203979051353,0.002173629584776557,5.0462716810794115,1.2294361515814602,0.395913474895287,0.22884978181253493,0.2664799419941794,0.20409587636130067,0.3847748529855375,0.029070512403196733,0.7750313533831822,0.01710856765135722,0.03631742747086557,0.004690339800348011,0.003847354587834935,0.07030561105112589,0.5738403099855113,0.007831772705798386
19.835638491823193,0.015814009266641192,0.06319367503710152,0.13371984471151846,0.6241341894313972,9.595759572962984e-05,0.01988822127035685,0.5959412098603653,1.1301140301037158,2.2774806434469848,0.03410087975810654,0.09800496240080853,0.0030624277871513467,0.46097528619810973,0.33562342898440256,0.0011072993378268,1.3192760057867954,0.0020910549408214374,6.584905438785475,1.6889613933847332,0.2643002044907903,0.33357086504043515,0.5359141634881482,0.695070885358432,1.7576013730964413,0.002720367202459523,0.36042045046939186,0.24734093410889005,0.03630407581810444,0.003056499041733677,0.0011179089157714716,0.19283447552921693,0.0032226832553778604,0.013673647919960757
18.082307191695733,0.02719353300072458,0.09200961116756048,0.6027484898688935,0.08274408602420548,3.5364493044503897e-06,0.029485715046274775,0.18483846737182416,0.3165304288409306,0.8337533544362313,0.002310390135820844,0.2590994179825529,0.00013316569882701603,0.1889130923227996,0.028347762225868385,0.0006571362001852269,0.31323035125459453,0.004478718304540961,6.783786687960004,2.831674219037539,0.3955914669615998,0.20442325603492756,0.24924137550186726,0.22446617089462012,2.7149446435980362,0.015601621131048158,0.04113254208061226,0.005003909300430737,0.041456535110529005,0.00013157345030345678,0.0006261406799381332,0.31233703241946137,1.2830072128711478,0.012405548332531154
13.391069811268984,0.005926138837199484,0.08838742234695117,0.19896026217071225,0.23683192869366712,0.0010025332749512533,0.01665800969781827,0.17133069110870577,0.2177002170336972,0.0004806516758911595,0.001043341701469938,0.007185568588448696,0.00036631698359148354,0.1457412873377145,0.02277445924319473,6.068544454113525e-05,0.18335246351186885,0.00037253721257298703,7.399052094317633,2.3259877006974143,0.09543518280241915,9.6514081192862e-06,0.014785043950890387,0.10244440797707897,1.6039513624559953,0.007030644234844987,0.12829423419606764,0.0007812356829482765,0.04713078616612468,0.0003818013421227394,6.867446529478924e-05,0.35353719569555225,0.009181746111043143,0.004823534902441087
20.50968646214957,0.023587692716452023,0.00792437952756928,0.01011590075174639,0.7183011511678751,0.004006502115578056,0.1991054519620972,0.36786836057481453,1.893614251516135,0.03546800127893985,0.00672681197374554,0.257001001122376,0.0002873141749793376,0.36906413176531216,0.06443325722024375,9.933359440566292e-05,0.4928691892432817,1.980614267787738e-09,8.20134610536364,2.04642811951263,0.1488621269318902,0.4890042139525044,0.37278310386078717,0.002383472545903341,4.052839646939754,0.06063410446935154,0.36166735804282435,0.01480725519550899,0.17205378800717244,0.0002910526576939222,0.00010077522369204905,0.11364114198795812,0.02039086313598573,0.0019806016361111583
21.39489419530066,0.013308831972956955,0.8384089838656829,2.4091813994439235,1.6445447053704818,0.0004177514718683722,0.05549239805263816,0.7472776879051223,0.3360366607655522,0.5226232538719972,5.716295230797138e-05,0.3153156271987867,0.0026555722199916223,0.5731829598734185,0.08883668723794956,0.004546133740429907,1.0951547581942815,0.0023741327243129726,8.578685925425498,1.907300956205599,0.4129965850387135,0.051115055291402645,0.00016764097179829476,0.011393084441301212,0.5277236238519013,0.010644511383844459,0.8172872039047435,0.000496638290156742,0.1255576593789996,0.0027130931206376585,0.004535087769712236,0.26008063439858303,0.02600314237777492,0.008778646588292055
18.508762841695088,0.08450019349730277,1.5964348910520554,0.10410403552734007,0.4291197134730152,0.016980834426659187,0.08856638837083303,0.21805265534529103,0.6185487426937072,1.2600081752307133,0.027436987863561937,0.1811693940133424,0.00028087509253936466,0.14372339465076198,0.11178653219910784,4.088488397782031e-05,0.3501003563490109,0.0005175796295814435,8.422710808262911,2.131298997059412,0.33266876120990596,0.5195872829794445,0.5827334903584178,0.1823490106420318,0.22020690188104844,0.07883823670432463,0.19342958266738858,0.21248190392378022,0.006410528050626947,0.000280086356483997,4.389057011039367e-05,0.13813125980054822,0.2539063044553457,0.0023141624745033535
14.161810095100462,0.001034394619592953,1.0691693225871934,0.05612643557709623,0.3544307917235076,0.0011378174460743376,0.02005724106546639,0.12850709284465767,1.2845880642606071,0.026941094249398386,0.008306146578726898,0.030125034960707675,2.7915616508038826e-05,0.10784042338652852,0.00821015401268882,0.001074291554370318,0.1482340747013139,4.488975806544282e-05,6.8675591031116054,2.124068311907751,0.4009693589004937,0.1325367282162465,0.027574666694447095,0.5671676793809137,0.22129753387417136,0.0021157332800523293,0.15487859727346848,0.0146458275896971,0.020665943347990535,2.5596676608988675e-05,0.0010416891568547776,0.3137390695901587,0.06650817523261636,0.0011608959248822878
13.259495770184744,0.010809263075131062,0.12416173437705144,0.0041914582421558365,0.04002108610615558,0.0031851647817335983,0.02268560017487495,0.0500825378606808,0.9713552854024061,0.20947055509953175,0.022626622397831704,0.2676788846702469,0.00023785211151735683,0.06404759267543611,0.11231518890532162,2.2868914602260473e-06,0.11042762689815153,0.00022343798379709438,6.133961763522623,1.4645193514862667,0.31289317752321816,1.9292957089567937,0.11982854331609055,0.3547934108797013,0.19344195613840137,0.0001068837403734203,0.017918499121691037,0.0010573572301090066,0.005030305544332411,0.00023259310161503717,1.7928778531090125e-06,0.19744477203735636,0.5154336676508431,1.3809403991882844e-05
11.890608301801613,0.0014514035873319322,0.14508113413182996,0.24594315589949847,1.270888411518128,0.01970659077177857,0.049445937678457515,0.0656019090399183,0.00026673684712805466,1.2494077643293962e-07,0.009041225816097018,0.5120928928864354,1.754380825991929e-05,0.0934658442436479,0.0026951592865444617,2.748375032872882e-06,0.007526891457126609,0.00019737791212449057,4.698400648749472,1.467204182394058,0.014633321276546842,0.2706658782442093,0.5451514705198367,0.006257853741802215,1.5975355657690218,0.0037880508316536846,0.6662015597266401,0.06485800103488602,0.0019395528006091378,1.936665736166578e-05,3.3433883554995667e-06,0.1278862376093059,0.002637268595210806,9.122625283684701e-07
8.880041304371634,0.007420767527542599,0.0680332063692294,0.14262632994464636,0.08375765316920225,0.0034381378623398674,0.07471679065068264,0.13804041285435642,0.019312120497803276,0.16316672132007334,0.0008899525000682297,0.06815303982880389,0.0002831264713557957,0.149046938779806,0.022890558536800082,0.0001252722625697419,0.197295198300399,9.356066793541065e-07,4.391959389533727,0.7712383140025307,0.17085598376768293,1.473087393540273,0.08607728995652493,0.07038649058398094,4.6338635827418605e-05,0.03204973225167229,0.03626565774251138,0.033329544559913556,0.009079191367379502,0.00027501165749886083,0.00012170692239641617,0.14705003223043722,0.518757410964205,0.00026465417271372447
7.411643090025933,0.011281895462477666,0.26920496396634913,0.010138150422081785,0.10389954150710391,0.008399400030815404,0.012103736192530919,0.07694060916796558,0.3422042183921946,0.17158736949146985,0.0002748124015666412,0.9801640953435325,3.8397066356313685e-05,0.01451044293315221,0.04999542045308553,3.027371878316236e-06,0.11512518437058465,0.0001582577305546484,3.3568755134560035,0.6090782695817025,0.3608881809165999,0.21219570777946375,0.004946484578523219,0.019227756884573063,0.004010568727907961,0.04024879371901401,0.04493729677209229,0.24047190099692775,0.0009380605290219118,4.298500008461514e-05,2.4800907433902355e-06,0.09963586578940205,0.25190219072761105,0.00021151217256220177
12.884905985536939,0.005059281361871008,0.003664362516107904,0.8724700224533037,0.04311559571854603,0.00017035946691721694,0.02808700102882507,0.3084810783668602,3.996290862814145,0.015583084155418371,0.10684375151170002,0.00013381927335544424,0.0013980953632520287,0.3143521533831947,0.20340669364996075,0.0002172958462025868,0.7021598007341099,0.0004399587075283886,3.220532277669215,0.35308857704611984,0.4891942305893981,0.150597092412875,0.30958265629560044,0.43600580864880234,0.7019434856375405,0.009987864667733722,0.019009611829404468,0.00854587348105668,0.0030494388624959573,0.001387089616326643,0.00020252009520983208,0.0718071612376002,0.5069331992903022,0.0011658818059604474
11.533602046651753,0.07305416018010974,0.31777818932516516,2.1979060352692312,0.06660067757342084,0.005457338661412425,0.10188670181674588,0.42127893886531664,0.8799698704797843,0.10894008929373392,0.003688099326806834,0.2752560318662764,0.0020092023479387783,0.4338152919848974,0.026512674338516232,0.0014388393151552057,0.8770741825911014,0.001976894667891989,3.3962772964947234,0.3039676014222171,0.24100282055800928,0.8720440754158041,0.28738417831958685,0.16936571054839927,0.014198457172727953,0.037042215170558584,0.028733969587179806,0.059938996328501824,0.060816891825594944,0.001967902663671314,0.0014142445454048192,0.07537299121835102,0.1849233705693225,0.004508106908195243
8.872475570599368,0.004644801157620884,0.621522244441135,0.8927560854259737,0.8259822722171475,0.0040460524504711565,0.0001516779127822739,0.17465325208676313,0.006015622450508206,0.027003564267217253,0.017206161901470462,0.073585364920739,0.0021697265565748685,0.15419265649724528,0.02416715498885441,0.0003672071422649658,0.3283848413459839,0.0002763505615192788,2.7990944295768068,0.3859216476455086,0.35099605748408297,0.0007834676267181783,0.11455720369786755,1.1435067903545766,0.038256339157589976,0.031145009504068094,0.4544716524465849,0.004655012699708117,0.008327028217375626,0.0021606589817174076,0.0003822286309290057,0.04877280184426705,0.3308540559545353,0.0014661504527599151
12.968542171863453,0.0802307341848207,0.002194552414841746,0.06729139161825014,1.293823651905849,0.017753458970947367,0.030059746473443748,0.19728141026496634,2.6419910421701447,1.0855732507523024,0.06097750908562519,0.31018075306646,2.0255103988800725e-06,0.11855690732690664,0.17219839001363219,0.0004162631086030352,0.39577965760204076,6.56943237485507e-05,2.8892600961451205,0.12148930983733869,0.42621228282345175,1.2455641612065353,0.2795867122111081,0.16773930928016242,0.15779210160020005,0.09232519794744366,0.5628861618485923,0.20392495868624036,0.03361396031641085,8.200206669607174e-07,0.00042658473338253984,0.03915046573076603,0.27418659648963317,7.014193417511494e-06
6.349570750678177,0.015552415254876214,0.2917109639432464,0.16110495966319424,0.09351859992338687,0.00038369116285517083,0.08911434735511578,0.053607683490451995,0.11096889478350903,0.5960449754234226,0.05084102383421469,0.4396318328414288,7.982222552329457e-05,0.037810946754606674,0.06131731820394199,7.896567393662207e-08,0.008647509993695197,0.00018776740755435873,2.1461309840083254,0.29419103927730894,0.18804156822776294,1.049225505177043,0.030616961860770155,0.08569539327731686,0.06393230719966476,0.021704745381206272,0.04227653929852641,0.005325639322807132,0.04990126888163141,8.871608691327068e-05,3.8876443780329253e-07,0.05958736865538506,0.3019968983275497,0.0003325957048310942
7.433330320626826,0.012523547185675986,0.11685152082817932,0.9442241928599306,0.7701086214662922,0.013664282824428027,0.09711238185372086,0.1562567907198391,0.007265358083375211,0.40593772217808194,0.037560898461234574,0.20832147745458549,0.00031196995089698994,0.10620465408398577,9.008304469959896e-06,0.00025044937578229273,0.06095400276954088,0.00024547641756530005,2.0353625380000775,0.1932248768481771,0.19921337798346483,1.3633205811552296,0.08180602035656818,0.011122780640676073,0.01811049883622151,0.016150671204727882,0.3828234575890295,0.1770318127174033,0.00037731203020535654,0.00031340879596242736,0.00025284517428754606,0.016186040755120236,1.811904015094773e-05,0.00021362468193953323
10.51598817248938,0.003149599095065838,0.007497321873135804,0.6612883704735568,0.7784983885023565,0.008077273505055148,0.029383311924053804,0.07238011635660879,1.7911341561636642,0.013190255825672586,0.018690772317679454,0.08719874050413248,2.1300255887431317e-05,0.06887068504396587,0.019501614723089547,1.418634320599724e-06,0.18040412254606086,0.0014078275204181777,2.4705626366357545,0.896231581339054,0.2520562403068669,0.0006065090525874216,0.11872891445418529,0.07278087750932014,2.2344473574982007,0.002331955755446969,0.4153418006332663,0.03353718569983111,0.04467067358445903,1.777972488150162e-05,2.7730411034053985e-06,0.11153850146354632,0.12015504905435304,0.002283061471799558
6.389330047680103,0.0003705202201874313,0.6280615719065233,0.011047638539730582,0.10819663661551188,0.000750693985335695,0.01085243886026035,0.11674897524478724,0.4132992614889956,0.32257411848623857,0.06307502129445047,0.006761315782857433,2.3901344924577832e-05,0.10290777460976032,0.0019578392920742856,0.00023615647733650968,0.049267948914935876,6.387288610867691e-05,2.7391981603557447,0.57585343731608,0.08706153143161618,0.2511768879692411,0.024981211081536465,0.03267869843245863,0.07069031630861734,7.59281939290595e-05,0.04461390615945581,0.02423511809768042,0.08482285803676036,2.9316627762063996e-05,0.0002189003871516725,0.11896250452764942,0.4983615648217377,0.00017402198266210656
14.215844383949598,0.07619227448103083,0.1643532130917156,0.8084549309884683,2.7232041427276585,0.019940170425995024,0.33100456962861763,0.15842409627944107,0.08034897986129748,1.4209055926210268,0.05727682944790754,0.008778084951420977,0.00015146250234159274,0.12975813418520385,0.015287138232148348,0.0015676191601890484,0.0023589406948119206,0.0016872431323898022,3.435746555241556,0.933814965270291,0.00827110091165763,0.19844041001593976,0.6349089018811438,0.6888012605249592,0.006471419789942629,0.15911811152540997,1.3165127153412512,0.39979669803003987,0.016229817160671525,0.00015817233235152577,0.0015686229820579389,0.0778692782868543,0.3362920829613549,0.002150849282452242
9.364804709522325,0.00449621367139578,1.4613410107629692,0.00079865810208161,0.6601272425269097,0.007855869958879649,0.00612248489986205,0.12631207315688392,0.0824067037559644,0.10882514694349403,3.988380550394594e-05,0.10498414667864157,5.055640095124035e-07,0.0677362056810138,0.03728116776449801,0.0003586178283362388,0.1758291234577298,3.4969969082282204e-05,3.390091297059372,0.7449574930928972,0.09230996782268851,0.09604747734763042,0.40296890528322893,0.4525289571884886,0.7651713102782045,0.0006680032982734541,0.32100391712107695,0.042751968203436116,0.038550360680691724,6.265100200586308e-07,0.0003653257901104127,0.17242477939476758,0.00021024329177057017,0.000204052632412771
9.650831551109333,0.041136224864460794,0.6159657153684709,0.15297737628723085,1.9062951544496844,0.010335478168297255,0.020765910041423696,0.06814267528128139,0.13198784381777853,0.2452751930446616,0.0038698816358597402,0.0187632504596381,3.226233265233089e-05,0.04901362285411282,0.0028352981599833057,0.0007057922618384563,0.07873579756403484,3.048822238565162e-05,3.457420422818133,0.7818271250355229,0.026437058541215995,0.07996833327610624,0.024046814011136057,0.4688044366545419,0.07248077497095971,0.0014543186041051132,0.929559888996252,0.0977849350816944,0.026973782481741905,3.0160964888145073e-05,0.000738392808605337,0.22757811776033388,0.10831583359292896,0.0005431906973718731
7.325754416203241,0.025090125712853503,0.06866073635139468,0.7716695773854996,0.004720277287666819,0.0003134061381434814,0.03338311141364058,0.004841577993135835,0.7247921034703939,0.6493810902091082,0.008011239038160936,0.08063746299267947,4.411849645408282e-06,0.009382019719395358,0.005181582578658568,1.4001991462603469e-05,7.203636186492867e-05,0.0007835000812373115,2.8671118946445056,1.233107112482456,0.003767551731043911,5.7580068120434404e-05,0.05945194501453916,0.002919377748271835,0.0598756222531891,0.003824175625133915,0.003579374878101466,0.012578786428434793,0.00010932746980114385,5.920828899592737e-06,1.606159680538565e-05,0.4168922979569222,0.27423804788047723,0.001281079021598966
11.23104470981571,0.00025614818036186,0.7941722398342652,0.004805278921893248,0.004107209105463303,0.012661894888610534,0.006736450731804618,0.0023150839582648875,1.4230594518169493,0.8387362446870081,0.02572766010241905,0.286842395509698,9.530877300958015e-05,0.0018131969537370748,0.1882445428883846,9.772049618114968e-05,0.004495823903180121,0.00015813691863665776,3.668458177265098,1.0739990890308133,0.004623246954564238,1.0012860161768486,0.30968119236888236,0.5610789077310664,0.6257753673966759,0.0025163068839842784,0.0028015130752121367,0.0749826274500676,0.0005917827306275186,0.0001008172783540868,0.00010735610618248279,0.18203116939179428,0.12857206122081827,0.00011429108485271205
12.431219393468652,0.062467794945861216,1.632787316673503,0.2710418555581094,0.0047636323740276815,0.00047530684660246645,0.21239201708423075,0.02186334505841203,0.7450233795307081,0.01089298036909225,0.04962213301824857,0.18920327118263394,4.928831682552926e-06,0.018775573131783897,0.0015589260523652443,0.0001721850353926485,0.14596328640962963,0.00032848922145120726,2.7091004899241855,1.4093401567135768,0.0338285550299099,0.24753569457275074,0.1961924747574149,0.3302476157619836,1.8807876492560434,0.037101804248694824,0.0026535827101036797,0.07112991841233508,0.1399413193676446,3.99876809209119e-06,0.00016255673691942775,0.5670671901695349,1.4383495016065104,0.0004404641092175232
7.530312121228315,0.02240643245442418,0.2203604442082833,0.0015470042291678495,0.0054082514743709975,0.023573718696168505,0.004022457455500251,0.02330454904983997,0.22089900064792603,0.34090746011882,0.0314231437487973,0.03967364503966955,3.7177135488992353e-05,0.011085297505491871,0.0004852348137830437,3.0018270354877564e-06,0.175217862745999,3.197211494026995e-05,3.037962267184724,1.8739145258522159,0.008921823363163939,0.06513514785883709,0.04993358057782541,0.009723367895927797,0.18260021442927404,0.06595296145996692,0.0072779935087473975,0.5790453019984563,0.007130422760594757,3.586786649137417e-05,3.815413075076596e-06,0.4040326938099813,0.1180117749730322,0.00024370901029551042
11.008463295402516,0.018190419877387044,0.1453387909493619,1.271366771239173,0.001393486294201019,0.0009553493784545156,0.07090019609413095,0.0027088207306914243,0.1411457087313631,0.1409302596764572,0.001493547638899848,0.7475967000413611,4.193353691811493e-05,0.016563555285263494,0.012257518454733683,2.3496302674823258e-05,0.0010298542755722408,0.004037191660707297,3.9834562499318342,2.5710197527225165,0.024002415261850676,0.2387984017446858,0.15083821700534616,0.013933877123684074,0.4298469859518957,0.03488678135112291,8.135204564370632e-05,0.22320077973468871,0.002018285886572635,4.329812016011775e-05,2.404902598303686e-05,0.35480259731298974,0.40150261227918516,0.004034039737005309
11.30405839856026,0.0007890455085498541,0.005359142312377401,0.2883822400026598,0.0006580513431093454,0.00633691843724043,0.07744121255341545,0.004575368600579541,1.0632209941501407,0.0030694274796128802,0.011738331192731323,0.1642917633035676,1.979306731995717e-05,0.021324277973114644,0.009459548807598802,0.0003629911520621941,0.008107125947749658,0.002488390719467547,3.826412977808462,2.2262823906650477,0.060508938904086595,1.303080666260573,0.6744406458483762,0.5943939443203551,0.1146435681400468,0.0002361648287899644,4.638324128741621e-06,3.914824628227743e-08,0.023270884803034592,1.762407232811738e-05,0.00038743050464573126,0.7764402180461176,0.031692402120490674,0.004621242214232153
9.202819048495568,1.7101750801398586e-05,0.04501152029759914,0.0006965331134099987,0.008177618889638432,0.0006741083810084849,0.07975069827623478,0.060151683823925634,0.009551225646331865,0.8688093247827328,0.0012570907332007499,0.44250278763110806,0.00019588697232011704,0.056752101034213305,0.0601380043452795,7.819540212128123e-05,0.1208095592926457,0.0016968265445654346,3.7433214966213293,1.5470716947254246,0.36766744934555295,0.8105414647406429,0.012164120048107983,0.18382870340272223,0.07011183420733988,0.00687639880332287,0.006169733149622079,0.027797147838523675,0.009562044514177165,0.00019850985411954905,8.111821575096168e-05,0.5686369254497599,0.09189665033606369,0.0006234903259724495
14.99725654050825,0.003715335561247605,0.13647999017595608,1.1250383266546957,0.004252612270020252,0.017173055183167776,0.007211012641686272,0.0028031388702808918,1.946757511403687,0.0004784882404811077,0.026504541145779912,0.056323246176843506,3.994914391539404e-05,0.011996006262978615,0.11864044964455978,0.00023492677226789475,0.06156829032095507,0.00020699847460605006,3.2702312002275296,1.4732199228387668,0.1899437924412663,0.3882384329231443,0.6140770817898463,0.006979690615233378,3.870163659202116,0.017297900502181118,0.005287667036123989,0.07033476604171401,0.07675648188355358,4.713850982642055e-05,0.00023156096142355441,0.5291900782332586,0.9656909207191451,0.00014236763999225894
9.883444230009992,0.014884300973058803,0.12790200568199478,0.1274941815470835,0.6357039350754352,0.049887557271974435,0.050007257135557155,0.040048818490105824,0.22686895124549503,0.28838522016088897,0.001042599751327699,0.18244298293540145,1.9027329706148383e-06,0.006404707582696079,0.015771360740820514,0.00011609371411240998,0.22950734775673212,9.886910478167356e-05,3.6012172667031064,1.55470878844186,0.27656049568955765,0.64807312401636,0.08086683125941434,0.037561419938993465,0.05536256470175721,0.009556788181280624,0.35140404207705406,0.8115898179913149,0.003948729387766043,1.262794744638873e-06,0.00011340443132154105,0.4296357471866081,0.025149217649018025,0.0011266376593979496
11.197397548474914,0.005124170972862501,0.21982499897573937,0.14290615133164683,0.14662793485496192,0.0003002172705359864,0.011578189016539425,0.184426614195142,1.0772037834443207,0.07348611408181605,0.008439241215267505,0.45125448854240774,0.00021526346829722523,0.15689873381160382,0.09647215671706022,5.214236059488792e-05,0.5804313837040672,0.00014185871159541502,2.9825165398580116,2.4825266502529826,0.10056144369739368,0.37970659667514417,0.13997360909720974,0.19541085735644642,0.7731012300808452,0.02137743843686618,0.07249016204138184,0.011772333224167588,0.1192648662892476,0.00020016997651215904,5.68561442574806e-05,0.6304459080074012,0.1318176781286455,0.0007917665339435103
8.657235413394282,0.017455244016477096,0.019867374707383235,0.08988242648828759,0.2245285466463595,0.011948617323306302,0.0006584735237786859,0.008286551447582472,0.38033153863430996,0.020241990538280342,0.008852663495042552,0.07708856425274174,0.0001553304236632719,0.04006793468062541,0.00841263276390945,4.735820569778057e-08,0.1423086166131329,1.5584645363659213e-05,3.395561735328424,1.958057441200349,0.5876599918466725,0.3341173158838388,0.03186472834472174,0.13670357375300846,0.4619003768994624,0.027094119084388,0.13388534527439458,0.1626320896931181,9.887711505345898e-05,0.0001556447553324815,1.8781673469773698e-08,0.37667697501406266,0.00025025224706154463,0.00047479061426912905
10.060529028458108,0.0018544364853233547,0.031650653613727334,0.012784036133420133,0.9328253013781151,0.019859833110107913,0.015105252738981431,0.0003405763733352206,0.0592754862536304,0.004930602478800898,0.06459173774837709,0.006307630151430006,8.089862032535135e-08,0.007103521785488122,0.034843878905380786,0.0006826128428922147,0.0005059886624736161,0.004477369872725032,3.318070014693348,1.3354401714644946,0.03418220925358012,1.029788355986184,0.0012615995164661099,1.068941029565234,0.716244829738268,0.025204785653718986,0.470634569365194,0.2219006966664169,8.391747406162388e-08,1.7470923001921692e-07,0.0006977243751265996,0.6395926630333849,0.0003649330060523387,0.0010661880811068042
15.04679553368212,0.00013040132178246606,0.4629936160092648,0.285003520969421,0.20259273871679423,0.014344663739103057,0.416043333461974,0.038891928589579496,4.230089990571676,0.013719983951346907,0.05698717943779027,0.0945808848844936,0.0006377081952617136,0.020830159040544912,0.026651825349791103,1.034542276580709e-05,0.0019527385212818494,0.0010217150364257507,3.1936334946243106,1.2974474380547438,0.10081030303685737,1.9147115269558144,0.030973723297074506,0.498703212068588,0.6777063159242129,0.0005455263271795118,0.08324161826177626,0.20865001741112443,0.01230040114115799,0.0006284553914994434,6.788316343303835e-06,0.1996772802022498,0.9611829282775769,9.377117231513157e-05
10.195796634655446,0.04551458143274588,0.11731925646885354,1.1552951522710195,0.8216702415346091,8.530317854892554e-06,0.05445903127195133,0.2088262422417452,0.049719428421132944,0.03520459070430601,0.0005545560312457815,0.10907557597116466,0.000365622528807207,0.19463807062648902,0.0005707106865601983,0.0004437890689102734,0.36691978281552384,0.00039386713857154655,1.3321859209459477,1.4354657248961198,0.1422504427931785,2.189858601406487,0.00032662948802143565,0.08875405273126809,0.12247718639649427,0.01814882413366239,0.39691486269152854,0.0145316286516794,0.025983987128744786,0.0003664812697730715,0.0004301756483875341,0.6254605591949953,0.6416542771871275,8.250560538134942e-06
7.371053122361074,0.12942899529749188,1.3878664597586612,1.0104323797665664,0.030723928318158227,0.008934334540415957,0.059809725296526416,0.03937312992843195,0.17950702920129546,0.526036534351835,0.015117034406631376,0.03246726544818811,0.00022330650417548133,0.026633356293942083,0.007758671691786613,5.560895965515277e-05,0.2657902300043688,5.4229502070892755e-06,0.8293308485668814,0.980519169411054,0.5770398530498577,0.08964691685292951,0.17298709894811665,0.13810027136620176,0.19840212080981176,0.025789662071088106,0.021457842816318275,0.14671282869707614,0.057832809631885175,0.0002357327511508582,5.060340705989857e-05,0.30094144016406615,0.11183917536532019,3.3357339193214477e-06
13.50384491680969,0.019641305123817607,3.3634687660339906,2.3457705431760787,0.0134443910250823,9.758700508723928e-06,0.17554932343208499,0.1232203719329631,1.4480230414355073,3.0046698763823963e-09,0.007867398080382344,0.05019890012975634,0.0022925462553472324,0.08354247243157474,0.010794370300846411,2.3750340538293485e-05,0.41942153309743396,2.7134501889058853e-06,0.21914697517359755,0.4535832477769571,0.33832898304958653,0.6642692472114211,0.013496759939302383,2.3674406940750283,0.025355984684046554,0.09658601035714745,0.012708102453758774,0.11970277808197212,0.014406933554502678,0.002353365185904268,2.630127034795258e-05,0.34945881653725075,0.7636722672626284,3.726224546764825e-05
10.628891953380272,0.07236059595076219,0.5949397428105085,0.6606067497041699,1.2644311725744306,0.00012405943140005054,0.008620979166276929,0.11439551633865784,0.013629154869777504,0.08102160414750045,0.011842497427757243,0.03784650501948706,0.0005387881174015527,0.1282279214436083,0.01845013989176029,0.00023943832051932844,0.2917512312970377,0.00021935931417641952,0.0998244034744879,0.21017355494484755,0.2988192366879342,0.4231645762161367,0.12645560183004156,1.704394471369893,3.3623146215611386,0.07301913361560823,0.5736599858251719,0.12319888855656783,0.1585724935455574,0.0005480535366675434,0.0002411004897419269,0.15041781791233624,0.02444897144055965,0.0003935865483492139
8.741144085357293,0.11053260734501924,0.012180052189954917,0.04611620131542737,2.0530083107870962,0.00036123105475680196,0.16787100086605658,0.25582336455089866,0.05103755003305318,0.11315823281933632,0.08109213194257724,1.6192177648495808e-05,8.047085538895665e-05,0.18052597186217076,0.0005302693946542487,1.1407966766997792e-05,0.5026826254084521,5.1117676602439725e-06,0.00278637630339403,0.20712678194958675,0.0021764741095259992,1.0309684050079357,0.04758101929901216,0.0838966741937042,2.3002624995736527,0.044508531780790395,1.0125198963936022,0.10901370763717019,5.089965249542795e-05,8.750362888850379e-05,1.6107948102094606e-05,0.21815097837446307,0.10661508094558847,0.0003504162224622862
6.319518163639937,0.011889221963221635,0.004891351877950847,3.183592692073048,0.19748893361092731,0.0009175805330825899,0.010022458467684167,0.19142596440268891,0.7073273026571965,0.027211865317127486,0.01845489938228216,0.0022420328213327407,0.0011642336211504787,0.1384092042505333,0.0748585038734852,0.0007381793361268157,0.3045909910918088,5.164049480696688e-05,0.01735153898155912,0.1545902791327839,0.16009424790887652,0.1670055532285601,0.1792235460306235,0.11367538112895562,0.31198723046879057,0.02016777995154504,0.10060474633669317,0.004726756527201787,0.012982931030163616,0.0011774835762718493,0.0007525100458516564,0.03052200848814438,0.1692461784365625,0.0001329365928988039
6.005471372342192,0.00406923429311172,0.5140585395304363,1.7082849197303904,0.00023201378160033232,0.002729590626125868,0.003980931050565813,0.3121498903400102,1.083449646301327,0.06149148744431306,0.006741348979992377,0.1141707173044937,0.0007360560048627134,0.2300525244821072,0.13493796339866287,0.0008056537619405239,0.6182348122187202,0.00011728720887357403,0.053559014354532725,0.12104497826022159,0.29936355224810146,0.14162040625800937,0.14711661748782418,0.009390493048714919,0.023995829593824198,0.004408794262765981,0.0005275622932346483,0.06990590183872351,0.01923850567645265,0.0007612438462860875,0.0008144536793357729,0.02009361025814792,0.2969160086052487,0.00047178417323396406
5.7854560938067,0.0006418015019944675,0.08982426162691584,0.6492431553916265,0.07325613488860316,3.3616713597187896e-05,0.058158283394422146,0.12864718555332572,0.312173811849335,0.4885124115959079,0.0007248369215415076,0.2074341572025849,0.0008691327885804272,0.10958084392754909,0.12617627845091217,0.00011045930428169245,0.43016256474047176,0.00018455179420490893,0.10063824417432846,0.03568102019478782,0.46507176969231506,0.036895431582865165,1.2650739735241396,0.4901529185727602,0.0033462177050684596,0.00039451310881527866,0.04562437952256134,0.10817941326519569,0.012754463132979454,0.000903726074198953,0.00011568442567767005,0.02164251261331653,0.5232435468643744,4.7917074617404305e-06
3.089479267872116,0.006783811314723595,0.00034313739089247467,1.484495208722637,0.17873055318322087,0.002502426536373228,0.008605582471935344,0.07872300879076112,0.20915157872787576,0.01669229789390484,0.016229978549494976,0.13877459661707048,0.0003780442015804302,0.031561296996799604,0.02296539940556981,0.0003720552136015618,0.08884860050431892,0.000156104652505901,0.11623180504125732,0.0015857915352660255,0.1890146949401572,0.014674409898512515,0.1608959713301253,0.0008783319916604746,0.15012973818921446,0.01810723981975917,0.09049639300877596,0.0013861460818615618,0.0019024855136674018,0.0003976565251748339,0.00035424264133940265,0.03483249949375573,0.023277576067407515,6.046209146968839e-07
3.772716992919446,0.09073811032788998,5.231934998220754e-06,0.18116685774119864,1.0646752339838528,0.003371204574845842,0.10879816361908054,0.1209396737686497,0.004735517393160946,0.1270042370082007,0.01065766860722781,0.0001621888958714628,7.780715759366167e-05,0.08115210863187694,0.0014943213623650998,0.0003066322205406179,0.14532985548521296,4.6642757639499483e-07,0.21981530638567404,0.016974089653180355,0.08161832279672779,0.5128373119437765,0.016347715418407696,0.033365044759674174,0.14312477866202705,0.014835301299841647,0.514673573503213,0.02013050455578156,0.014016242541556465,7.212807575414745e-05,0.0003161702823128303,0.0048979619785464775,0.23862872302545704,0.0004485388973734888
5.014312161633113,0.0014559575486349163,0.057296456942799084,0.5462070948016424,0.670009408124584,0.001697074882164084,0.009753479022669511,0.009905455439298227,2.2945642191130355,0.03355417054693594,0.048866425789427154,0.02726434959358887,3.392506180296495e-06,0.009651099376995105,0.04922308932637931,2.601150674252856e-06,0.02952419300833717,6.718561366765958e-05,0.23944703951775267,0.015078309349531421,0.24747837070556658,0.15211692864676105,0.0003027200893543012,0.04966044485213102,0.019068991604546275,1.6333401372618248e-05,0.3385928337418398,0.07138453592824077,0.038006165403883775,3.1652213483721813e-06,9.926022274589614e-07,0.002609058363538585,0.0514919682949158,8.6511230902521e-06
7.815045589333255,0.008753885827824586,1.3671286643669365,0.0706078795548285,0.6816737975518542,0.0019808815436962806,0.21904926247762957,0.07818225666378718,0.6176754424839723,0.8558052167014246,0.007772274440230872,0.07021170313452975,0.00020151297740709508,0.13677457443782046,0.04780214025618268,1.3565267699307823e-05,0.09282854493746633,0.0005192496375898602,0.27403510255848706,0.011536941411383336,0.14149626895867465,0.017131240009447133,1.3259540975094972,0.283946599405098,0.05214078119473716,0.02589181873165364,0.3730769567138209,0.002764674771155229,0.014646430044740517,0.000197120029288865,1.6452461791263968e-05,0.0019330455213414943,1.0332972077082232,4.303506716328538e-11
3.283844423397113,0.06564613032782195,0.0005085342337089764,0.33238579060426826,0.9304458155162334,0.004978013903550155,0.06652694098859992,0.10484400931357937,0.001904429265443515,0.08470786290705878,0.03148347894003818,0.003866498385262466,5.6501401915415317e-05,0.07294681992761236,0.0010154481720746006,0.0006270319441663681,0.10031729716188394,0.0006910758796309691,0.24679737030934448,0.000398177800856135,0.21554616691615164,0.016874118954707987,0.012019534819694748,0.2686141977280887,0.07637760712225865,0.03664607457677096,0.44532296055337695,0.04849495574992798,0.006252371478707374,4.935285973384728e-05,0.0006147790558757386,0.005163439307338213,0.10159693559065937,0.00012470170077209615
6.219714340495862,0.02948914524414638,0.4496720448712368,0.2974207263367153,2.0687659729728916,0.004904096958830654,0.010557237127258904,0.2729373033828422,0.027873376894541543,0.013472824130913543,0.05156049823243513,0.001115377974714629,0.0012398756860736305,0.23695676348018993,0.022261418692089387,0.0005121413857507696,0.24822493263102774,0.0014529764513226027,0.4494812407157264,0.0029101536147850284,0.18040361688853637,0.011220668414863647,0.047712833777827646,0.4236989850992556,0.19957559810046757,0.06409306631483279,1.084571264403,0.001422787421536878,0.00742893137484563,0.0012458618786965498,0.0004970190858585207,0.0011645168660269864,0.004541761702355895,0.001329322384267294
19.381441786030358,0.129802368274232,0.16846071086139522,5.4344714510340895,2.618301773043159,0.025051867802365575,0.48631488302539405,0.2592256115635492,0.0005088078414447289,0.5919718126734198,0.004780876702551314,0.3693139727628883,0.00039461508455629926,0.19182782118064443,0.013541419790251988,0.0016013923552733952,0.02188006862963732,0.000799437848607524,0.6846231371890772,0.0029223485202619325,0.07293396931458437,3.9396376340473434,0.006858367315252995,0.29810582804240815,0.8681616730894005,0.051132568742069895,1.2672488781510545,0.1927634471392127,0.06028350150137545,0.0004076705236659255,0.0016035505093718691,0.021498097574011076,1.5935676623087467,0.0014445615890625665
11.963545327967786,0.012871286930957546,0.7568944010462011,0.9427305592215957,2.0302444189919253,0.008053323760647829,0.005678281076126068,0.5745044104776291,0.3160115564687392,0.0007082009705272014,0.23137117623878947,0.09141621338140225,0.001485842667000381,0.5656825840430536,0.22894884676927021,0.0010627762211063555,0.5115928465929522,0.0006319177483622712,1.0500341872047816,0.015728452226745893,0.0944745624577746,0.01248177340466203,0.7049368751417975,0.14706982950004335,0.3469193084435185,0.009830448967232074,1.0451915648553751,0.003310790799351533,0.007375374355698525,0.001481269811098202,0.0010526002526832314,0.008400495212999074,2.2338918124284137,0.0014773402993261636
7.398221427046738,0.050016307301421065,0.36365256299833026,0.33835004458937407,0.8224617389276825,0.0020170802628228074,0.18067895562637884,0.0689111538785316,0.02721942173352099,0.3399546284969786,0.0029478735096275803,1.096697240606309,0.0001188961650136299,0.07102290013032979,0.035495328678196866,1.2962375477343559e-05,0.08337417127511296,0.0002546509406543781,1.0833508416083462,0.09346035644962955,0.3675783335633527,1.002550705482825,0.06421846716963965,0.05880660073114938,0.024596500887975617,0.06618704213693816,0.4059583126023742,0.007856960610649256,0.03405159273695066,0.00012206137684241934,1.0467589053818711e-05,0.03663663584279228,0.6680509900356442,0.0015996407268124584
11.390160218647502,0.03485673626012152,0.01391502007014106,1.9803792992516882,0.20062954375133077,0.00018304666380483583,0.20792485370321914,0.16349293289099598,0.2326268551765812,0.09945811367000881,0.07401309543015543,0.33071535375919353,0.0028255015664494813,0.19788569006238285,0.17171292606217664,0.0006820294077850582,0.30813270975067325,0.0022790827779570182,1.2756265754794227,0.2666522477127349,0.5173186505398696,0.11263536843562216,0.07180524059880801,1.2856303851922086,1.2321149034712964,0.004090769381351305,0.08305388506195273,0.029244452009631824,0.028936021174976515,0.002857547193395752,0.0006849279051466767,0.02651117056849599,2.430051883472201,0.0012334001957227286
14.01054911406009,0.10103103203971979,0.06718962371803822,0.7562137716956573,1.5027617247286464,0.0020138471200158705,0.1029720814842968,0.2512051853804076,0.8133328794665853,1.9568062769311798,0.06862298846507746,0.17922853500646818,0.00026634561741381894,0.1767316620945069,0.07564427420716005,0.0002985878612340186,0.6064316956513074,0.00014286145817138734,2.4116160802224726,0.04583304173142302,0.18470926740236118,3.696680974569533,0.03919072513033176,0.03573933862646148,0.16765761217742456,0.035734486569933756,0.6865666575311988,0.02435111195828984,0.016904946355654815,0.00025936355825656134,0.0003091919139279071,0.0035220689939410386,4.20049707814003e-05,0.0005388694222111845
12.459332715501002,0.0003250380194969427,0.5098747762885882,0.07795218336545552,0.4766301362992971,0.0032923882741374023,0.25130988310317076,0.09153910751058152,2.7181605573386003,0.4797243691871488,0.04302172717461879,0.2607939662958979,0.0014191197771199293,0.13544983220687107,0.001843209028882856,4.708889184043913e-06,0.36651183457497677,0.0006521647058136776,2.114951396373563,0.272339596590546,1.0501313436108866,0.16111599149521433,0.23397120043048097,2.3825571403048067,0.10892928515225218,0.00012344015601895722,0.2767211678833346,0.12069896710336514,0.03422844953344379,0.0014499578214936994,4.758148510082196e-06,0.022352227701896887,0.2611808992044433,7.189195090450072e-05
19.58286243309474,0.1398553257099771,0.20224134460765625,1.3634191967652778,0.4161450685230614,0.0016951912725547348,0.7113771831577647,0.26904058350419247,0.9965218271359753,2.663362219979765,0.018956353277619853,1.1576736239607832,0.0002556544356562854,0.24740374878308852,0.028139882819712518,9.132308261137152e-06,0.4022712771102537,0.0008568614094354768,3.263215748583777,0.18695000511402315,0.5054517692060455,5.673638483793373,0.020180491313524694,0.1216940853967646,0.24558799462976522,0.0868936534344147,0.18391377934846984,0.00032335896510618365,0.13353862058147106,0.00027299209779638384,6.7686964943751215e-06,0.042513867396083996,0.49678003788929187,0.0026763018873070255
10.674178627034612,0.0540011627063322,0.433307247579172,0.8961973007354507,0.29527062348528155,0.0013848107425998265,0.0753968234021845,0.38497300190966716,1.8019886765306714,0.0005204761188368146,0.0005386193978122446,0.022923786208569937,0.0013677127346944898,0.3888441970233009,0.11976084109210286,0.0012186695649438056,0.615451520925874,0.004635489099784333,3.1506106702982,0.4114679205912455,0.7089760351170867,0.06706005168731273,0.0004174150029377915,0.008015300696729866,0.7087996872140968,0.0870378940503126,0.15012836815160946,7.639994361170033e-05,0.19876971763631876,0.001344803941513298,0.0012415233460726367,0.06768546750449948,0.011321108736107173,0.0034453038596791944
14.820199339101297,0.004737809583960892,2.024928276402656,0.9161449344719796,0.006985713848653189,0.007730570472227626,0.005580054548111676,0.23426211443063807,0.009588153250844875,0.01648750381462723,0.016624485013075747,0.08804306635632078,0.0005826537808030723,0.27003174276508063,0.0028584137376728254,5.8587972697463875e-05,0.1490716077383347,0.0013895807844050208,3.4067615257591926,0.5132964422077035,0.5846926879899835,4.895080206218912,0.40294640442929425,0.49660488387236995,0.2954663122101522,0.027856600756541023,0.004067197963104798,0.32243090006656455,0.019153546254016364,0.0005834541993374126,5.511014235222282e-05,0.0014430228988579975,0.09307748110512977,0.0015782940556975027
11.571187574613198,0.027462909538213075,0.08916186992104935,0.1600738089143799,0.38966178463902296,7.777915122128474e-05,0.11716161972488409,0.3509200139484989,0.032737189579707816,0.08161328271081345,0.10829652008126558,0.00778224746162123,0.0010905322765059615,0.3268680928575216,0.1576316579385768,0.001052814319702242,0.6497910027951492,0.00296749641707459,3.7466983241666774,0.8686972279504254,0.9513195148326639,1.035686487158073,0.20961759054675852,0.018830624352760193,0.18851556057853627,0.0003282621306042136,0.19940765854291387,0.007118387041560905,0.0024848597816112543,0.0010928461013169806,0.0010727750874388268,0.04842057063561441,1.7838208068328283,0.0037254565982068697
12.036018768135264,0.001716519156569338,0.06438908532910695,0.09973960631092499,0.8329190861071881,0.002060975868354315,2.447601732687691e-05,0.3211211022120728,0.005111606626887738,0.1561504097025396,0.018386739884143924,0.07689863877120089,0.00130895928508967,0.3306320643988306,0.020213825239403002,1.2268921939691342e-06,0.3995246864388046,0.0002835197931088892,4.159305498701585,0.5967056921637545,0.34585050980957516,0.45118291900290614,0.4845466264801418,1.9401103375186535,1.1255036676367425,0.0014061038088268765,0.4680116183073746,0.010404706639051301,0.00018210067546834237,0.001300928586406259,1.6713278070275427e-06,0.052861640097900404,0.06781911075977881,0.0003431085855453268
10.951596462513958,0.02017496321812463,0.8479288760357756,0.07762117903966144,0.13938697112520668,0.0014104927484644572,0.001387524439748816,0.42623788185630485,0.022552872590153067,0.0003710520497954487,0.0007678117201883469,0.14465930795019846,0.0018447120211182266,0.3137076537190565,0.016369204506321587,0.0005579365036572337,0.6640966288286209,0.005101992285497932,4.964040328601993,1.115038301080115,0.8635148874531235,0.001996630879450468,0.15841483460672962,0.7474479603512694,0.19286639622256566,0.035671148385254994,0.07586969150406479,0.0016319040732875793,0.04491072479363922,0.0018224158318084723,0.0005549109263866228,0.05652597647291821,0.0020030881896335225,0.005110202503824868
18.309746196578725,0.0184273487560028,0.12744487484503378,0.7440424914277212,1.309479762661584,1.3630211929002276e-06,0.003488132277956357,0.41058915255366335,1.3552448409850504,0.011501311750852143,0.0030941034515618994,0.3399726505865035,0.0007278896720056254,0.2567320063996434,0.03359083467596292,0.00010081806076700338,0.5602693459325864,0.00011802057483418425,5.545915647297986,0.561983281736659,0.8824014126432321,1.8859465020982662,0.16590424977900856,2.2561889204106595,1.0012172912778334,0.003281525227662018,0.6919238245910859,0.025677633698252204,0.00010637807203761642,0.0007488003189795249,9.057603556378833e-05,0.04335202318429674,0.07012957855363497,5.360402064484137e-05
17.952856929815034,1.7363100107190667e-05,1.0091435572765641,1.1093470625594173,0.3430618265991182,0.0014690647893903096,0.10122108711291797,0.4511499800724981,0.853765480055984,0.020577882760345733,0.0017839517243393326,0.02369486001329333,0.0012322152327054437,0.35715505506504,0.34543386091127254,0.0013815728888265212,0.5440264142126382,0.0016043945489246836,5.424139068307104,1.0056821646691947,0.45841020083698886,0.6544468262290004,1.0500710290511206,0.0030223304873644692,0.09832785518176308,0.002932103120146944,0.17695031245530507,0.0010367452432848586,0.08298997859028374,0.0012503979000292355,0.0013645875346726454,0.2589317153599882,3.566265777708156,0.0009702082172501357
16.734769765141575,0.07345830701982778,0.8986322214436806,0.5847433683686643,0.9952276474648464,0.008784484987281219,0.1943596847365066,0.4436128871735071,1.516553883888969,0.1383363870069559,0.0757638309836278,0.01505140358971904,0.0017073894912760764,0.3703346513322558,0.07371147939274124,0.0007406175438227158,0.45309946694655995,0.0033987320046253385,6.705813974030556,1.4902082632442224,0.3606287637271094,0.01821483203660117,0.007595210978371852,0.18167809745513339,1.3440021035264378,0.08654627646388162,0.5214149894439943,0.012843500336893986,0.02365362289029976,0.0016639254280663447,0.0007196351376482603,0.12004854533533055,0.009071148069220481,0.0031504336629453503
15.891920152285817,0.004995134995687704,0.008226397219156667,0.08424780525860341,1.2164102309640041,0.0004194629396651262,0.04359739313294292,0.4126807542377845,0.029925753915566528,0.25572662587435724,0.06124434061968873,0.05035236015900432,0.0010342759447128722,0.4051633978598594,0.08681274799480983,0.0008032422468839091,0.732953609053228,0.004980788606678207,7.220784433541821,1.68927703942837,0.31518858545637346,0.3877769858872735,0.07902674210325696,0.08202353882543172,1.2449981444726854,0.02688126742224479,0.6274055625133844,0.06172530387611574,0.0015702117266172826,0.0010543800252287188,0.0008292590518385076,0.30683251645683535,0.44143961844574986,0.005532242029955067
14.75532622068835,0.025626783990664963,0.074037279662511,0.015584583681226935,6.879530450184574e-05,0.0003283661953567006,0.0025589646211642354,0.08876109301584847,0.01114129424356591,0.17303555612229116,0.12905866141451855,0.17570592555164755,0.0011714252831218333,0.15188914519599908,0.004862757973881473,3.0295249195976155e-05,0.15888643962351462,2.9302524028315297e-05,7.720042189950648,1.9750747000657467,0.1714369316879602,0.5571217662388835,0.17955422343869218,1.8713318554667202,0.011964436388220421,0.0004921778829418547,0.0011878560478595216,0.009538468837032724,0.13739084976317975,0.0011695146124576887,3.3709386277569486e-05,0.31186204577927806,0.7943460598132789,2.765676133785182e-06
14.443627806054565,0.017084605534496016,0.027006673635361907,0.11234361462853412,0.5429051614844068,0.01532518694130345,0.047046766898230064,0.09375096461229844,0.01836603246105619,0.27580440719100846,0.002039985741375988,0.4107325318552747,0.0005372018573508865,0.08294811920712093,0.0037431293514401435,1.5219368289422135e-05,0.1689237610786797,1.2440419075262715e-05,7.875286825113634,2.3771525201005215,0.4918196944690239,0.2122463750754029,0.1899577778108412,0.34945339998799696,0.15478773351600672,0.007253943387609928,0.2660376654024219,0.2078796522715244,0.004574275111731928,0.0005231047117463353,1.590043001274241e-05,0.48035645509422337,0.007623003028467666,7.367827809563189e-05
18.68327046404371,0.004108466911877358,1.4031508732396831,0.029110004125233006,0.23053999397433136,0.002972630835567531,0.1560853083910186,0.289634756690118,6.494860762891817e-07,0.040725714771845625,0.002599612845086257,0.0557511236128072,0.0004314986626072146,0.25842990094986945,0.12383228583504477,0.000766898462517809,0.7988398143966314,0.0022023504233754996,8.656982238332704,2.8195220669420045,0.18368435548718914,0.20391948948553076,0.19018856042343812,0.02365560219678394,0.4865445303272536,0.0007789471205421904,0.10913675566832984,0.026261598537904794,0.05632699726779289,0.00042852449736832605,0.0007814527583591141,0.2733243045711516,2.2491719880851804,0.003381168728485174
19.368903850145813,0.01707517892939592,0.6772153009047696,0.7727114437805379,1.3070900656365516,0.00433396049086001,0.04490383981363656,0.30268148161833147,3.4807910150076196e-05,0.13237901856281473,0.00012273562429535967,0.10001157275288873,0.000518305840478367,0.2590111688938105,0.022247686526962032,0.002706209669012707,0.3366990924733605,0.002106396462764403,9.343208791489891,2.92179340020016,0.05324812027381435,0.3068465902157974,0.053909992494538435,0.7451579155163915,0.023472499335086244,0.024160049897022477,0.6325373991843691,0.10315329906129095,0.09456166387542622,0.0005155209136604381,0.0027146565835931844,0.45832091222469934,0.6191262998142976,0.0043284731751524
18.056961729458173,3.286066507689173e-05,1.0482487445458344,0.2981588287338026,0.06258724618415853,0.014099741885339028,0.08346617104566446,0.07197531707404811,0.22967151860735086,0.5946460873615361,0.05325934308043891,0.06090627242969179,3.419618394943876e-05,0.06188933995006544,0.005504275965896416,0.0009565656448522255,0.20423027373803734,0.00011478353982332902,8.710958772715696,2.878496262784356,0.00041143524053596775,0.10275066594213692,9.932287207528385e-07,0.7147607776843523,0.3427550991002622,0.0029596982018300624,0.018654983633569246,0.10081409480764725,0.08692031848072582,3.4940855615100317e-05,0.0009456034783428028,0.6189615267928549,1.6867368067083797,0.001018183167584288
17.854260283023926,0.012876275758177196,0.7445829832685315,0.5919336651456055,0.58943138329306,0.010650630000733966,0.1630640190556165,0.03816575656586497,0.1820863271519184,0.829089796084223,0.11677999601375927,0.8985788357514314,4.414830398756225e-05,0.013934392646558852,8.721377093943788e-05,0.00041761710051096246,0.0024273364517397532,0.0003308384081781321,7.942507157633956,2.7301324171867645,0.00243872405386219,0.4531021635034312,0.11083311113163792,1.492754882311962,0.02876640371224291,0.01717712202254101,0.26567380586093914,0.089529683582095,0.03663549475266635,5.067873186003214e-05,0.00042673141754343864,0.4654191280857666,0.023869667282130448,0.0004618969836899602
15.379145375939421,4.420795680464793e-05,1.7801317491716624,0.12223331891973124,0.04218561960716857,0.011886978267027061,0.11970735318942172,0.0004999160213888402,0.21486181525821543,0.5132421925662382,0.009055004221628636,0.32077562128875853,0.0009617935431791688,0.005219735068484774,0.002510165950961154,0.00010826862934438794,0.024442231056645208,9.456174050436524e-05,7.005208907718925,2.4784078082496386,0.06589522285773007,0.424110457781461,0.005784887046440308,1.4876172350038877,0.009407304430144921,5.7497314088725625e-05,0.035899383554762646,0.08758215949000923,0.004984403376187656,0.000986213581697312,0.00010840222554740264,0.6012783863203096,0.0038538831097934168,2.691421637191924e-06
11.270803585865627,0.007009475605286468,0.8732515258266947,0.3149574080294782,0.9199684138894859,0.024510006517714216,0.11776700054395915,0.036677554990804384,0.008959153531370128,0.20407314426996462,0.01343014236889504,0.0007059590961185593,0.0010834472689634183,0.026291811331005475,0.00017083453490988093,0.00022919461828171866,0.012752246358563563,0.0017580877881382395,5.184567798750674,1.6823041633178897,0.010121968724400089,0.14429088100897405,0.044411891960679524,0.36193444733970365,0.02167212367948819,0.016946098136977852,0.5055206635201837,0.31289528633370356,0.008009635514644594,0.0010610726763943226,0.00022985766927161993,0.3479589838078594,0.06438646079349183,0.0008968460616575084
8.895572746849169,0.0015355103942672039,0.0031510611870089636,0.277648124661797,0.005588652386367042,2.6549974989932827e-05,0.043688257761855816,8.584942179872032e-05,0.37947461996739196,0.8825650342000033,0.04095364668340247,0.07294852048381772,0.0002021714315517474,0.005781573052796101,0.0015254766861205545,8.738376369121544e-05,0.002049585270379152,0.00034953991985205607,3.091600957488491,0.9828495500789111,0.0017980344101558193,0.0807856827255249,0.00724348573434239,0.03855700054549167,0.9458303016547682,0.0014264961906952855,0.0026677449618363065,0.03231485684209611,0.03150855721066945,0.00020707271332774565,8.692328259920462e-05,0.3457956581146553,1.6151821814705418,5.668617797228015e-05
13.405558090288656,0.030501547273470493,0.6710883228505735,0.49566767896714947,0.4336664611941191,0.03556423660142221,0.6582956742578971,0.00041136224406594483,1.7077718600796585,4.174637317740488,0.02461338469276305,0.03530653308052279,9.155970386491276e-05,0.026398137606990477,0.0013816223146615122,5.481355122097273e-06,0.0196125900319409,6.172366728259176e-05,1.7168620717184846,0.3367915396074792,0.2432899198785352,1.3156425161284677,0.09807521830730336,0.026963839244729393,0.45371703184077206,0.05382047831314027,0.2177506643854116,0.48345744606971747,0.007479530462947325,9.550939497685596e-05,5.823488026747929e-06,0.07222178588961332,0.06416675494560632,0.00014246695145362888
5.758274787336603,0.07595633860573264,1.5502170017514734,0.01110192571327626,0.29918413212129513,0.03270598408639489,0.05588577982433129,0.016090180390639357,0.16176273977785202,0.5267056067468895,0.013087157541493095,0.08301185491398959,1.6783963397855386e-06,0.011829209253095385,0.0235961035618135,2.0948313840947618e-05,0.13055601831993544,0.0009396907608493258,0.2586147721257638,0.20315741708714521,0.19212721061732158,0.012154744968800502,1.065035528209927,0.02828034435036233,0.01181900885489447,0.05209753201819979,0.1820528290085992,0.31625544807993317,0.0029294611736254642,1.2013537437823083e-06,2.3293811607211642e-05,0.09700085634858509,0.3429341172489753,0.0011386719998771107
3.381695754901452,0.008109056768508113,0.24747729402498528,0.0745761322745256,0.026209555416176776,0.0032520113381974817,0.010910230024315017,0.06546466501467756,0.5323896392064371,0.9578161013787171,0.0024106559008888763,0.26342165068732515,0.0001270565371959438,0.04705837782812739,0.0813862888804851,0.00042581931564341724,0.44996146142681853,0.00039242987641311604,0.0015683063242751412,0.00028068765976716604,0.10733559820711318,0.03220854651695878,0.014519191467161905,0.05393735780924562,0.17049365499092947,0.0016427149092726504,0.014667524216903094,0.0708776593327801,0.036339224768059036,0.00013106338657739437,0.0004164246333104791,0.021995170852973707,0.08167978904010578,0.00221441488658117
7.5818998947600065,0.01583194792040258,0.009452742097987908,1.5810267195918253,0.30089852846737153,0.0020402311983048304,0.07275439364284189,0.02759013353636001,0.0064558942075083935,2.5446049161406963,0.004090869980401775,0.002978741622608116,0.0009413158335098257,0.0069697819611467884,0.1162409472055269,0.0015148014743190889,0.20570308794317088,8.901903446786755e-05,0.12934080466078232,0.04819557793158182,0.1619115992339476,1.086033422495026,0.33081105631153357,0.027677131449788627,0.4217276134728915,0.006242700004392855,0.1716447005429861,0.012251231813421528,0.0163758646102574,0.0009566075271755407,0.0015328347611695122,0.019410152854754604,0.2460107719480481,0.0025937532837986567
5.472722724164307,0.0003427403259192773,0.8833179660959216,0.14610457695886683,0.044536282384297646,0.026874648267782308,0.1599584345072111,0.2264519924480578,0.0646848533470789,0.12470319814347418,0.003059370641557747,0.0020596188976090865,0.00033332638249133006,0.21081391444279732,0.042498953384241624,0.0003963744443154689,0.7627270377512105,6.567102707325309e-05,0.8130107413569436,0.058105581417202394,0.18528165527105733,0.004058499226305313,0.23924271271641911,0.02225035542744805,0.017960255967046295,1.6812484744744163e-05,0.0170814840909812,0.5530279270565382,0.016244565915530435,0.0003506274830244835,0.00039605660900760524,0.007514964514963424,0.8381910800665324,0.0010604451106573745
7.447401186624578,0.001073847501632804,1.8067783433532882,0.15661233576250627,0.6746399305920713,0.028200659484333007,0.01757159716720045,0.05353702206917518,0.2092723594260792,0.045050571189300004,0.01453196859583504,0.01506675647403605,0.0003572515022033664,0.013819093805895133,0.004105702511156338,2.83376745743811e-07,0.36364757584353863,0.001875524399406936,0.8673616012591913,0.35818694362111425,0.610341315274019,0.6249834991959761,0.17863899535804795,0.4455794553400126,0.23240277885133687,0.022263981916711962,0.3371349521821843,0.33773321315688265,0.019836599828244747,0.00034407975470675527,9.658084882811779e-07,0.0012137744773825945,0.0016353787790524975,0.0036028287668227947
5.598919069812372,4.21655779610241e-05,0.07580272917222487,0.03970028939443814,0.0070621636995026466,0.005170004168619085,0.03933107804069998,0.26932461822335874,0.0004547553482150064,0.047712841809305226,0.041096821938241136,0.09998586438680675,0.0005667382788876203,0.2751700936480321,0.023869389187308226,8.346921288844747e-05,0.669492173897486,0.0003903382840199108,1.5387921628387022,0.29343790638695333,0.7855510736837336,0.10170323185452051,0.013527669567853229,0.4857949499515276,0.2839856711575533,0.0037303021987600458,0.0034509827665582717,0.026020688572143826,0.01086705017798501,0.0005891469261917052,8.807728658121957e-05,0.030868090639435884,0.422896407148749,0.002360124387128269
8.761764806395705,0.01178089073265761,0.24043607233215963,1.1546998395417756,0.25950397304622347,0.019686514337328907,0.024847488550293804,0.13773530208361223,1.187664728442681,0.03389697025383148,0.05197450692920659,0.22670935037540285,0.0008669973443944022,0.10428003841807786,0.01541890388776025,0.0008436929602858829,0.5607657941560377,3.934985729639455e-05,1.481899818335214,0.12275748512216055,0.7905501094285147,0.025651659198142024,0.012549262870558525,0.09593159035804028,1.3203595182149528,0.05884344957008644,0.12018985750069024,0.3630822707463081,0.08789688486139498,0.0008944783844203883,0.0008514427361080179,0.00047219858635879876,0.24836593486391004,0.00031843236982035094
9.755856896745719,0.004408815000364549,0.12910523696312323,8.79429992530703e-05,8.317953057630995e-05,0.0005783868815897515,0.0011040403869493581,0.4932590569063991,1.5914004252548177,0.44388404451881186,0.0009769239927325403,0.049706503698636814,0.0006858755815587237,0.41245298105329137,0.17443962638283572,0.0002193619096926088,0.717412276497416,0.0007769626305695878,2.0829778124238723,0.2962235754711706,0.8509677003995049,0.002911578151169026,0.274206739160092,0.1682250078218708,1.781406591322031,0.004017747752881963,0.0001642775082599163,0.0418464309822244,0.08108533728436153,0.0006640799023635918,0.00023325838595657735,0.0002506912811537456,0.14702692021706124,0.003067508493128589
8.628729665897788,0.027819971508749996,0.3073387011927432,0.050771147639119954,0.07717985371111069,0.033929914459079454,0.03740346010735897,0.3199523480307279,0.11008834818316159,0.6085421310472664,0.011756399983465296,0.16566187311081296,3.3137569290201756e-05,0.19708994352897255,0.0038292917042146006,0.00043176144644094515,1.1453812908118906,0.00039685842274927085,2.234507341299017,0.21875469474328468,1.4033149666239102,0.00018677793491963233,0.0899978620664439,0.15584552123510326,0.43790152479497924,0.026494855865756044,0.026029616122252023,0.7228201047524843,2.4815841991192743e-05,2.9284970587486795e-05,0.0004517336738051501,0.001630592739638507,0.21268841706522618,0.0004451237112365943
7.954940062754713,0.017805915197585908,0.06725050868358295,0.005415417341037583,0.06339546482201303,0.0026006482486458423,0.01428643773339016,0.32458827349872893,0.0011712525989025244,0.9819266681344458,0.050778683944352906,0.01347064379812538,0.000961659513898195,0.23578149343090443,0.026682186944937396,0.00028653185807240076,0.7438475782430733,0.000825708416764023,2.4828434755253697,0.24417182831608847,1.3607855320425557,0.0011486936643070093,0.08743558080549126,0.4458575024380268,0.281285084655974,0.002442907673078558,0.03648826218919211,0.08634868416308841,0.14507149653593085,0.0009846663057682834,0.00030398225307076893,0.03810614003476545,0.18870010696823145,0.0018910467753139627
12.974903117466097,0.004200886483213383,1.7252858053881686,0.10707893049743732,0.01056624318523853,0.003860343727796349,0.0940536800992616,0.2656812194930188,0.36183530392058755,2.9175386663954455,0.053916826937919084,0.008089835638273648,0.0006728155373063998,0.3215606176079703,0.1590102094013465,0.00045340436144192996,1.1144011697839717,3.2076998206328755e-06,2.618702876149202,0.3987133973415959,0.9138044907747583,0.18500720654643638,1.0349922107233664,0.0758391295771506,0.2586329434268247,0.008868080744412277,0.0042868996819382926,0.16190977115903554,0.11701472190229387,0.0006614283362979714,0.0004414857353728834,0.02263036828410108,0.024550267296481097,0.0006386736286110296
12.495192910369699,0.02990719849719836,1.7091217014510753,1.4955142735873008,0.011323494002630522,0.005934697166889666,0.004430989635623862,0.20946607039391216,0.8995127347503753,0.07305262857086953,0.008504678055983912,0.23712601695562488,4.711862637064244e-06,0.2387435667163444,0.062414006353789644,0.001580974323376413,0.7819219921930641,1.666071733286206e-07,2.9853182945706913,0.5415416045412158,0.8481837539082944,0.030006806570921835,0.13873669917446965,1.8405382507229904,0.007026318671656479,0.047402141831345806,0.0002894381639507566,0.09738548831448356,0.12057213290415651,5.444301355050427e-06,0.0016172960109519297,0.0026872834252131103,0.06524986897420461,7.218715992784724e-05
9.192043586957096,0.03358429189335405,0.3083384286092992,0.3335367995241579,0.0003766914904884977,0.021224541107773352,0.0006868454236005966,0.29756488783811835,0.28809582434662284,0.016909317695568433,0.015115667081406452,0.18268437787551134,0.0008683649721165575,0.21940827833053625,0.01357838882721901,0.0002774060123702105,1.1059659451622323,0.0008724147548687409,3.7914907091367556,0.5341800198497977,0.989547269724522,0.04310997954836413,0.018458771089005316,0.2329346802371327,0.10853314735685746,0.0456407772181384,0.0008545896080066498,0.4895929867823594,0.08331530828790785,0.0008778668440408829,0.000273690843432866,0.011508019650880887,0.0021713093125684045,0.00046599052208270606
13.174711019047995,0.05384801208513912,0.7922668200921851,0.2034831388742189,0.6562758632942489,0.023536733963670793,0.00788380235819017,0.292243318011503,1.3682264169321736,0.007499554757949536,0.011944249856040957,0.5186130122978034,0.0005510377982322819,0.2057839926826894,0.03370656201783137,2.641142180899582e-05,0.9236433970249956,0.0008351605507576995,4.228366045229329,0.5341170486488308,1.2692198367460183,0.042267260100422255,0.0025374231302481057,0.6910606235082375,0.2558061539632909,0.05539248269719544,0.31927290015370546,0.6025640308724084,0.034667596545812245,0.0005334932019209268,2.8164738305551285e-05,0.0037777588033684165,0.03456524523020732,0.00016747145925429143
20.47621699548877,0.0035699421522192992,0.614592107768109,0.8669871196778209,2.0759043235410277,0.017126162620762674,0.015372725516187331,0.4942573209124391,0.48215344477094335,0.529469381045475,0.05651954407913206,0.11869697580660757,0.004926661674912342,0.47365818614977656,0.29625596188237735,0.0005000354953026693,0.8425369517967746,0.0011238978620944943,4.4362595336362824,0.6900869819642206,0.4765581734866311,0.2680950072858131,1.656846448819856,3.028898960192858,0.6439271906679586,0.023916372845025097,1.1901550900787703,0.010514969577263831,0.027243571443989572,0.0049987568990450615,0.0005115503245797649,0.030667144181018922,1.0907069327934107,0.003179568540084832
17.58628616045799,0.13590066212668295,0.029148520503094705,0.17168237828569194,0.3460130234254429,0.01747176923765586,0.13357013271432053,0.8278011398917605,1.3092509312328808,0.2768224945881217,0.013102018696889955,0.009789232723723982,0.00043957043986303485,0.5394074179685833,0.03456808993767682,0.0008158161884144614,2.1342852877905836,0.0010999142479386208,6.075340938575476,0.6183877022881525,0.9039556839173114,0.9272226613949295,4.463763862441521e-06,0.05423457347111031,2.215880355289962,0.1179108782310664,0.13624233757434256,0.4581163106529771,0.06640654199893414,0.00044558695382045804,0.0008449635418939014,0.0038523961327699002,0.023759113109575212,0.002513253562478614
17.189486424035966,0.17752771647698914,0.1433463208237438,0.8862716007865931,2.815724914046826,0.00244540804459007,0.022110217579181315,0.48743844460994284,0.876915355236498,0.10221516089804084,0.044346452097693514,0.024055777514576535,0.0010796045521625013,0.5288571217071759,0.0027392894724727807,0.0026182204450834632,0.9298386275650911,0.0024855160249234193,6.1619751855334,0.8111988652824492,0.9734046063967253,0.030755944450414102,0.17622722155908438,0.09318617683316988,0.005514678726354586,0.12007598324181941,1.346331649593691,0.06711730235733127,0.02355945273082419,0.0010790917265936792,0.0026200218752132688,0.07939484225002466,0.2427974171178357,0.004232236479454335
13.638606922473322,0.020289414954698028,0.25722439062332814,0.615009964917653,0.09356155019188593,0.03596980636693142,0.04025219654301805,0.4212473061871194,0.70945264482323,0.016383855929211055,0.034725980319137886,0.008752879818899382,2.341640223544535e-05,0.396429530306468,0.004836787688846226,0.0002820557587872853,1.0441806499854787,0.0010812982695156605,6.106722708801764,0.7690306183641489,1.6284382423094832,0.0574346314406314,0.05364280807269442,0.03193673372546968,0.6418288389030818,0.03355723137794332,0.029366072611495927,0.28210020996859736,0.07668099632379827,2.159189084596074e-05,0.00029235573565430326,0.1394206065631627,0.08636562985735913,0.0020639174407462834
14.017681860227588,0.07240714094835428,0.03991677384404336,0.0003699266199997437,0.00011418808205518377,0.020278224254471813,0.03253062796108628,0.20110616396625186,0.198625704118842,0.7461995494370975,0.13413963102874343,1.728233808983972,2.292993723282268e-07,0.059122864639110054,0.08720322402461497,1.9187140332128106e-06,0.5473124692257098,0.00032328243167879155,5.911211249877335,0.7736087163665982,1.6095529478636,1.167404351320223,0.006333610805943595,0.0031378431267254222,0.03502367502598596,0.02382921261078081,0.0012641305398885495,0.28460098403769507,0.12044037305662553,4.795371015348237e-07,3.845864505107963e-06,0.05320171613922185,0.15866992259156074,0.001513073884360118
16.656268760722025,0.006718229824163471,1.365447136863472,0.25120630605576777,0.0037139770548794237,0.006069361251042036,0.01289291435474609,0.4069499077894558,1.025806525755864,0.03335809371477911,0.002375241556586168,0.0437137393856876,1.6538235100329018e-06,0.3920769267451011,0.05334694699311739,0.00012495063761032904,1.1536669183824622,0.0004888219718769241,5.646428816185289,0.8059791813678535,0.9266093805279751,0.6702725067491562,0.2429512933695266,0.14919400505841604,3.1701957269001166,0.02171293900221273,6.747004458285458e-05,0.12153247195797036,0.058362725416691554,1.6061802159069507e-06,0.00011367853218856208,0.07819654647319559,0.006548080704237528,0.00014468009227156165
17.3322285403603,0.001319721754117008,0.054672360514875486,1.5128558678408044,0.09854898514335937,0.006941528534246137,0.02570768237102723,0.4179441239121429,0.0003657438584208956,0.0802308085333653,0.0004555124386793736,0.03876708146400197,0.0005751485962789017,0.48901778315003785,0.021606752897842654,5.322436656563253e-05,0.9113252555326928,0.0016497955097179234,5.969304483825285,0.6261002885611126,1.3452596321108499,0.022196461805480024,0.21961146026166498,1.3738716306319558,3.1972526403233,0.011849559128324152,0.05471204497474451,0.1853555021444208,0.009301058237448537,0.0005831147773682853,4.838899637663296e-05,0.18421974962992282,0.46920554133265385,0.001319607201216947
21.470387963692264,0.0876730374644295,0.6402954831314109,0.4708489193975349,0.004348920347526319,0.006420034506050147,0.2577031144846488,0.7550496856536282,3.1721433706287923,0.019863403642105166,8.923369878703926e-05,0.010745568094511061,0.0017576438393495,0.5592182198041187,0.05299237057326239,0.0004744562237856459,1.6144791857664038,0.0030097233227578133,7.1478141031665565,0.984701856081093,0.9072502705963279,1.4220008209411081,0.026796864551628632,0.46424696001757193,1.8234161825251871,0.07837235367524306,0.0013718846684430846,0.1940367079026688,0.11695825550731212,0.001743216155873058,0.0004869965708157632,0.054148219102808,0.5869841768492189,0.0029467248013071517
16.654380573797564,0.03343188475480566,0.26387998099839977,1.6810910663583527,0.57573754111068,0.05492834397422421,0.005442446496181981,0.39719673673131445,0.8705315961129155,0.05527486002600665,0.025837003932131796,0.02134869257454813,0.0015607653101180029,0.20444985782801472,0.0356595181899234,0.0009439953352056728,1.4562034211972492,0.0012797842289309956,6.900172689935113,1.1456329641934457,1.1315813521032405,0.01816307944428016,0.04437364454932549,0.11958558598210899,0.1987684833301402,0.019664225218186917,0.3212645835173308,0.6836458265857832,0.0917348136534274,0.0015572459703983108,0.0009419950786683503,0.24277936272165895,0.047169366990772,0.002547859364681437
16.59490907011214,0.03713817237342845,0.9801589414669969,0.0015607946859599313,0.015116350476971761,0.03616729308973271,0.02747874785735327,0.2913132551542549,0.11997056860593702,0.10536262886109533,0.009724906280302618,0.63582144727896,3.538556802324381e-05,0.22533168850335383,0.04371504696502959,0.00013965364684828568,0.9701804501665374,0.00039659929218757733,6.742064462660418,0.7943435346422641,1.0579437031162726,2.765535166224612,0.004153020619441263,0.3246632086054323,0.17789338541122005,0.024834740251121788,0.0005425573690959136,0.47534084284916384,0.00890937921604755,3.339759822163028e-05,0.0001482734305185588,0.1112640676335706,0.6072823759133189,0.000345024298449503
13.506429742801098,0.03837592804986343,0.1181961748842281,0.581298288631063,0.06409115281872883,0.006599352692325299,0.029793729301326535,0.46241364433367405,0.5733070312508105,0.050945789765516905,0.0048486787284531445,0.0013758404610486011,0.0020440689138160957,0.42917858197868297,0.15085633907191479,0.0009936942257494498,0.9324278409885065,0.00410033202063941,6.009940042995629,1.3207144189369855,0.7406139232933966,0.33352892635586223,0.0902921735687837,0.2989433706065747,0.15817527701002015,0.004815777631168093,0.03460670676596458,0.2078957874437907,0.04599661096277846,0.0020378525904266925,0.0009780287926528252,0.13362424678831716,0.6698590244995992,0.0035611064428014124
15.148603828646356,0.032116811763180736,0.893107284819132,0.7493507288341928,0.5598097945317824,0.008828391185251803,0.0026830233908316753,0.43487158883193633,0.3246668996648953,0.004228760744967461,0.020178898298546327,0.08913927913327462,0.0005138928686605746,0.4271185052312902,0.0006329225323876427,0.0015292262202956292,1.0177940334362419,0.0006935557091642531,6.892100469414077,1.121363714883055,1.0956114384230786,0.7893412922542347,0.014169558482541538,0.11937301610918805,0.08456675184535385,0.020054437608500564,0.24404522997007713,0.09117461951775802,0.0010311309620899514,0.0005012733955753018,0.0015738565892379486,0.0783805077521076,0.02795748329100881,9.545095244138503e-05
16.60449826930655,0.021192406233917518,0.07210658265504259,0.1905205117142579,0.34679920729520886,0.007405185841531546,0.017601203128312905,0.4810910286938566,2.1487308479837233,0.314474196794545,0.007715446649951169,0.030410862791327098,0.001171452368276725,0.4738833781023635,0.24606341534596773,0.0010345691808095945,0.7874834804996279,0.0036515779114588433,6.495018232241151,1.0947665575939864,0.7912974058447297,0.025664497073944446,0.2379638071721437,0.002238135479198672,2.0793700456983264,0.01759572152874191,0.18380449409593738,0.03699259744648546,0.10451306396428732,0.0011652478621286618,0.0010764901983969807,0.32525309830343324,0.05238043255580661,0.004063089057673229
14.832401358891454,0.010750801361085105,0.0834569709943794,0.0036807714542180384,0.5346731752444599,0.0007278683223787047,0.026604118867239686,0.5525849192047348,0.0003867771852671259,0.09053147321551279,0.02255387681937948,0.059871887217420726,0.0016182386379308346,0.5452372798675897,0.07054405523642031,0.00034003982169573537,0.8816304938315449,0.002144694992326329,7.121160683074276,1.2174947771124127,0.469310978882684,0.16351083252596338,0.15470240666735138,0.9044347517106691,0.7345990358382162,0.0003747123703458537,0.28444091747634703,0.029088296089476984,0.004036524080269459,0.0016345792375844453,0.0003431790227538834,0.18649358146120443,0.6705945142499788,0.0028441468183360297
16.409146988530335,0.07788145339210975,0.041048843941838095,1.2506548947325213,1.3406455832589328,0.007733383108947882,0.09186697909381032,0.5350831266715634,0.6967709830860895,0.0035242332183867023,0.0004231706450440192,0.0013564894960026407,0.001116044513167165,0.4897305264199983,0.09254197119011372,0.002273273754034351,0.6137334768734451,0.00380859072362316,7.20874370366298,1.5235185385831924,0.5476572577592578,0.0442243279977654,0.007881017618164128,0.17459051998874203,0.46397802649501424,0.05844081022916277,0.65947599901276,0.059678358459581034,0.23047891542501522,0.0011090034295043625,0.0022859584318568054,0.15249572548926277,0.021828856621254642,0.0025669452071933633
15.936707913858426,0.0009958372179506075,0.8703522876424874,0.0322415294014477,1.8906065499823184,0.025731041122395788,0.0007900621111257958,0.3224086470692117,0.008526389399986426,0.018965824635275574,0.07289148734217832,0.0002915406462683969,0.0006825143399529297,0.3153446821232881,0.0725075633795064,0.0006715121461677817,0.3128440073662377,0.0014946657431545401,6.525580443480169,1.3561545121977525,0.3166113100081829,0.06130338381426186,0.3273788483605361,0.017786333176487513,0.6084163487186149,0.00588676751852113,0.9725691425759398,0.37901918795311174,0.0006774589219504149,0.0006819872846025684,0.0006518831061420307,0.20027752882309832,1.2156527953374188,0.000713840912682592
13.051272599084651,0.04090321161346635,0.23843848398564188,0.37242618995250637,0.15493284347130087,0.0007829117693335699,0.0922199760652592,0.2944768418886781,1.196877746267441,0.08542844200921004,0.0002784616620889155,0.21216396006137475,0.000557741852690916,0.2507725398249837,0.035054017719271836,0.0005073633768598654,0.5557985007306432,0.002572585284744267,6.327071432746632,1.2650180302128957,0.504433623484602,0.015135954975989366,0.02133770641910188,0.004673006594829374,0.8088638533060043,0.08668516705605071,0.07121756557487359,0.10215157460041241,0.07622140540907156,0.0005785217577584088,0.0005188918361891009,0.18247406161206964,0.05038885399523057,0.0003111319674457386
14.328990891280284,0.014103149242230424,0.30209206292414936,0.33371345399243085,1.2300201956468306,0.003671452925870452,0.02427984310042692,0.2142781997040961,0.34693992878002533,0.10304015810678821,3.4265059448567886e-05,0.30476568644299373,0.0004500070353308564,0.23926776610244557,0.006656127403255373,7.748784070342549e-08,0.1845771279130817,0.0015170640136449671,6.363357243520537,1.1787321791682843,0.5769734456512065,0.2628496625961532,0.04479032020506806,0.6449568742607085,1.0783006618195001,0.03113754354728843,0.6426812397509105,0.015162250165101247,0.024455162492509577,0.0004463414937769855,1.17197938282477e-08,0.15399618381235614,0.0017449843241624248,2.208720367523059e-07
13.939003475807572,0.020000272309420388,0.45550784311504033,0.03612260898828248,0.0132103816868151,0.0005232993898245901,0.2991568544699845,0.045963100006400255,1.7289693575105938,0.1668186557634805,0.042023469752813646,0.08075786422975857,0.0005949301787798554,0.08622445321952783,0.0001739327550422819,3.847379363165452e-05,0.21885865733165172,0.0006016196817463683,5.644015957419552,1.5527162867496846,0.829296292897122,0.010083659408371104,0.20683683389551938,0.6804123144118844,0.3565780384734252,0.03530531611928314,0.009542567865097527,0.0232849360928182,0.10011840753517613,0.0005910358474034393,3.5948766098903366e-05,0.24860496809774718,1.045937001598778,9.813644681850134e-05
13.661701020139693,0.00666327448388722,0.014674726795642018,4.6883209894731855e-09,0.29304320987089266,0.003512703104946691,0.025907261410432546,0.29351415211215737,2.419481235790472,0.03285599525697306,0.00011735770649167578,0.004479391543343748,0.00032615029231329335,0.23269917114052002,0.07262292630852119,8.95707600255812e-05,0.3871147160720433,0.003051853517265939,5.906480360655539,1.4648400231995848,0.512992292410082,0.028323550381395904,6.294553536711697e-06,0.021536375756810416,1.3961600405144596,0.008020623761412401,0.15455721991499724,0.026510322532438752,0.036870593768268206,0.00031966675208376573,9.114346449222469e-05,0.23743425228579965,0.07644678866183983,0.0009577706727044905
13.470277078650142,0.0387563464216143,0.00547657593429366,0.9616843845207076,1.0362225497388635,0.01638479911371549,0.17556905849823848,0.3151602060317214,0.36500445505232487,0.12212126312808254,0.0019403779061780116,0.00630050945484443,0.0009537307128169275,0.3267545134322072,0.02142141476769443,0.001298072958745069,0.28596732525715496,0.00299392353635967,6.173009281801609,1.1959099742324988,0.3575742583352107,0.5057117480294638,0.02594100509040913,0.009606791826851726,0.20390791993920512,0.055721687648135024,0.5188606236901757,0.2832553044888621,0.1041527663482308,0.000944881419608523,0.0012895247443533789,0.20499938711039623,0.14429854135505574,0.0010838761245134233
10.41100874811495,0.0008079241414513832,0.1721022969047665,0.5127781609908136,0.0017298720653622984,0.0015085364718649794,0.007332281260379729,0.15017223476734146,0.4314802567394693,4.4814849709247904e-05,0.0032826814141553883,0.006221827298089611,0.0007646410614070057,0.10092905086901162,0.08183188678339841,0.00048527919838788053,0.24851168700016707,0.0017621608472826395,5.65880407669167,1.670024903180688,0.29512457437013645,0.00027115642086206394,0.13153914455969876,0.025856407627014074,0.000921316741102428,1.823243574666054e-05,0.0013314475404448169,0.048646479910043734,0.00995738183150705,0.0007504964303424501,0.00047947098971614293,0.2635895845422933,0.5817995675454594,0.00014891463516482519
17.564423797586084,0.04538528076621627,0.5267436232642791,1.5532482249305801,0.016279152923658943,0.00036672344471356497,0.22655388927896972,0.14911060041236943,0.38921261832039566,4.463104197749205,0.02929200242986967,0.10406614909514349,0.00043985994833179804,0.08644870926513043,0.01278596787276441,0.00025998772486134574,0.06984697329955779,0.0011116337749554064,6.219741067145835,1.44471580597096,0.033054858276818165,0.9813103803465341,0.39657143015105695,0.006073336699895761,0.1867906211072294,0.05712844446058607,0.003655989171640612,0.013967566660094495,0.11753710655296802,0.0004240091738894106,0.00026560888127166775,0.17523891165554992,0.2535848597204629,0.00010820711029055444
14.459696715894971,0.02807825008453394,0.9758436083839921,1.1807848513317252,0.1679352464547455,0.0043428928058066585,0.1438209034526042,0.2352571797003539,0.3285476229546549,0.0002722891306450999,0.07557708588391764,0.24091637978032623,0.0009854287175243782,0.20061054963470756,0.15007843469353793,0.0012126382437092067,0.27350049421354916,0.003120683983876796,5.35210487038316,1.727589963097223,0.1903036327231486,0.07784886484939155,0.016233895886536138,0.0017534113013472528,0.4641302360362347,0.0005947136428713948,0.08890129266433298,0.0003676619385037203,0.025550753287503482,0.0010049568322133748,0.0012297943349145234,0.32448143203818036,2.1755382404201438,0.0011784570090580268
14.286215630456775,0.044278622257379247,0.5313150324494088,0.36770760529183005,0.0025914691972472896,0.012720583799522471,0.07949469625654759,0.05033305015944767,0.8484026820878584,1.7776105407001235,0.006032750162390481,0.07412062032486168,4.951016856869769e-05,0.02315082158516259,0.21671151858735274,8.060159145168471e-07,0.08090386995410365,0.0029433276755256857,5.476280013626862,1.3919885721333338,0.6596575272462585,0.6388739214402817,1.3505620618171164,0.04717685080736078,0.016288622637025834,0.04173754100544012,0.006799508201595749,0.000306438860494497,0.014714795312203896,4.724322784784323e-05,1.4026854742593814e-06,0.17235894337464164,0.35094265080769493,0.00011203059989994391
12.06382396671554,0.0001741780097489802,0.008656077709758304,0.3993721963215543,0.19839009629563353,0.008803809089937267,0.0284681160711362,0.014358896363770027,0.0026957231042744035,0.9723495977846444,0.028770627570446464,1.3381250981197559,2.0234157072929297e-06,0.0155793608024982,0.005001047397766853,0.000544883512944846,0.003830365779721735,7.096076429250792e-05,4.581624718482631,0.8825029830222674,0.14746144562862565,0.45981132618713394,0.5934920547059835,0.27165613477802825,0.9640510475490626,0.0017140176631255592,0.10440188773836774,0.04974987081368935,0.03266259043600692,2.3083221793703644e-06,0.0005534180340896705,0.211722954166792,0.7326889936367641,0.004535157437200801
12.521281499163683,0.0030782729933512987,1.0911396848892383,1.0504758154813256,0.20323874279198767,0.004860589420960643,0.0012140180082082898,0.07064823703667154,0.9335028340928367,0.28435996889349613,0.0015081052804421615,0.21201445776797295,0.0005290978934735935,0.01716287331747588,0.041410479566653204,1.8825350114735797e-05,0.13024394839455544,0.0008420336481090026,5.052646004088971,1.2722606074816079,0.24419907706405786,0.15206197646025696,0.008944404669792587,0.8547276508872507,0.5328558239742107,0.009464645072532942,0.07378863333801082,0.00665773480335658,0.0004089022200142112,0.000510196974414253,2.0894463322349867e-05,0.23816591227576328,0.02751696419226466,0.0008040863709826356
11.615042578489394,0.023641633822845586,2.8527360267831234,0.011613048501097298,0.00435573546033519,0.004485199981522203,0.023150132680088722,0.0633864808248787,0.005275241927168853,0.19417342231829435,0.007338338755833439,0.05692301809016353,7.959575819821396e-05,0.012296200102613333,0.01746758558570678,0.0003245392260274068,0.002781316427605069,0.0007094450804243045,4.6067179463524015,1.6129700529047213,0.21550065861754353,0.008548374882941731,0.1812732101147747,0.9436116174261638,0.032932615245418594,0.004236688470736516,0.0010148618687729873,0.22181866421070448,0.01210022526673452,8.671132508298048e-05,0.0003088471772617748,0.44599760653505366,0.04651462001890215,0.0006729167462521644
9.13700723173557,0.0016152181184571047,0.07426516008724139,0.16234476482215504,0.008120907446015953,0.013394098776293632,0.03499882769311667,0.006016215368657025,0.7437979547343477,0.04015711610259893,0.0009939506502255973,0.39867746179703434,6.071736453355939e-05,0.00415211130648831,0.03120452140368147,4.1267232186667594e-05,0.0397631930563738,0.0006653383337429179,4.998965012670172,1.6361732288234063,0.054027778004600784,0.021430574752850862,0.003239747809130256,0.2128958719453373,0.046725029922025124,0.0006510540464208449,0.004274243085539308,0.19259732893094492,0.03176191036737403,6.031717078702841e-05,3.991389317960305e-05,0.34285860200785667,0.030131236489889246,0.0009065575229069615
11.187330928132663,0.001467866952377902,1.0985664548133878,0.004119972743641818,0.015002044460879318,0.0063648744794638544,0.030876989837047324,0.017848399167641797,0.03361076793510615,0.04505905654204332,0.009889941547829401,0.19261307466845942,6.742139215152823e-05,0.021558095348375994,0.0189720420438063,0.00041054631143094773,0.04993993328134583,0.001095631780997653,5.048487029171965,2.3547753603562542,0.0333404974022278,0.2572204156417934,0.09171862335055211,1.3195158502791118,0.022414097763002218,0.003472793550302962,0.013555312137611176,0.10233761607676414,0.005305435425481499,6.924534388863803e-05,0.0004090898740814522,0.3368278836723024,0.050290226384621196,0.00012833839671648982
10.519548654018394,0.02689809929911254,0.02246375767281359,0.05962956547216132,0.01787581394591573,0.019913755209038254,0.00019923096536957134,0.029331163411626036,0.36903497108523475,1.0260579622507324,0.004033766364549043,0.004817248051397277,1.8711839387077475e-05,0.0008154866899017932,0.04732083127273259,0.00019287768619046728,0.08489544634850384,0.003147114556341549,5.345746827648257,1.58534712419283,0.019124205882048287,0.0005928594702279167,0.841391138820033,0.34583400422104565,0.02801022909761922,0.0027044154375576463,0.019344726254460144,0.03933797771364548,0.002293416207916413,1.7628269613264238e-05,0.0001791206607881135,0.5477343045428759,0.02501213119141995,0.00023274228704717471
10.744811763077132,0.032646780949330406,0.26972650323995034,0.41319255250353115,0.48354371814182423,0.0008489079391159054,0.03452894371799482,0.001609044806857642,0.4839301336662311,0.2758957207397391,0.03466007606274571,0.19993849554256643,0.00023004941278733694,0.0007130893503291393,0.04549375019944281,5.128858672678952e-05,0.015938266657903193,0.00011449924909630529,4.770116397078637,2.1468716456757395,0.0007574114373067217,0.0003369428862056102,0.3526783850419331,0.0025594892402455048,0.22308633435227224,0.027467513178549587,0.23022011918584556,0.027531578329402583,0.0711426698204371,0.00023275361355914846,5.4102627413258586e-05,0.5571612455473129,0.04105858291918554,0.00047477137691466617
12.881175746249816,2.2756888663550916e-05,0.21353624681476419,1.0102023818235681,0.0288846006139271,0.00041179689098505833,0.027525687439216906,0.0012088220999553526,0.15089608160235243,0.8488566589578225,0.001214067979084724,0.16045473068973454,0.0005469783746095145,0.00029115473435560065,0.0003215321600063798,0.00031311082161681697,0.006507694128103302,0.0022928134217577332,4.695216207517787,1.8237463028809475,0.004087368108502365,0.4395599984810747,0.005717440773730575,0.020295537777450513,1.4821922183082346,5.8612283193190924e-05,0.01632961716383298,0.034304243330885144,0.003780214517753778,0.0005385890985032619,0.0003146015969887333,0.5693248698240112,1.3319219845745176,0.0003008245718791775
15.373310884501683,0.0074079265775874,0.298591516609695,0.8860461351934821,2.508411018923326,0.04032330230380955,0.007799584732503283,0.006351119942849661,0.08146721125179683,0.10982592252105872,0.08614853911058903,0.009822814765703038,0.0008620827378723679,0.013606417732388644,0.01808440173356097,3.170792973946602e-06,0.00564602512669226,0.002884712104605981,4.3882643704460556,2.897080120261358,0.06537222526333669,0.024040370247648695,0.6780519264610453,1.3500453813274242,0.0652943356875008,0.002920366389299291,1.3849149822785767,0.05716981397096015,0.010111480766283239,0.0008630519621201602,1.8225548734547222e-06,0.3321267392005629,0.033723737897529533,4.8257626611768375e-05
10.153597685996827,0.004162604842459341,0.10485451640693828,0.4932992852234849,0.058987077734998096,0.014350453425667337,0.04240643282550625,0.010028770496811836,0.5330876539117363,0.1430487418039122,0.009318952351735181,0.0011945388030573613,0.0003252076132034794,1.691689360376499e-07,0.011987844152151612,0.000301771911815453,0.03459324666470172,0.002701024031720464,4.312166590279135,2.699346961236261,0.006707758842284793,0.00011971278501273024,0.04344707571675224,0.020773225136458004,0.0880104211406094,0.002197042744393918,0.021721747363007596,0.3544054959435769,0.02762016881464043,0.00031755116961100537,0.0003124324315659019,0.45418635359824067,0.6575792369520331,3.762047440809704e-05
13.643281689401206,0.013197159323939743,0.1705228610218063,1.0733626905945188,0.39231252608701345,0.02852072918551253,0.35132158751629583,0.0013879472931833433,2.052091951400303,0.46461750715358674,0.02149292793673894,0.030924169111962004,5.656333085589526e-05,0.0007093221470295792,0.02825883456105606,0.0006598976857469719,0.06115428142927055,0.0020786122465950717,4.127229624646792,1.8098135438469622,0.45538456671365307,0.02251453211355794,0.028595816761535015,0.8897797609513012,0.17924258403808335,0.04325369307035786,0.19854277080490812,0.22433821102970125,0.021563474111891665,5.987055334112346e-05,0.0006521363407000677,0.6744378731912293,0.2750848302799139,0.00011883292186616446
13.893153226756615,0.05789758336920553,0.005075885212879635,0.1907373363572273,0.13374650618327685,0.0036025728815573628,0.056737829962940495,0.005223042937575865,0.9094580800457536,0.3250226077150854,0.03583799040006385,0.35364931511129966,0.0008745114434702997,0.034012793466823406,0.1622810531175387,2.44350682770854e-05,0.0034727381622742834,0.00422913196451673,4.398286174612568,2.982986355636748,0.34808056237525237,0.2965821126443491,0.14667224524156083,1.04206465969085,0.5283157004341519,0.06728734257182031,0.04080086213532296,0.03992792190811846,0.028522076447764968,0.0008722074863555545,2.148956792354648e-05,0.43133655314064945,1.2583105563654748,0.001202993097939001
14.02940129316433,0.008408569333582996,0.8637721986688687,0.11691647590370408,0.0023473732377690664,0.00018191144520882577,0.2167619586378482,0.011873179849071502,0.012015681928434281,0.8928713049704348,0.016485612188583753,0.11518766685842444,2.5403111165708783e-05,0.01209843808832711,0.05552098992368937,0.0002185061951343663,0.024483092005983094,0.0037127875776411068,4.919758182510053,2.567941150630223,0.2599588513034277,0.24198144571485347,1.6338616714033822,0.19394858515003188,0.09564676352110382,0.015456622836889351,0.0023540864176185504,0.1374739484601169,0.007597238783370867,2.767467680134959e-05,0.00023269196774965386,0.5784769597809487,1.021133122058853,0.0006711480250344644
13.210084715932883,0.0014276177579790872,0.0162440875336568,1.2906809918578945,0.03066308821698436,0.0005107069438410255,0.019507981056279444,0.07193872171609833,0.019809326000908217,0.23705988810586853,0.03160439240709028,0.0013229482876705506,0.00068308405256231,0.05515511240485668,0.028160258534577404,9.810488773114138e-06,0.07479824703283372,0.0011485095979512723,4.7624975333294035,3.1306334313930737,0.3897408591828226,0.0704052078010727,0.4193818246025122,1.0838303689146545,0.5420745991861472,0.005989623185204407,0.021748377532980732,0.014253424860155545,0.06731679933385504,0.0006752760291740751,1.0687568998944413e-05,0.7133192828190364,0.10706603588108866,0.000416612316880082
18.048303361507184,0.006883592700231096,0.049345611034530355,0.1814285659457853,1.8060391761664016,0.0008151563734484556,0.0671258717497458,0.2700677940570701,1.2827555574859468,0.0011477806588717186,0.013009460161868458,0.01782365632054922,0.001138333574509476,0.19861467075312142,0.001954517441185594,2.8507861814187237e-05,0.8166400196679624,0.000407756924233696,3.368020935656071,3.437204212106567,0.6157661198514479,0.16194633862742677,0.27058476847303203,2.192037455688331,0.03385619117806268,0.055248197742878015,0.9322997000579923,0.1433168817020177,0.0026044932506592558,0.0011099096476364107,2.8677218769405308e-05,1.1633829809950793,0.9555723061026776,9.816433125837177e-05
15.494987860248076,0.09201850343853282,0.26559492732646317,0.005886832245056098,0.019439293628948865,0.040430433944501534,0.016322990581537983,0.04790001568369527,2.3016184154624098,1.4854811953301448,0.050690559710074294,0.05594062173166766,0.00033783299908561544,0.0022333295133690817,0.2999237701285477,2.3248534236888613e-07,0.13948426739545275,0.001030221634504629,3.1849673062365,2.6385781026393453,0.9325656296213903,0.6948343307622671,0.9381570965693633,0.06753328331256007,0.6677590658617597,0.09263174377991898,0.0009052350382292391,0.26369437089400877,0.02584527420894253,0.000322310388458899,4.959983356040537e-08,0.8404927991171709,0.32191490539717604,0.0004529135818153882
11.087795209956335,0.020128893886748208,0.3905030425103782,0.10614131749691776,0.09168277213936506,0.014234651609006877,0.0035754377691406543,0.1518117187240027,0.7180120783049695,0.08687532616426574,0.02356015032884844,0.0007464151784197604,0.00015060293575461196,0.0840755775244574,0.01374004237086238,1.1240033633145584e-05,0.35561732851170236,0.0010802036600855865,3.4659080070516346,3.035554608598541,0.811956045039176,0.10070224060573779,0.04909498578087171,0.20942515635407938,0.23533081952516205,0.04774166243078685,0.06946321100682769,0.26224505101296425,0.0012128819607597342,0.00014455433709530525,9.916189029195554e-06,0.6345669319239962,0.10241834088593672,7.399810517817229e-05
12.597391913440974,0.06883840246517384,0.44551515875153613,0.25132727401206034,0.3262391149914324,0.0030519912592896475,0.0937155766642563,0.09569581659505376,0.15257616870585358,0.07337929282361262,0.00043534989549775204,0.34752839661470014,0.0001249292176016659,0.06408117591884405,0.0002641937618207069,6.134287561165563e-05,0.2604377559115874,0.001810736991172546,3.218456158620943,3.1379033351431,1.1924550738829196,0.5258980094303537,0.24632837696705168,0.5976588690138022,0.22847897315360832,0.052306542530907836,0.16486923504473738,0.004664466144530378,0.022983390115204557,0.00011881434892261883,6.989937476979856e-05,0.9428144173430355,0.07647813416523537,0.0008255407067472437
13.280617101340587,0.12895228059689953,0.9425959496147067,0.12732923757730255,0.002829231404854414,0.047046348100519296,0.005149844221884404,0.2768979248731609,0.005352582072532887,0.13937751129212042,0.016168978081561362,0.04697815757893847,2.8985846675579573e-05,0.1846492149799722,0.011030347249029267,1.1572691122094968e-06,1.0809234843968292,0.0002360369485775537,2.629626277762223,2.8518497549815858,1.6076634434779544,0.03765304646861823,0.2424071422169945,0.26959704667610324,0.6609740869831706,0.10494179742337176,6.457711164451031e-06,0.7610127067100554,0.07526018103848266,2.7550832802483478e-05,4.198664340757482e-07,0.995557668477433,0.027707055467818143,0.0007851931416999427
12.242530723944625,0.010214883058099448,0.031107552147614615,0.561806866534886,0.005952827319339583,8.893472075066603e-05,0.015572573229211382,0.19698564486679415,1.2321609955112336,0.013961584339821812,0.05436109841852541,0.0046123339071534476,0.0003007032527859882,0.2009850460966407,0.04599138852109759,9.78206105685738e-06,0.5094407472746598,0.002320962289979933,2.4763181183017045,2.62854531399842,1.0023087079596593,0.8745031775520474,0.39853769933085176,0.6643817694615344,0.16927098970816293,0.018621714531219555,0.003547170027654568,0.035721711561876875,0.005984051013838281,0.0002942804627071386,1.212911253927123e-05,0.8582592387046383,0.2203296122759187,2.111639220141119e-05
14.079338801717832,0.06781750664176601,0.34708234603283084,2.9126235682914716,0.0086671322697014,0.01936345914495767,0.008419909372634414,0.3931198938504745,0.5870469657825277,0.24445557842190507,0.1537269365131929,0.0586226904343143,0.0003286049741892965,0.35156829923616395,0.0656627834135085,0.001006114947310371,0.7119521741337804,0.00028170431384582555,2.046726153416506,2.050937945840719,1.3219865437514597,0.03164680711210405,0.013270504680620358,0.0526082488656849,0.4511083100008455,0.031642511368822984,0.012884147991630684,0.2512512085727089,0.02415200234367475,0.0003209279240574862,0.0009875771149213727,0.9392205268932852,0.91839612834452,0.0004535897216965153
18.13093901884557,0.20440991748466775,0.43468699139692557,0.8687478718089073,2.7428237171084477,0.005686034273681116,0.011315397204053747,0.624342217111569,0.36998087148082065,0.47275452693073683,0.04728851304485642,0.0003357314439116356,0.00016836615068830331,0.594823878746503,0.00022388199917905354,0.0011428518197123569,1.6864653453554275,0.00016663407558690642,1.4050367822394991,2.822938977715607,1.7313654284679325,0.721519934067565,0.020840117205663596,0.06312932885828744,0.05920989427792151,0.16335113854628683,1.2462513698950675,0.2003515765538054,0.025832639096973295,0.00016664271518483688,0.001149484502032962,1.4119521717765982,0.19230330181375896,0.00017748367771429287
20.78054312105917,0.2765300033558746,0.8454264243398288,3.992913348979467,0.2337843046859367,0.0052458735544265315,0.15318913376102025,0.5211179738724432,0.16263532338536066,3.073361288491634,0.005006624708317527,0.05027705791564551,0.0008628853790212536,0.43589505365595943,0.002557139151255234,0.001117195388641881,0.8160925616460621,4.871960347853974e-05,1.4695005329465314,3.096547366065023,2.239590575095022,0.6658525612388175,0.6288624387540517,0.05448253269084567,0.5933026931306666,0.17628434287129519,0.08405894646055953,0.004833057560025943,0.19659280937063525,0.0008333727349762928,0.0011326335211506026,0.8419184552223637,0.1499937699936196,0.0006961215292130996
18.310819158055583,0.1403233435320552,1.0202281696340871,0.027241495175720887,1.4934718346774565,0.02551674993910556,0.007421913429798499,0.8583816442916951,0.9048339030261585,0.08208401064294263,0.0528203411517404,0.010762951756554224,2.7624155275172565e-06,0.43696491718654656,0.02267312605242566,0.00032738161094990836,1.500347842410668,0.0008888273955607864,1.3818563241713249,3.2367073396025847,1.9672674668034436,2.3388532116087686,0.013305503742182466,0.041477975948820286,0.25037372542497643,0.1078872193661531,0.6390183446795893,0.5135677613586814,0.0006631898724427681,3.76601452354276e-06,0.00033242078815196767,1.1767104272526705,0.058432204607642674,7.106248463244522e-05
13.10906376328046,0.1926776447609379,0.02375373675295496,0.43024964662336496,1.0760500898084426,0.015483735904591617,0.004479440634958683,0.2394450176164315,0.6758919140028781,0.8420265615811354,0.009114563518564302,0.17722235820771687,2.814499420154126e-05,0.2995929449916363,0.0061311351759059446,0.00038964772611915424,0.6060353776613856,9.248513336176119e-05,1.8050337928915938,2.5495566126866063,1.6340624214323929,0.039313283573515524,0.0016218941322138588,0.030470877581147415,0.034355641776916,0.09805385359439114,0.4696440816432063,0.38296035354651115,0.01780393816529022,2.4180571483988745e-05,0.00039502749816259803,0.8571355172371324,0.5899624132860486,5.4285692591061565e-06
14.067587480289324,0.05794903183765593,0.009484706318749708,0.3112540724839838,0.5462345788166663,0.00021877452793888993,0.09183577630706544,0.17754512810556286,0.09826248355009276,0.415929522270705,0.002783243675903749,1.309905476861081,1.2382995761037016e-06,0.11952253098750845,0.001891956424314551,5.4192456262700926e-05,0.46912539824869715,0.00406543246692294,1.9734649216800837,3.142433579562266,1.7699085348659591,0.89910354503837,0.7215914402613206,0.13619032025119152,0.3476622022316836,0.131213229374767,0.25065464700777157,0.09858507556483306,0.05451700463726234,2.081880229233105e-06,5.632860636969184e-05,0.9214325606120133,0.0012647869745249047,0.0034436781019919977
16.4169779104133,0.107311792559268,0.12699177317053784,3.340890781131302,0.14163767635053376,0.008754379411028117,0.03583530604317126,0.25878080231860767,0.0005707814590676841,9.612977944605762e-05,0.0059548141119780814,0.5010113280972703,0.00030933013980204686,0.16811844238040324,0.022973431934844076,0.0009933564054153343,0.8742808475453007,0.0007641299880113478,2.065177584144467,3.129004586902839,2.7822025303678393,0.031195355569030706,0.42539115019452167,0.03983716941348513,1.0321668893207343,0.040306291297492136,0.05237414860178603,0.2931039814861359,0.08515118438494602,0.00031754718435028666,0.0009920327951421963,0.6205096084257501,0.22317315723272815,0.0007995902660666249
13.570771457622666,0.03869901065028116,1.1282024631114964,0.23817375103008012,0.03209687351726473,0.014151259377115604,0.006308518676673159,0.5259997964026301,0.213728288346572,0.17575143433630733,0.0355874744606766,0.019572708543433022,1.1307568049420885e-05,0.4643610164019132,0.0034595795789207013,8.868891814056084e-05,0.7683377437860026,0.0008684180747339206,1.1513824648090625,2.5768044431835606,2.91875521241765,1.8075683958013478,0.04871393887742788,0.035739261704996146,0.031715678835257555,0.02263807275246869,0.0058443022059281305,0.06996746076727567,0.07945178392176001,1.0734389796458202e-05,9.960101267188687e-05,0.8938172856509429,0.2617387935814826,0.0011256949307454705
14.705352337549254,0.10383678571662225,0.1774416865818116,0.7043359843487056,0.007754137085831737,0.040433917264498555,0.006206147569717553,1.0604815066397746,1.514334883448817,0.0299079781177112,0.028464935995065783,1.2042892926977975,0.0007610816565310643,0.9386947630376489,0.17690768729923934,0.0015332600840076668,1.9966364478052117,0.0037877534238041095,0.6717049770249299,1.466031287246711,2.182521299299969,0.004604404861834438,0.06658796241871327,0.00024143977064469498,0.5164677836410824,0.06408924681651113,0.011965054008770555,0.46311899527896583,0.050787531413464815,0.0007709190165910236,0.001528288113221432,0.8081345192429402,0.3960832495937431,0.00490713102836433
18.55965034677967,0.1736294289748845,0.03165860436272592,0.004152239746737774,0.21799900536866676,0.05404290043641897,0.22349821317603208,0.548969454050612,2.0695628726059665,2.0727739445565905,0.0032829240242906368,0.07590613122668975,6.335602806279575e-05,0.4466801810969629,0.0016860828396995668,3.309384225057977e-05,1.6381613117416227,0.00020308484855243423,0.2674417597010412,1.9029686744642986,2.5195800470281324,1.8940384436300708,0.057794722206817944,0.002427448597661454,2.4743755875299147,0.17773157917053772,0.16951030586319066,0.7829111132910589,0.023080509845788463,6.728535877244817e-05,3.594588933434062e-05,0.7161648356253923,0.0091852949358678,3.396471502104861e-05
15.446560894013533,0.04159064490637948,0.12133249558183816,1.1911181152573806,0.013047917094578513,0.012396940151228997,0.0016741389961478633,0.6411647173953089,2.7830586926884213,0.22739617426876058,0.0017949287984417332,0.10975868047657901,0.0007080214131344608,0.4264403818563785,0.1512708235159994,4.2446730880427645e-05,1.458679358808305,0.0008848422467019034,0.21827650901396642,1.3443633211942583,1.4181832261829657,0.5203665704065467,0.8876855280894035,0.5573865994129625,0.4614336009025689,0.03572301857178808,0.010706814450993678,0.5369459551995063,0.04780946260121163,0.0007235198108270475,4.224777527967198e-05,0.6045863351022918,1.6199406766684779,2.8188444019681423e-05
9.653455189129478,0.017281876080493877,1.8476750645265927,0.02079910014516008,0.10785785269736932,0.011576415319822663,0.008603017130013506,0.1533615614955533,0.10653778868547735,0.30715835684912934,6.406829348696659e-05,0.6032536476299414,0.00026975859170099846,0.14745416147896087,0.0019004795047929102,7.80815509734978e-06,0.47595081835125036,0.002515738627549557,0.21281628194047755,0.8845490419868526,2.0013163043501754,0.4990944265665321,0.5249563144066267,0.18580375156493253,0.10641757136297275,0.005792247712571162,0.08315523911966462,0.13572764878236307,0.0007667913741243754,0.00025346388592628496,9.804091220183611e-06,0.38678833139344887,0.8106318209488016,0.003108636080394459
10.916634866172831,0.0625803302656805,0.1414842841925376,1.0582104638325902,0.0008567145387765173,0.08548804318291402,0.11373227831513462,0.27837000818447355,2.448982388626321,0.36109667726967004,0.10437816788573809,0.018058253816891377,1.910118753964126e-06,0.17770232010836523,0.0879345542366257,4.6874931530263556e-05,0.9080886282097252,0.00047150125671801375,0.028504325907269416,0.6079694658476993,2.079951960312947,0.012424505076096059,0.19609597287790506,0.3350343012124116,0.07507113479834054,0.02889349791894358,0.0008058079490258304,0.8828951442600992,0.07318826741533799,1.377837103858844e-06,3.8678110943827684e-05,0.3234988642634097,0.42477775006028295,4.133525702693538e-07
15.971553858891674,0.2878640350984577,0.0021351896797553276,0.004614106399532218,1.6148614672509864,0.011337205667545319,0.2507964973529639,0.59551571059292,0.004099544732554999,1.5558485338476717,0.000839708074862739,0.06843624311493444,1.929952373042088e-06,0.5839915132190244,0.02775859807308818,0.0002499136258227324,1.7647162893681887,0.0002130127723448521,0.0034787456992320365,0.7752577541677912,1.9613193706507328,1.7812896190051728,0.09986348088885373,0.10124961214889105,2.1573354043816297,0.262786457874978,0.6883869263923771,0.24906941193031726,0.15033897451417386,1.2058296410891712e-06,0.00023658521434283844,0.8644072811713573,0.10325103173393918,2.498465217819854e-06
11.456543718782106,0.10332525133666626,0.25687657648461726,1.038521723361255,0.035975730731383014,0.04735172751060128,0.0012076475373947104,0.15498320038444965,0.305032201531353,2.2590245212190894,0.02726531980248208,0.7554681969045359,5.903240207649644e-06,0.08808572795208186,0.07778045831685954,0.00021586093653972217,0.7058377258816686,7.724278375660191e-06,0.0022103947405885493,0.27665955299956124,2.7816277966404273,0.12192145435985277,0.18500528682502465,0.060798884378391906,0.9369764749190076,0.13904427534253921,0.042350415249461204,0.4067435461058266,0.04806743963578678,8.605911129899809e-06,0.00022581808968644417,0.48612623053390497,0.1103720967627138,0.0014399488786431928
16.850925535516932,0.018498753810250235,1.5226896088554414,0.004874640705455627,0.11391303694707211,0.05879626183763872,0.0008941884102682162,0.3957401239459144,0.0023869491668209496,1.0497107640305907,0.0023114104210500783,1.387200931792708,0.00010893913050471585,0.3046115829498658,0.02426224107703335,0.00018023680457679556,1.5280037669669206,0.004106595481093255,0.07769484458094121,0.7087357665607096,2.6523200375290874,4.15730484330993,0.5560500285015567,0.03594713496539148,0.1784171987741433,0.04901847127666265,0.0980525681947239,0.9387131252415656,2.0318614144329492e-05,0.00010740791710364393,0.0001915899194765479,0.5697624027554075,0.40232541972308755,0.007974345319796204
10.49037478668741,0.09086392986766532,0.16535823877185013,1.3236561830019469,0.039503395045708066,0.07119590775076655,0.004621244227951177,0.4804177815258641,0.017584641023773464,0.028922840606005328,0.1289400581191384,0.158631646060061,0.0006161285199778255,0.4101106183562959,0.0022092137501504173,0.0007515380535747521,1.5708136280703093,0.0010530399796236398,0.13865561218857728,0.14319820929025487,3.0837775442302138,0.21426512813616963,0.046078819698345735,0.04251737902590235,0.3838568908179042,0.10094787114703385,0.036554173901532414,0.990238365720367,0.2511613278082799,0.0006167710199364968,0.0007804829598593847,0.4635004861554375,0.09885254942003106,0.00012314243690189484
9.802732001538827,0.06082519755559472,0.04404327885517414,0.2959736667285586,0.5429588804989164,0.0303249612406935,0.039851634411544413,0.7345522636909182,0.33192260958674297,0.11107200399044312,0.0022343883049840943,0.0027948823197987424,0.0007885321688908101,0.5893875889851443,0.00576573070188173,0.0009370367136146666,1.9867445669185735,0.0016241115891730922,0.46269610354632495,0.1897444807101009,2.4469919437547634,0.09215270432560997,7.490411671442202e-05,0.1139208823009243,0.011697737270784426,0.11002083909889696,0.23129135390157654,0.40389603244621175,0.09235321368576978,0.0007780530776833252,0.0009375043809724973,0.24052786722607836,0.6232506921879442,0.0005963552478247142
11.98033321999501,0.15575333821880136,0.060575613449141745,0.2828530502878393,0.36770823981445305,0.051052865384961975,0.001467749491449719,0.7557141686083558,0.21488039060289452,1.798282557867857,0.007675104597004211,0.032646052752605514,0.00039758412503439487,0.4301951018605313,0.0031754371455348226,0.0006700583098785714,1.9525119594229585,0.0011374946194269802,0.933428958911749,0.11526990932086538,2.2945218851162297,0.1065453325302093,0.12646433785105,0.016295073528859012,0.021714688352778566,0.15775952886258052,0.13354666180591024,0.6195441090578586,0.11735356832017811,0.0004019186559757664,0.0006796932426341893,0.17368485050825327,1.0458563414075932,0.0005695959635564164
11.764788475204952,0.11759977741460259,0.3098871694583403,0.016178997921809532,0.17220089617891057,0.06296912040689481,0.0010657741559735858,0.7509046978725498,0.026135053707924516,0.7993484393135661,0.013696514004791563,0.013334372756344432,4.4267741404547396e-05,0.5492474374872911,0.0013762104438355758,0.0005699124767196724,2.4067111541208983,0.0008333858935245846,1.3082974267252392,0.05793153110569092,2.2290553068741707,0.7937902064072504,0.054399719159077604,0.10067367283962586,0.5219792122926425,0.14110285494731084,0.04626243084643528,0.7724036584068448,0.11980602658580912,3.90756790148114e-05,0.0005865332949728999,0.1581916037810793,0.21802206676600341,0.0001439681384026424
11.179081735723262,0.20142965422891682,0.05854907754750173,0.014556975549099944,0.24187684819301647,0.04940679767352182,0.06431772028550692,0.6925776902635923,0.17396475310264267,0.06097087577570807,0.0031452086465731323,0.2543556812551509,0.00010382152171640725,0.4507302016296712,2.1447238269452278e-05,0.00029952634334894286,1.820192097217586,0.0010537692835242505,1.2961911667659065,0.024094204069213854,1.670193341957512,0.5607108909323577,0.0011134838421396956,0.015674374203097412,1.472370832300506,0.12331570920119472,0.08663659443891153,1.296668173226322,0.03911343904435418,0.00011613561398858053,0.00031153397541323127,0.08445554537570335,0.420561079071193,3.0859501025385984e-06
13.882756307112723,0.2679772686439254,0.009443981559135273,0.022269943567044728,2.316803495355529,0.014559548381910734,0.08531890507100959,0.6481883169665144,0.11915932539289449,0.6118801208930431,0.11749065757050214,0.33270285245623216,6.812206499589544e-06,0.3904883950082278,0.005602134715112055,0.0009637195212240886,1.5951713767159748,0.0014632632240872676,1.6341498634970537,0.0008816474060843131,1.5597663056424305,0.1884988281113732,0.0031730973033133433,0.638133051803192,1.3760891112786744,0.22900483532822552,1.0246895114399106,0.5026702924599913,0.0004657791213351055,6.4343662415289556e-06,0.0009402969840709551,0.10596568082664581,0.07879515206029702,3.630223501584597e-05
15.934744815958211,0.15591746265714287,2.3860978545222475,1.0931319636032435,0.07624362930384034,0.04961889890003442,0.011581253437889237,0.676266729068969,0.22021676253467165,1.2323260341984505,0.03270914360864415,0.06985363309631203,0.0020349079057788446,0.44169523576156783,0.032539446894563784,0.0003940410455946751,1.3925642878541904,0.0028563275530394346,2.030165565731374,0.008108042443999812,2.166242508082524,0.6642160819190976,0.4032122805185405,1.468052958037084,0.31717030718290273,0.10918887451353272,0.02796942273633829,0.6207412627940723,0.12659520119242382,0.0020521076915558613,0.00041080569355007244,0.10722511675657644,0.0072524250384130035,9.424368004622953e-05
11.721195199255803,0.037757068806188225,0.07588941143999409,0.0450503326279067,0.3403189028273097,0.02998767918896546,0.0011903716791123416,0.3981069358152808,0.3415388145516323,1.5895112318934452,0.005825376569179785,0.8918577528754538,6.716471832512724e-05,0.30297181415817603,0.027699399104498274,1.4006717355048917e-05,1.1685957397800524,3.028481954548804e-05,1.9115617378811998,0.00425884412355358,1.4559455767707241,1.3305980586049904,0.09961258060111072,0.09538833922692966,0.06035530832803812,0.11021770509293957,0.13058670226962654,0.5678131076987303,0.02681599015838707,6.0866825656953455e-05,1.153647674149904e-05,0.05757424023681709,0.6115186685864955,0.0024636488014414303
10.632021411396927,0.03361125420666518,0.07694281783688299,0.06028971874518622,0.040898239729846214,0.08113221072308159,0.010831934494379329,0.38028558635864496,0.27378548176240936,0.5923763624929833,0.0025055031049771256,0.3925024411312408,1.5303300828376104e-05,0.22421674881268863,0.03448501544999738,1.3551723364377688e-08,1.6702121790958206,0.0002535483847059383,2.0084701712434536,0.00033660536214005847,2.0605475482605717,1.1685955313966738,2.7630617506250606e-05,0.09176043257145713,0.1051892844604199,0.05181082606069,0.0420149508534037,1.0239675323155388,0.005285453035624448,1.4173728162499094e-05,8.949073817375931e-09,0.029531777087490944,0.1685668405592089,0.0015582857134510061
11.66802007670154,0.1523439280970869,0.5170752570416448,0.40871935444291607,1.3594244926974217,0.0018783019084382246,0.043246696731774954,0.41712395030230726,0.01475589771952771,0.4332917587172159,0.06385126672612405,0.4331599814032709,1.165688530877734e-05,0.3433880892651994,0.005522635739583716,0.0011372223994111912,1.2775951479284868,0.001294606626246836,1.9032410979274759,0.012352678500172368,1.6496450894793113,0.14890258080533017,0.09297381537667088,0.9060841421410156,0.5859341136870946,0.13270148975943138,0.5891477797869095,0.10017960710146691,0.008813058164328078,1.3673008351683106e-05,0.001152959660231432,0.03845172536027662,0.02410791228200602,0.0004981090295026162
15.860747203580937,0.11342804828663701,0.4612764396064078,0.1829479393880053,0.1243780240082363,0.04035319266518147,0.035837583984313894,0.563038297578221,0.6726432293854143,1.9748059491342436,0.0002642407654412205,0.3608531445747252,0.0007829016081507872,0.556309931890638,0.00865670899519215,4.130079061672421e-05,2.0157027733733734,0.0013209550128906301,2.7673043708548226,0.03938355151320848,1.1603500024030957,0.48070745897469125,0.053648680745453904,0.5940603387709498,1.0748646750550936,0.14718211753132285,0.04447597765076926,1.0809470599760214,0.07846654689820197,0.0007695419992752939,3.675315831096694e-05,0.10259758169568761,1.123204623234402,0.00010726207194076429
12.569047204066866,0.04929144991093768,0.7361922605282772,0.001414124290516029,0.0025533417187691655,0.03673372164175011,0.03081591046607072,0.577608318195257,0.4356535726925198,0.14449411617799446,2.437382248073331e-05,0.06560793421467732,1.3996753587989466e-05,0.4462374310585919,0.07432154782072502,0.0006538121159175887,1.5422550050830197,0.0026452218723573735,2.4268299034403142,0.08514399420571223,1.9798235038927994,0.1526329941878157,0.10325725575137241,0.49296383005995603,1.157282414161293,0.0693839744086435,0.0006146824392006949,0.5744436651475976,0.06838468959965703,1.2568337064579914e-05,0.0006616082287773645,0.0006612309960416768,1.3103319714625177,0.00010277938465233867
14.41113755654534,0.07493190266323378,0.16979484921438415,0.078778358001449,0.1759498837229809,0.028447455500418762,0.015041299649449925,0.7795924249186938,0.37741115611651366,0.5224344474699789,0.14263095519448202,0.09357746494220638,0.0008689480695061248,0.6444559018014084,0.035085429870771526,0.000506449703057801,1.983672623784034,0.007238563095589526,3.067435213669546,0.10157827443106196,1.5422495766380375,0.1743491899462378,0.011911116728573751,0.1785548635884075,2.700334478341468,0.08565834268646245,0.07789137230800829,0.691368911022765,0.007121541529445129,0.0008533307399870047,0.0005237198189681751,0.006994604628485998,0.6313302252341998,0.002564681515525953
15.979494904260052,0.1052197426050006,0.5405599574574833,1.01123239252142,0.05758948371445974,0.062100596224059904,0.010151678447032584,0.7434564810219824,0.3671915319852918,0.7887306961097619,0.11333322070291296,0.1833397950468465,0.0005182815865153433,0.773309691325349,0.07348485822792368,0.0026140770276150455,2.6625111894020135,0.006310736090119633,3.762875401624878,0.1416231408985866,1.5631665021704984,0.00012305903048476523,0.13977211012940155,0.5696462594610724,0.09900172169178995,0.12366791499714776,0.008266284879570155,0.6321545849430099,0.0007054635026622107,0.0004942883911702326,0.00260325538732729,0.0018313869585567027,1.42937963092177,0.002529489776337873
11.436368514589084,0.040323822435309034,0.18413714372262255,0.009122422635557138,0.04616856620653767,0.06034439848571035,0.021035090495070175,0.41583043524367497,0.310068815491986,0.46397435259743963,0.007365791190655911,0.19754183543508483,0.00020228829209918648,0.21418142855644037,0.0007063246192376486,6.081748952687715e-06,1.4678646919556926,0.0009531264007775434,3.7558650979160286,0.3897589854505229,0.8589810079174006,0.6907102983974224,0.004234662395769262,0.16458297198500063,0.8822879677000135,0.08569322070894453,0.03783038666842278,1.1228646105333864,0.00013144261056854067,0.0002022200586658963,3.304743828234195e-06,0.0015374279201838305,0.001857691750023034,6.023200548645078e-07
17.77881428883239,0.12384066484809567,2.3717883483646474,0.17311061568484362,0.05160337696878859,0.002965551767181218,0.5111320691385763,0.16770308488928887,4.510059111127611,0.9505894667852749,0.013384622829848236,0.3965477643997395,0.0005017793087122813,0.22981607023551723,0.02841760177969661,4.7180994851590655e-06,0.5230122820436095,0.002256295822392673,2.8531789476090776,0.12847631149160235,0.8373613677995094,0.13780945188717636,0.0064245778349027475,0.1856380523547142,3.1521286144119878,0.148353127275711,0.024913334821774893,0.005967891274123097,0.06382429668715224,0.0004961759624090521,3.1366890517005612e-06,0.048868582515142325,0.1286328551739215,4.140950823660274e-06
18.164482419420143,0.024411637437043113,0.7506553593092506,2.206405388658204,0.9336965443598626,0.04703798128649008,0.03759015317571587,0.32916397985028645,3.426546168925781,0.03597073975899204,0.004830188282103988,0.5674957654058733,0.001171604134360313,0.3441171891369671,0.3565756469083751,0.0007227075433433305,0.5322948241848507,0.00017604735912668816,2.672966164491243,0.18343751242678052,0.7250032060258624,0.047582794047857264,2.498288923483185,0.01384652588842554,0.8053732085353943,0.005069458398534834,0.4989302891880759,0.15389350655915135,0.13253612018392302,0.0012089460411290518,0.0007068888747520336,0.011539179121908502,0.8143705206580484,0.0008672497792426033
8.527020422709368,0.0735527300762475,0.46009338863007,5.0087972530021464e-05,0.007089910710129748,0.00641546685910935,0.1044698581457743,0.2925825704161815,0.6721784717295105,0.607313915620506,0.0105573123211568,0.02687662718352698,0.00024684289059245806,0.1836772889961517,0.000626187203004317,1.8534843715119887e-05,0.5361678941919429,0.003086394766525781,2.93620839321307,0.1844690005098086,0.5030562339943639,0.3791247411517581,0.04636359503184668,0.13247034090916468,1.1228015585720375,0.03836790304951409,0.0015133865449988894,0.12174828214422395,0.007010698795882877,0.0002453572981450783,1.6437672720050406e-05,0.06858180454482295,3.7137275639531376e-05,2.0694446969709344e-06
11.757226434163782,0.07877406521519452,0.16516790698777767,0.003538320639194435,0.00550850217507962,0.04033931554238486,0.1128975914411018,0.2685497243306789,0.046790745719361794,1.2472362240858528,0.06425899791476555,0.000647848261256114,9.36459885478177e-05,0.2693415383294922,0.026085799903801995,0.0004059420400866008,0.8688948037945085,0.0023070313807018335,3.7199018580542944,0.3239870228726897,0.6028702309025991,1.1317264281027384,0.5606458953064462,0.963370902456501,0.6034782943308855,0.11413397102279664,0.0008381941405505907,0.3184245013076952,0.010931785642001214,9.467247630797387e-05,0.00040653975659079764,0.04256321697588492,0.1630134122431971,1.5048228153943102e-06
11.42520937145717,0.04202234077956194,0.3590867408014312,0.7402074509880765,0.06048173301241973,0.03180578380633001,0.006114123969844084,0.22443754903879584,0.1817128158405293,1.8021691223738552,0.08314362971991074,0.018124102207912808,9.950599255372304e-05,0.21727490024305693,0.00035042815764183894,0.0006937099583097497,0.898865788404476,0.0021055613057604098,3.7272210933669694,0.36754300849835186,0.4242228826950938,0.6856248028615913,0.24844628752161976,0.24895610127694168,0.059851860981128886,0.0252988876535927,0.05766498868126909,0.1468235928349995,0.025496613178370518,9.515207786369997e-05,0.0006969858380703506,0.07133004949327848,0.6672356905008521,6.087396710763614e-06
11.63992690807494,0.019001960308181146,0.8664837708734385,0.0627025291890534,0.8421340847710581,0.00042470236189942867,0.12447672180100985,0.08853512059692999,0.004556622111788851,0.42225847195169564,0.018081798469699872,0.9121008532275278,0.0003051076190323295,0.061133145856847614,0.015145280091208097,3.518579906209707e-05,0.22038823371723412,1.1658931445717272e-05,3.465818321763271,0.42599429748337175,0.23665275013359885,1.0897892010555514,0.16499835981155705,0.8364558555953564,1.1073887209793831,0.06717322678177663,0.3687653938354341,0.0055751858909054335,6.761670322491058e-05,0.00030210687240460224,3.3757264596820164e-05,0.06489395669099333,0.14463600754531317,0.0036069019910902286
12.832979558799483,0.08410142678321057,0.009771797060742382,0.1676572369302987,1.203165495953367,0.007952249818176793,0.2801400157722348,0.2883872336117691,1.2997437790960036,0.14829232688810917,0.00034969046985005144,0.031778135125132126,0.00011859965285574567,0.3409047149943034,0.039028437886283164,0.000726273106891664,0.29789269905491994,0.00366340206061521,3.903334809211469,0.6975114833340993,0.15046691262986872,0.1998968617204517,0.01372705564434408,0.40301246650996764,2.174977127394345,0.08710929810479973,0.577884120216972,0.013535921598536048,0.153122615413067,0.00012448984065907865,0.0007333397717109843,0.05742368191135865,0.1964071686515772,3.8692581492661946e-05
13.466796751017773,0.023627778042027182,0.7124553060129974,0.16611420136890717,0.9798257033577237,0.0010191165633625595,0.0037251568231736975,0.27504334563886845,0.004698721060312645,0.2944704360144519,0.0038863864994467777,0.004742067687449131,0.0024359473950329464,0.2699545213189285,0.03499765993027699,0.0002076390827043827,0.9553184631834402,0.004925078714857067,4.260380077731104,0.38012678305821923,0.5509403799817237,0.0003277475571304169,0.07300203274920067,1.934089262451447,0.19925520460443966,0.02712996386884778,0.5265404934241157,8.366253007447679e-06,0.1112072193782132,0.002450897983507154,0.00021509997405842613,0.07601951767779729,1.5873326574567426,0.00032351817425757334
10.652617110245886,0.0004704001243680752,0.2897687015634584,0.16841998342261058,0.15110597358969016,0.014892291426107233,0.05121065635516873,0.46480380698507795,0.011931731174059901,0.0784317702816204,0.0875759105900283,0.00703583146243378,0.0013030939380894364,0.39125443405374694,0.03670698935955616,0.00039846101441507094,1.1950874408796834,0.002323283854569413,4.585564490110746,0.4078576553151579,0.49140694479842206,0.5161033617407105,0.1584164338823542,0.5986071273691377,0.027025750137624694,0.0033339132879495158,0.0732945012004076,0.2921932768171616,0.03045267654438977,0.0013194967885480514,0.0004126813741549828,0.11594556929615331,0.39793090676956405,3.156473871973943e-05
16.348331523083147,0.19686368524010303,3.0314419808588067,0.2074723569446726,0.4123787077724696,0.036906129739569665,0.0513887800924921,0.35676691575693326,0.0009100912842112995,0.941104510438733,0.05948399211640321,0.06042082864012141,0.0016856480686821787,0.2982428679941932,0.0021764537201264013,0.0007495031171775867,1.5851719416357755,0.009669913677293114,5.55801460941475,0.513153223809955,0.37078169935637467,0.01114537843722958,0.8395350579956276,0.4385638009959569,0.2186362685765468,0.11825631359640443,0.18471777142667964,0.642620391813296,0.001892799711196119,0.001668336240595875,0.0007268338505335148,0.1864494870573415,0.005513235925112389,0.0038220077777857465
12.365493536529252,0.030390886245258056,0.2935993279077284,0.011797006677356921,0.12440184175913281,0.05209208161539225,0.011216098995084486,0.2557981122749138,0.7672228343986773,0.5298430007319422,0.009657073194368294,0.086941102805245,6.350701836053792e-05,0.16611150061891952,0.024869106206341113,0.0004208215549941287,1.2497409944892963,0.000583441000839824,5.880307652611668,0.6296207829874473,0.4671028062725017,0.6914510101203847,0.06424662418908902,0.04807897790009663,0.008947592935290374,0.03227216156198316,0.03691654769271723,0.5927707296506627,0.020053897819089145,6.986022148715887e-05,0.00040980253031158953,0.1708560398812337,0.10763505814292282,5.254518515423586e-06
8.77971938231459,2.7747611329864733e-06,0.02356527166318525,0.03683706794248923,0.07760171556644839,0.0016561652395109172,0.00814538959499529,0.017363810454739247,0.0031593626000926203,0.7389271614854306,0.046771512699157615,0.7248462590152494,6.578792236255029e-08,0.018034900990174317,0.01560131581664061,0.00014433541461706656,0.10327603898081758,9.164676293619952e-05,4.474714409538804,0.6596384721715635,0.3203772625081287,0.7292075329805268,0.06732919443533499,0.0744608954481264,0.06292136735878516,0.0008788240271653835,0.0461309688908479,0.004946108112402854,0.021581073400858252,4.135998939869025e-07,0.00014560746066927775,0.31395591572777526,0.18527811023986868,0.002128431638298865
9.952763638108934,0.002767258363320803,0.019768246404582898,0.9128384712716945,0.29562378112144155,0.008338782947264046,0.01729034928265981,0.035588352233066445,0.018566058837914255,0.025377593711263156,0.0006542783830464814,0.22738036595650413,2.0063789416839356e-05,0.02976292246677442,1.223414954324025e-05,0.00045259824510157713,0.2720522360664139,0.00033711492569746693,4.257092184898186,0.7243912908563349,0.3250608747742066,0.28511376129475,0.16137559916570032,0.5969001931126261,0.7665026243397245,0.009751431627464339,0.14906304672162946,0.09485145646493733,0.007994603337941757,1.662914151361286e-05,0.00043870285852950293,0.3077484030108435,0.39860238232065287,0.001029746028186941
14.143023992568803,0.026990312472059567,0.6574355607362544,0.8720893790829676,0.6330068921238411,0.01751461676828603,0.1365641631159877,0.02626973397047513,7.620247158057588e-07,0.051227954363427766,0.14745429156271492,0.38862444281964936,0.0005756418016856557,0.027254990717536905,0.002865580603321537,0.0008591352764068187,0.2572420069963738,0.0008555719515239322,3.96560836467789,0.7093574001400564,0.40991450277610475,0.013959349577172058,0.37300201172805036,3.1614665582754267,0.3197018719242265,0.010437636436015463,0.28172610787235075,0.3749587152753176,0.046272135946288886,0.0005894093950781055,0.0008702618541181624,0.34802605908398127,0.8795011115315886,0.0008014596879097501
9.898724632754023,0.04862266893903526,0.9151844218681616,0.0005418959460234121,1.0172298563035271,0.005130075001465598,0.12773628979364635,0.00415709661799754,0.03232806281330098,0.801058865741144,0.08285804863217189,0.9659225249446791,2.3787997585462422e-05,0.0018604835050834382,0.02239601324990027,7.733745398419211e-06,0.007553525198856395,0.001009424316015299,3.7412051813237444,0.764019572141825,0.040964222031826376,0.00501168825791798,0.004260631595706679,0.010940469755089069,0.32680648173606963,0.06049261263735872,0.5079267304432664,0.00046765917197419784,0.021241633218097886,1.857835816089972e-05,7.101162398994332e-06,0.30967317661988164,0.07119002020020242,0.000878099486509002
8.242243593400104,0.007930431313427997,0.7338413422698385,0.21104057166677073,0.18501913898013872,6.103915790477922e-07,0.0918584060781065,0.07229773466805196,0.04641132583157284,0.21566562874354686,0.02136778696511558,0.017725394033083878,5.658168428152131e-05,0.08271932513229616,0.04389337644885037,8.026192032234838e-05,0.11309103389085041,0.0017232637347895396,3.4129339280095246,0.7417615843198792,0.03855867598217318,0.14558267588426138,0.3818440730785102,0.00012432481458875995,0.3918489697870945,0.0026379187386580496,0.09692033194377776,0.009225538985633096,0.045374051374198705,6.367806645947079e-05,7.84650280238615e-05,0.41283942428489756,0.7176906444891582,3.7094860644014485e-05
15.411771369942525,0.07305889378721848,1.1051969745585617,1.13540913864608,0.0030252306333900456,0.0031877330735631737,0.6068295979239788,0.07730153229523103,2.07532545775811,0.7294575113998177,0.009068264655793244,0.05477758626858116,0.0003410548540699415,0.06585875052260035,0.00031507228580853017,0.0007489788503967651,0.16666832996372002,0.004947434293979133,3.8414705726985368,0.5522363124905513,0.1291763662182062,0.8133748129690006,0.985236661901449,0.16011405456212668,0.1628510732177501,0.10439405202024205,0.00029588876998117074,0.15602495384725193,0.040811620365484455,0.00032331118098088393,0.0007267141713388335,0.41707101944451014,1.935550014766098,0.0005963995481185556
10.321763859924118,0.0012267950535807517,0.013219387115924498,0.262609438348011,0.6611406412880003,0.0008734193297214243,0.091394647094913,0.2570992888322472,0.04807296749009635,0.464654506098676,0.04264151699714764,0.6842081729477199,0.00258961600366683,0.22932140315984337,0.11370144039291198,0.0010189323972441464,0.3377434749416084,0.006110350353779972,3.812930613730713,0.6631706219038782,0.006867340571166504,0.18370530508494773,0.003957684622391004,0.8723742402384468,0.0038537133895731233,0.0005193918407182444,0.3774551700200029,0.008513678628128116,0.0003028073012918062,0.0025844157040455515,0.0010364237066335844,0.5312032903556719,0.6303279909394298,0.005335174041986683
10.595910807177988,0.03894426912129366,0.25484964064662097,0.5541087537333167,0.47702162405976095,0.003808127164194907,0.0545976516622908,0.015987815789601675,0.6766736088417586,0.18757990948793457,0.0030281560680275803,0.6217743225853962,9.760737271115597e-05,0.0036508903752210347,0.0837130675804481,1.395895867860371e-09,0.011907898210956445,0.0006175024725764932,2.4838367572294526,0.3548365434432421,0.0432654824316818,0.09221710912849147,0.00716763179564685,0.13287386155673928,0.5190340320870018,0.016433608477799937,0.2282480394589953,0.2586541818430606,0.0022048979625137522,9.661242272697005e-05,3.0655919353468393e-09,0.419527676443486,3.048468681639332,0.0006848416242181938
6.238488102681405,0.0008779130833315111,0.5921992985181996,0.21156489847093007,0.1589532762875003,3.155613260210653e-05,0.007707949499304592,0.11832925675036286,0.4032071883903888,0.02500508281122241,0.017650914251435758,0.0059931685736899975,0.0013205375735389135,0.0748383058741481,0.037437577081215395,7.017393883321205e-06,0.08768129018732301,0.0011887706199338402,1.8870200158069081,0.1462868396044868,0.10516728784117597,0.06661529675215137,0.07722224950756726,1.3533983441748585,0.11367460230846542,0.0005839427060723568,0.0995389453760215,0.0737533794853533,7.082883666160365e-06,0.001348700851870401,5.239053032084086e-06,0.3373051518167737,0.23237953439540393,0.00018748861858788911
4.328293388418882,0.0012070776213050488,0.028632411421963096,0.3082769752789364,0.385782684789127,0.0046836016064456636,0.0023000112157802763,0.03366485452128799,0.10021412146555334,0.18792964573473456,0.00015263720403253925,0.012167711390973664,0.0004295577149093307,0.019980998852527722,0.02978780229595413,9.388031298516045e-08,0.001082694705236481,0.0005835040549898321,1.1514857121981956,0.3704360519971893,0.10820294059748645,0.077954038784026,0.3067083515774362,0.6139037217085612,0.003000460435899954,0.0009887158862620002,0.22470828846897142,0.009964750537252263,0.00978332099631571,0.0004233743387261506,6.719580019793702e-10,0.3312690898787618,0.0025444010234773125,4.3785564292195594e-05
4.370270009244799,0.0018822698507585756,0.08437779246586793,0.014067017608579657,0.2622980632937094,0.003625913789744495,0.17644740958165922,0.07792797825252566,0.682959973893387,0.2866515947814019,0.010165018112713215,0.45422634748669755,0.0002796987966298752,0.030678884803581653,0.0182203518832494,0.0003151089258776815,0.12253716344513874,0.00021892281877079037,0.48090889778347473,0.13575643349323627,0.009530191421472942,0.3736457320569333,0.00012684960277780172,0.07990086502647077,0.15446772403513023,0.0005658976713311618,0.13570761855539065,0.05124956826697366,0.0008745862994386685,0.0002822095623053184,0.0003247202659462527,0.17789603945609012,0.5394105846517847,0.002742581305749655
4.762610784316856,0.07085500856798936,0.0252534602503615,0.2150237879468665,0.878485115647797,0.009256336565634786,0.0157471827626191,0.07759202976442867,0.3096893558254835,0.10320243481223411,0.15248981971217296,0.38399237805343656,0.0002394839242702939,0.05471300188966328,0.0075918159591995315,0.0011594435871024836,0.47338062099311257,0.0009823871873205327,0.20324980458474168,0.059499918400924515,0.009097068523250634,0.4244895894296332,0.1574588182205215,0.1471914204323301,0.009853671515337403,0.025266507382464314,0.4157562772293747,0.24829315832366297,0.028766547363416783,0.00022181417022342105,0.0011937244196240883,0.2312213449324407,0.015735691037030857,0.005661764902186959
4.569775039989011,1.9096380741609588e-05,0.42753903505967505,0.6353363821069525,0.018738753070572784,0.0006581857955208946,0.01913913290159996,0.07421288019303787,1.0099832659751506,0.018280261020567835,0.012205982212743521,0.048494003107919376,8.141952849679411e-05,0.042744515300525615,0.11304753255478261,9.768754209407228e-05,0.07527655321311039,0.0008095994305777313,0.10941413889590434,0.00624131292347463,0.053939396951289034,0.09168791118012241,0.607714086914798,0.013399313088753763,0.00114704408560235,3.119855453182182e-06,0.01013682635924808,0.10751326778363574,1.0902058474151778e-05,7.652573731371199e-05,8.747326314900329e-05,0.26822894742790604,0.803487729128006,2.2758941811809745e-05
4.380045193381193,0.004988195090593966,0.10232366828625046,0.4584821392738951,0.00535967304434703,0.0008864979977880621,0.151379178731161,0.032822489708455735,0.030676689563961617,0.7538556018619408,0.0006486486146924974,0.5665734789696873,0.0011779045877470377,0.023188994689643142,0.05729457867652283,0.0005727524906193789,0.17888119637459612,0.000981089079524291,0.027418194144023512,0.0018171630529913217,0.14553973979489385,0.6758728341363139,0.019631000079087926,0.3907078224553797,0.5682005416870465,0.00023800992378995002,0.0007645668124015314,2.9508634647688802e-05,0.0038947888195447916,0.0011667487933585364,0.0005638317005747942,0.01258058740230835,0.15644652190216848,0.005080557001235333
4.950974923689808,0.01140581706681941,0.002551309299935962,0.0003463138043782155,0.3987481036990296,0.04970512964916232,0.0027013822756971344,0.0002826678296405531,0.601790597339748,0.8852616235678117,0.04073448035204086,0.0020350603048162274,0.00022533948537845048,0.0029317641096923922,0.11099165075491275,1.4232969747440061e-05,0.0766537577885732,0.00022670753438000898,0.049805040957864054,0.09320148003810952,0.08950110829026892,0.10858356502179282,0.794110267433753,0.31149135453448357,0.6825281304540454,0.008839922091667741,0.2558789099458343,0.2553844527737484,0.0036641523957035888,0.00022188783738000953,1.4475038204074054e-05,0.10265711266809784,0.008380543805696842,0.00010658257139333982
8.421383772541239,0.024548711526783312,1.1451130521768218,0.04384950331843376,1.957671495858795,0.0596324812015274,0.3369988164097395,0.00017607532469027473,0.15182348928854414,0.6377177789161318,0.040200451894502526,0.10021386533764454,5.704107179565653e-06,8.333906973125482e-05,1.5140857439878765e-05,0.00010999961694160661,0.34063179008576755,0.0020908872028775377,0.0843478182942823,0.077970268451575,0.46247842924528193,0.1502024166545258,0.22817201732999945,0.11084658832757383,0.5447321442852934,0.07915500120337,1.0229580716635374,0.5999104785381029,0.012380019228276373,6.825202748825884e-06,0.00011608498051240134,0.06824558456543647,0.13855132424746922,0.0004281181297027646
5.29441057482928,0.01571672801266752,0.09284613356886177,0.17311165779098084,0.8416656443787582,0.003319392880828874,0.024746194815240406,0.0132260332670075,2.229521356067503,0.026584001284867237,0.0024242708131460753,0.20697788677353546,6.0803252371736147e-05,0.013968357295883001,0.03888999409250092,0.00010528817580245442,0.12919764215790108,2.7810487546605074e-05,0.10098856263736271,0.09870688392030699,0.2875283141872111,0.02187400711644518,0.0025247410619799768,0.19489972653051088,8.959371089590369e-05,0.018442805123150125,0.39400281386595126,0.08387936990888303,0.0011951944614865494,5.662898053827967e-05,0.00010425237335187543,0.19953039748197984,0.07819697951392265,1.108839901368014e-06
2.5814245299890057,0.005392724827125247,0.05220735135501612,0.04372879622222752,0.016750134092036,0.005351958486141622,0.019323475513576157,0.005090235457329706,0.24163090072892304,0.04701851539467005,0.0004535807628429918,0.13902673491259035,4.882868001429164e-05,0.0016264688782818301,0.06942786042496266,1.3402250439951403e-05,0.05428829876246086,5.43639569463789e-05,0.12325151214686554,0.01682948801737407,0.4028482604171819,0.44040737556741877,0.11033587868070203,0.006345511119668844,0.001733769088117701,0.017695807735393896,0.01339148579723096,0.023213699455782173,0.007745188027679805,5.441280662918585e-05,1.160515404078908e-05,0.04402947275480304,0.6718160801177723,0.0002813523967601299
4.883372920168681,0.004191157632607587,0.13716610766572962,0.0022417047536618783,0.38834328197036927,0.062314961830966034,0.10455810597655484,0.03912339891007093,0.007746339212012864,0.0295597840972963,0.004839201372985874,0.4365810115219385,3.0643189896967384e-05,0.03865099752083935,0.002495554556450227,6.687501927315858e-09,0.4442800793359372,0.00012004409036401344,0.2699416088396838,0.031605651017359765,0.4672774755005951,0.1480155018106171,0.16542521828579676,0.055906085263743105,0.0016264503164092634,0.003914244244128718,0.23293808535274138,1.1683499813845433,3.834132530008322e-05,2.5793143686925068e-05,1.1575190201360031e-07,0.04800795147180655,0.5877469516272777,0.0003110845079062271
10.468300666935292,0.006901867693493365,0.21384474388786356,0.028582080544564577,1.6235919533896552,0.0630545808988342,0.01528340607089565,0.18987641533208072,0.27359723285617066,0.8468739155934274,0.07539282521819343,0.025171920475644472,0.0001765400665593424,0.1558712224257661,0.02595567933516302,8.240664450846608e-05,0.5682796970411079,6.651099924894104e-06,0.6550792475133864,0.02118625494550617,0.7360935106726585,2.3071872619058245,0.44566850743987974,0.7613804431732957,0.019640079023553022,0.006299857690106571,0.8848471269628959,0.37789938015299185,0.034648985600402395,0.00018498308207312147,7.975336191360814e-05,0.10485470815232935,0.0007050364031582803,2.392281464999135e-06
8.462376835895482,0.007184114299150731,0.03324492176870384,0.6180986187328942,0.06530722832351998,0.02954046323440413,0.37431379382126023,0.19581274526592493,0.07618243797452805,0.3759386364596079,0.004488462994851757,0.21257822791827255,0.0012459160272874623,0.15405312645015135,0.08546387227705983,0.0012702049245625962,1.1354842017497921,0.0023887423974706867,0.6214674555860735,0.05535767040020934,1.2145643612527095,1.0313455390581183,5.9301865088933865e-05,0.08666156410316603,0.5859565702273865,0.00025227592391276817,0.03711590167101644,0.24193668985250297,0.03494871093850294,0.0012124446369358019,0.0012700440675910232,0.0019455317546961167,1.1716042561151547,0.004082803822973976
8.007166197333893,0.12986937821022496,0.10792949265651682,0.0318960536617351,0.3421297437334137,0.04907465160522462,0.020234359724537007,0.29188917171084655,0.0838994873353056,0.9879553241254494,0.020611155157132657,0.3462346414688785,8.619665687473933e-05,0.16879548277612239,0.020963688767836604,0.0004008011736858258,1.1227864026910566,4.401530716538083e-05,0.7610402035847817,0.00027035465168259596,0.8357247574212975,0.22664229212307313,0.031910953080318535,0.8286327562689123,0.2557169676152995,0.14730513935339526,0.11242746693696302,0.917758520664027,0.0005993719311768379,7.847320575567092e-05,0.00039562201759384027,0.1637494337431356,5.743094991771027e-05,5.640702455655254e-05
6.316407718896958,0.09736398319152689,0.13072585664497718,0.10124012054848555,0.020949120752067542,0.06350908536956218,0.028188522970138696,0.351624444760803,0.10513208459356052,0.32204971566079915,0.02628004923261206,0.07384493592810844,5.767754563037249e-06,0.18619077846702264,0.00012680801281543058,0.0005957937162286117,1.092716006624416,0.00022813848071455265,0.6240759076570054,0.04110487489676072,1.1772364999985176,0.009915107787107785,0.022631014319835,0.3548252549213725,0.001772452594819042,0.04627061540312118,0.0013942061747225715,0.9084866868438893,0.0012961863596620067,6.48460531689638e-06,0.0005826865716163608,0.24229946424335397,0.2833075493490682,0.00043151446238682775
12.517256364176276,1.1945062142290327e-05,2.2940928509327385,1.7761998215384258,0.25477515724802857,0.0736307351978118,0.168556830236578,0.3081442588477922,0.4543636241482827,0.4824778159334479,0.0010569528371208604,0.030121869354989384,0.00040118332803777413,0.2191866748121191,0.0006519948903969999,6.933848058691718e-05,1.0616562096260287,0.000177370210095282,0.754872573793589,0.12020522033990966,2.1002387386331067,0.032965032756102096,0.00984602428663754,0.5727498282461303,0.927444708482071,0.008372727683486975,0.17828347071279255,0.5435071045087185,0.007443866744247364,0.00039202769928768524,7.629300775784388e-05,0.1338482784392216,0.0005012970357255152,0.0009345391228696952
5.3213834976418175,0.06937184435620118,0.00034267725805129816,0.33629530202772956,0.3523827277020955,0.007459106242552184,0.0011563532434559576,0.39696604608442587,0.013713986279915885,0.41534594970778616,0.10172154130791712,0.031217104424715644,0.0003120405662115297,0.27704795272161525,0.0009726309232290229,0.0004793577245129653,0.6582319877198898,0.000159728714587613,0.6633229192242033,0.002424683311746587,1.1538367329576367,0.09741100351332084,0.001255794470712738,0.0009521750956059464,0.01933693609147791,0.055931995199050774,0.15068541672192837,0.10635982369020933,0.011906392977898073,0.00029801112675355767,0.00046745805595636077,0.14960867778505782,0.2438650570512021,0.0005440833641638174
8.009747935756923,0.11376388319726895,0.6691822353702941,0.013384132295191184,0.08224080513263365,0.02432253027966907,0.033873837671619875,0.38079463652423456,0.19779649709883557,0.08717736086142164,0.003602093476696491,0.13554213332966272,0.0003452634109997003,0.31562218269853315,0.0005462457806570787,0.00011580828561696411,1.3464420486035036,0.0004629622536701767,0.6708688366227208,0.02935398478407494,1.7187378412862673,0.09102844842629818,0.0022309547553523534,0.1422694299721626,0.9640973374804425,0.11755264363056449,0.03008654832810273,0.6167804061646418,0.02806594067293187,0.00036162885686839423,0.00012030592947234495,0.10981101402622492,0.08231554384433329,0.0008524147059564974
6.245859146322254,0.04858686118431337,0.3418634075240677,0.27296113632638525,0.33837159619999163,0.009695108652192846,0.005159817704669873,0.3917530729999426,0.07073677562027259,0.14491074088517691,0.11730718438411208,0.012984267259877807,0.00024568286739242286,0.3323099844922402,0.04850136081606484,0.0008751236453397668,1.2277477323163908,0.0003907394637147444,0.36148102911001034,0.041970488727469495,1.328185170745571,0.00233013471377316,0.14608323003497498,0.09252725352023528,0.3163332170957341,0.05055009220094245,0.14505410322373652,0.2984475639840767,0.007381732528323585,0.00024780083533597086,0.0008640972096389426,0.0819515343593732,0.007392935958215714,0.0006581697326966021
8.412895265710146,0.04273598789698933,0.18960267358845928,0.32815471951557235,0.04465748255191841,0.015904253789139514,0.0002701988838748544,0.5224988260813102,1.0257919331033878,0.058716970966400765,0.004030959068385169,0.037369729794739986,0.0005248852443995503,0.475077762469506,0.06240945069997425,0.0003140280499938552,1.4717479801678999,0.0009081103070672495,0.4947589538039174,0.0036061087030590092,1.6637821704329254,0.5061058012406896,0.02282558093119982,0.09721452670584814,0.3926775105276345,0.019963451379848493,0.03315304700867293,0.1670608653424025,0.02562525178564283,0.0005171368217149518,0.00032677732359179707,0.30594265349403094,0.39838290203232,0.00023657599763014632
10.14740771429396,0.06729732489257957,1.1658779529053351,0.8523176647111089,0.050853227223196185,0.028965344679770633,2.2940073664383005e-05,0.40019496517616476,0.0089730884466249,0.048026063770400015,0.0007081194112486537,0.004675451605718955,4.40132094348905e-05,0.33912282451797554,0.005845696238603276,0.002357980979174945,1.019621752763081,0.0015749170246934267,0.2637450128174929,0.07638271713623655,2.3108793495471356,0.007092866148233192,0.09727013594450001,2.8324102033104706,0.00406935556528588,0.16299077802899783,0.005424448743327366,0.22118243283978975,0.05997857266713989,3.982783544390486e-05,0.0023740513485630463,0.07511375227674841,0.03186706985009387,0.00010781260572741545
6.970885182971629,0.049026415387002496,0.08015120075217382,0.5020591558749106,1.0341820638174607e-05,0.04047696621513188,0.00012673216705444263,0.3902042038758604,0.07124504111988245,0.1918474593736694,0.04239635495708524,0.004208043171653723,0.0001436498083986782,0.25692571045880613,0.00803488068117741,0.0010610688251304927,1.4705120731511394,0.000854651719559998,0.217308044598897,0.0464166020284246,1.7017477158139507,0.07521163615049524,0.010395438572056291,0.24065324785140663,0.01994355820214479,0.09328804798153861,0.0022703095760756094,0.6528811225281617,0.16445505581970393,0.00014991904798476561,0.0010782983415356115,0.15771694750226314,0.47770256931576516,0.00038272028195067686
10.966373151711817,0.1750549922684081,0.004863411340255203,1.4636187071815305,0.04700714892056449,0.04690674901207552,0.13567574726173098,0.24301225210608077,0.041375866672518385,0.9673005578093181,0.014642768426538375,0.4327977027604892,5.8426496377050594e-05,0.16938764501369652,0.03299966967095965,0.001201015144686313,0.7833261156402045,0.0002144675443998733,0.1619539771938211,0.06882437749817225,1.43078214487932,0.275923404181281,0.307243160195886,1.934304371726089,0.061851715279270456,0.25680286762299126,0.0039563229238265074,0.7283723633605816,0.008813425444874883,5.510939627651715e-05,0.0012154439382418363,0.22894135070998467,0.9375868729449601,0.00030300114640627356
7.021558291087163,0.004588796913311604,1.417027791250675,0.030983787257503018,0.8487118019862555,0.026555331201832594,0.05712338336419695,0.18894990680266863,0.17170546283653676,0.05421882017671818,0.037761403185726676,0.03491282874276571,1.6596350126570577e-07,0.11537542052340319,0.012106380786694772,5.959917759769999e-06,0.6433247579200985,0.00011228398754983391,0.07517264914135052,0.03785682054941127,1.471824195856372,0.5879616834485132,0.16774559212204537,0.0002711854095660675,0.0001965260328629378,8.8427459790622e-05,0.4753585252838842,0.18807331751756565,0.02036549514036942,4.542494478062696e-08,6.663295493542052e-06,0.15004374491594893,0.20213021377630622,0.0009989228955392083
6.2837711833868255,0.070404811731356,0.041428632682242866,0.05181758678037786,0.4451794485297908,0.04619153055300661,0.0008051514965273046,0.1440980002335508,0.4693525164496508,0.006399779697697392,0.0027073313796283777,0.12817393691879972,0.00014279263947030644,0.09222522467700807,0.003200917182402843,3.870674379651373e-05,0.7502830980354278,0.000570300508558311,0.022858729697145874,0.04196697763204623,1.6701963154544683,0.04407462278900873,0.00013199959810436475,0.44594940650509673,0.6643373665084596,0.023357337109052873,0.28101237213230784,0.653322521602294,0.0004954269936312552,0.0001362105763068655,4.3944153310083044e-05,0.1784516626087143,0.004338148749699004,7.837503788691394e-05
6.305496048917825,0.045896418793614356,0.23719563319468076,0.008149302919462132,0.2571738172023901,0.01187127770737427,0.010722070855919629,0.2498669251645927,0.0005577037417320573,0.6489814730627297,1.1154393662647954e-06,0.1834587890356032,2.8335507491139775e-05,0.25030367795466274,0.0013926448429771037,2.7744501850892203e-05,0.7439376312941248,0.00014241948386203358,0.015341378007580979,0.49130596895065465,1.0885307432503926,0.43752012365987863,0.04039463649041645,0.055731506992592134,0.6640002665322082,0.09151617202421028,0.0951019193810675,0.23715900602954082,0.02503823572499503,2.7294042500051462e-05,2.7406540523600903e-05,0.1680431245770503,0.24467786721570653,0.0013734187960730228
6.872678003451777,0.0799733829993308,0.0020505441554440084,0.23819043040439483,0.013305582681845602,0.06780365844871379,0.02416795092154468,0.3227005550250511,0.2520080792982684,0.030731415704070862,0.032934066993365395,0.06133884098983666,0.00010031174902286024,0.23342797886942318,0.003912163681029035,0.0005818708012405603,1.5661545878091263,0.0013969816527928424,0.025227797009711044,0.3096353893319722,2.122699517322895,0.033524274452833284,0.03397666212014222,0.03781975241562741,0.030049700003682314,0.08853827746300974,0.0005061691815690645,0.9833755609070609,0.004487124313662355,9.994559103511991e-05,0.0005533482466576939,0.27065613873467964,0.0006512514391673403,9.869273357072402e-05
9.315780142025618,0.07739299131630424,0.0730636680714978,0.8713722162542823,0.1953531119304198,0.11774632506813124,0.03852187776103761,0.35896254737537675,0.2019161018555325,0.37869063441149253,0.015763925166014724,0.0030945826939503427,0.0001997902237103152,0.1905310972651452,0.021271358087638612,3.5541710586823486e-06,1.400607029060451,0.0022908664568636865,0.006909046211038694,0.25763699612913854,1.9994302397269827,0.031068022294915277,0.25532309200950776,0.10795009221418601,0.7096604015721305,0.04875487608285476,0.15446385562892484,1.2246091081688455,0.013379381458666245,0.00019003160697046254,3.6468686344521603e-06,0.33365548317136934,0.22591804589080744,4.614582173756711e-05
8.766590084677066,0.06757112999882081,0.20251009523045282,1.849323023515448,0.005077273541277933,0.06267685930285033,0.0439823792355677,0.3677179531922299,0.08338731058341611,0.048907535723376756,0.004819728705224491,0.0018383472895964796,0.000498470871041503,0.3673811119275843,0.03103234027515272,0.0009382850163467592,1.5442306663102936,0.000946605630998774,0.0251568428679945,0.5319391718512944,1.0759347637194048,0.06929059158966397,0.028403083479389742,0.0013075462020348588,0.3399321365329959,0.03054168578291297,0.010269023759455665,1.106517380901146,0.0588385688391145,0.0004975913928769164,0.0009547615521824439,0.35411685373110974,0.4497573072841658,0.0002936588416459733
10.617401336953025,0.007657433571798591,0.5659190854928813,3.515321102540762,0.03571785288955785,0.015767983975493276,0.05340324690819598,0.32698094351254714,0.060329927541463185,0.00031745096061019425,0.00010097675810387409,0.045446686302645985,0.0027437030629659225,0.28459258516593955,0.06817690580793685,0.0012297043078651419,0.9065685216774261,0.0021458485185609005,0.03656662429954763,0.2875912600356492,0.8888319394887014,0.12083946170958723,0.0030930508236448996,0.8291668842925383,1.2183714024614087,0.08073049603373438,0.018247420229522388,0.3525596153190963,0.05275072099870378,0.0027224857993106027,0.0012264844377692578,0.2866256106951063,0.545070852789823,0.0005870685441255234
10.585967281646425,0.054469180880541486,0.2954569321134402,0.016057106277100056,0.5831424866749506,0.07767039160547709,0.25288991019577506,0.43418803879516243,2.8299648818774097,0.03320923598159551,0.02911686646953482,0.006027165748292586,2.8124545925433962e-05,0.17532619146077452,0.0052638244304309455,0.0007850007187135685,1.4957665096173398,0.0013076464102638504,0.05024571997478932,0.48156670925266637,1.2849154031705854,0.14722758718509502,0.015230870720516678,0.07258380218053337,0.03849258434770425,0.055350071360009585,0.2355556929901226,1.187291013747142,0.07365052221625702,3.5111861038520583e-05,0.0007650113421292881,0.3578451616967778,0.2942658397042479,0.000276686094082707
3.7044937612117175,0.052836563055318496,0.07185194578933315,0.0004383723091631577,0.24558542887470874,0.0035116581429111204,0.0012466519729807432,0.14346741940256127,0.03132222337969817,0.08570908962800441,0.028933998529679674,0.003025875279754292,0.0001671383105101827,0.13272896950897103,0.0021034131262761824,6.000849718131676e-05,0.423349847370792,0.0009505750998173322,0.25093101817605246,0.5609566784872011,0.7709229470047858,0.0002486854355772716,0.02650339622567059,0.13840521799475045,0.21063310509531888,0.0136653374752327,0.1185326615293921,0.1463970713385299,0.0008821994412126408,0.0001605400437258344,5.8836076590582716e-05,0.22677894494867618,0.012084751137512974,4.3192523826636136e-05
9.197229963583078,0.01573996870038893,0.023692182802020307,0.007889591361852712,0.7389327445976045,0.018362268784317945,0.41413747402280077,0.037271286649113396,0.0295378077805661,1.5193094986521196,0.00196203429814509,0.012208880743472362,0.0004632320052964076,0.009248975944319468,0.04217039694259453,5.303939816798098e-05,0.2802297945893849,0.0007023536777266846,0.6057792990304465,0.2759495754477663,1.2146441766156935,0.6927849134596604,0.42581073865849317,1.2793285591619759,0.14351461617640848,0.017745549738154436,0.342865363229774,0.31297255685970343,0.005600484996675982,0.0004479226262170303,4.519868766970417e-05,0.23431271878133658,0.49295601649469134,0.0005607426685197988
8.926023540619328,0.00565722329333442,0.17726202677642286,2.2067255989733288,0.18151637825362896,0.051520151009248186,0.10897689200447881,0.015745846786451186,0.3519615753065899,0.04365496677360017,0.007272758441055241,0.2486246615284023,0.00013328391648265118,0.01951106449155742,0.014809125774611315,0.0008517821176439715,0.31448913176698284,0.0001707599168509006,0.5395173733513297,0.6076486711606746,0.8100091527359125,0.14301736599531448,0.09584807334997919,0.44305777683553854,0.9255753280424651,0.0019346089073172979,0.10129813135979084,1.0729638634670384,0.05571168711676533,0.00012986081423652635,0.0008557094524585958,0.2274174502127091,0.15063228364456144,0.0015229770425663053
9.67780349115181,0.0008194780747390889,0.09433437085615855,0.013288198855653398,0.10743919120705812,0.004604508263171041,0.04951213852098449,0.03510027931386234,2.046688907563885,0.42945388194763195,0.019295161889924823,0.0988466073235595,0.0005615685459396635,0.04615154620932574,0.2567618358206911,6.988493901162977e-06,0.08211378559725115,0.0028855755645530914,0.9270447528329011,0.31722913276186865,0.27456749638764755,1.2098656808011508,0.5549522100827506,0.7452698784648509,0.6521280974884814,0.003946543252512228,0.036938562563498006,0.005921381148898092,0.000949907212145888,0.0005661290533365237,9.464660502533792e-06,0.20815231389601183,1.4523885910943597,9.325402602278397e-06
7.724227040446515,0.0038949664921177924,0.003061214725711939,0.21461782682872202,0.49839137108215614,0.00025130315446185143,0.12536516858353147,0.002978483064995535,2.756992336253944,0.12702935316519204,9.872960839986202e-05,0.2652925289061593,0.0001116861661303473,0.0003720023509264263,0.026049791846421706,6.5310503377252675e-06,0.003211661211767785,0.001047002316158427,0.9800392568735071,0.4906369921132187,0.5051604323015135,1.0950275893806503,0.04190724744410408,0.05629065723974739,0.1162992512602862,0.007111445043993674,0.24520717892557933,0.01657420279954646,0.0006572661286501944,0.00010782688613572741,4.285676908233275e-06,0.11631148960863301,0.02131380627798132,0.0028061556789263876
10.138048994261279,7.942708924266545e-05,1.948033278264799,1.4333094840980396,0.554293689504334,0.0037008006851397155,0.09193987386162746,0.2625685499534193,0.13064409117665718,1.71279223879442,0.003787001045416265,0.3721749564778292,0.0006903056665075189,0.1792940274566315,0.2420308085855529,0.001661071759975327,0.43806315005180335,0.002296201831716844,0.5651162800067925,0.3197976946518276,0.2354633684822772,0.07866177227528341,0.5581924361263508,0.04675377913066227,0.04593834597444471,7.017979337168339e-05,0.2872301189193386,0.007715705774938601,0.04987126510744145,0.000680069428434633,0.0016774426117633714,0.33819160242401625,0.22532997723585593,1.536983414330582e-11
14.385903967688343,0.129942648429485,0.8204912250100358,0.5532469509766162,2.5259069293626983,0.0015336309725020054,0.043801040104712884,0.05642448901543232,0.181770448477549,0.02389535106761527,0.08316576522453918,0.36822477945925164,4.2936397089220084e-05,0.0797569057340568,0.0005917408728031046,0.0008642065437831923,0.1141727169269813,0.011833876821786063,0.5191923379146987,0.2521864782054509,0.18414229220473663,2.3595169784272296,0.5890972949674913,1.0730299307419124,2.340049650025333,0.20615585574865275,1.2239311448420298,5.584819865274382e-05,0.013246624989311515,4.160508298214805e-05,0.00085734229653782,0.128855807992752,0.49647078085170615,0.0034083538019291696
3.3467876979193054,0.0004344494669805199,0.30365061245324315,0.08478478717842507,0.09743209307692208,0.013035038903335036,0.017598227686724432,0.07839932374817536,0.06789860292330223,0.10366096331835556,0.001704151691990163,0.0008769293465903564,7.048836782868191e-05,0.10874147495211513,0.0022984005232839708,5.886442925179157e-05,0.4238546162519118,3.000460922755408e-05,0.2897128889008552,0.5579856269135133,0.09163851145173084,0.34497056349259186,0.1097583157361938,0.05652434413057355,0.001977910586508743,0.010180508742238182,0.04203641831078637,0.3717588629503084,1.294844722922799e-06,7.697919192869425e-05,5.776293320933063e-05,0.16042964568315335,0.00447714371147621,0.0006718914118519904
10.49690884782388,0.0025492725825834316,0.3010490906619088,1.6670517357205887,0.6323256707688313,0.02289268990800972,0.09611180958867817,0.05878927592811976,0.09170761809513818,2.3053322749992797,0.0011819738617531745,0.2931660464079693,0.0028050771974154724,0.02418963272620616,0.24176502198075872,0.0008768751180687316,0.08281565625991132,0.0036892509022389813,0.5650526938662793,0.11035614855178091,0.02727955201647612,1.4297487068965047,0.42502522763466327,1.064013831614283,0.2864620761382322,0.00028044433416871914,0.40138853480778175,0.07168793995711396,0.05395665595308006,0.002796685720058939,0.0008857264425600962,0.10596193615418396,0.12271903819046444,0.0009946768387899118
5.452417724604419,0.0027159524266312006,0.5219547339783673,1.5846626794460765,1.7935661544848295e-06,0.00415555310407921,0.03165808830212222,0.00017224254524587606,0.9850344940832799,0.28004017791687147,0.022463302567875546,0.05123828506550399,0.0004797343652021904,0.0069775707741631925,0.028054568085253917,5.390814026262799e-05,0.07270824610990205,0.0003895044320385101,0.4631863980010405,0.2459982677752747,0.3615541192504198,0.04990747107447443,0.03300276849315936,0.08954704953266944,0.3301012049270532,0.0011433467813475532,0.0004984380519291627,0.0009068807030680343,0.0033374416351585187,0.0005018582458666575,5.860352971114757e-05,0.14000414238101155,0.13944641250138745,0.0004624868118171883
3.4165905536153085,0.0455881860354313,0.004740445372779195,0.22309722897896295,0.10554271391423535,0.02950603756333314,0.0016729531948715887,0.05819503200878883,0.05557520424687042,8.504455153443704e-05,0.017845044276038495,0.0037458325073176195,3.9949249780798265e-05,0.01623306056930463,0.0011937121393717496,0.00017972764850630502,0.12824486157227713,0.000549406619022116,0.5554988261830283,0.33294091163887723,0.19818924623146586,0.001794676681306299,0.07971591395900197,0.3595223216072006,0.04135261688760212,0.015774967829126078,0.07353007391769711,0.5013493384174137,0.033249837258869826,3.4041569581417494e-05,0.00016781285742963113,0.19581634030141568,0.3352140503188758,0.00040513750799070497
6.39948134413313,0.0679898703906253,0.466184149521987,0.0635629850881624,0.7544027777447364,0.0005376001649624273,0.18226082508037614,0.00036569176971884933,0.03833956341968085,0.3022699840961135,0.03308465863253415,0.7838060233648004,0.00031034828612247847,0.008168619792829426,0.05964175835763629,8.969669346578273e-05,0.0029621185763053373,4.344005345041157e-06,0.626053008552816,0.5485718830822596,0.060972510757850755,0.07632740329957897,0.010851702255706275,0.1340127799752628,0.5824345076444025,0.08763903111435281,0.3549561148850987,0.07095167968269343,0.008648329505405545,0.00031536186781934856,9.567755060904836e-05,0.1941473647608792,0.875682948877917,0.003840025335075577
3.2807173791724082,0.001395371976747236,0.8591151254828358,0.00032078935719991443,0.30566771543861837,0.00010673677832542664,0.007117702144057729,0.025782827161071425,0.15961474586863136,0.008333692306581778,0.024661854935139362,0.15206438445023615,2.605096268148904e-05,0.003073135026828523,0.009179980085147851,4.212351303153236e-06,0.021757498570526203,0.0001314282427499871,0.5127273053046633,0.14718287217736298,0.1256074328324,0.2721531414299515,0.006025731839331952,0.0038145295846229096,9.851937941646193e-06,0.017940176123113143,0.16375937648969677,0.04004893811631773,0.03709643157201258,2.9316164603211295e-05,3.395050103177311e-06,0.22105084695932883,0.15394039138078178,0.0009743910714952682
12.726011327567294,0.018634944164221925,0.49355969390491783,0.1947621783455411,0.8900928017906733,0.004214613969017235,0.04498551466789547,0.029472799035752822,5.926468881683165,0.2638266932878419,0.013592765241310674,1.5687809906871135,5.611160307643317e-05,0.03864409465186319,0.24474295156780485,0.0003461100529352176,6.0066542501407865e-06,0.0003927295799458186,0.47507662774619547,0.3691536441749756,0.18466342072444766,5.191941507247161e-06,0.06849802913391723,0.3266519062263393,0.6556026719274732,0.0062802646473446464,0.4412013294262405,0.21551896444003407,0.005083132946094684,5.9546763271565765e-05,0.00036904346076827157,0.2348169130111753,0.002130204665404692,0.008320555444777302
1.7752265218732495,1.6162073439565293e-05,0.24956278368051957,0.009426441738561735,0.00045267760343955865,0.000408781896036576,0.021344253586903804,0.002131014646138982,0.04269664192798395,0.008114815070138063,0.0043599600669660095,0.015790705140745844,8.657939194887869e-05,0.004008000867220123,0.0005746832279063543,2.384434549573251e-07,0.0014363946816261769,0.0013712906059726905,0.40750515472946514,0.11410365676837356,0.035295201237022115,0.25975554355670527,0.00562104482152869,0.17830756397857994,0.07746539437001208,0.0008044718387356581,3.060678227712837e-05,0.0039681129297356255,0.0062464347382390805,7.98131046793989e-05,1.5903017733478238e-07,0.08389372630039797,0.24009032707979355,0.00027788595852404693
6.392175732624178,0.08846000386340165,0.0021423996240598916,0.33326343811207876,0.9053590252498586,0.01729012320903209,0.15934325367609187,0.0015639051359261236,0.019802549908618336,0.03163098622167193,0.0032649491201277984,0.11754224233882062,0.0005484331919058967,0.0007622155673087204,0.0039056346713401036,5.7231081665543505e-06,0.005202990242971583,0.0005487804817037993,0.2784537419256276,0.1378149161258149,0.1480623298531243,0.01222507417333844,0.0007651003079930143,0.9254805811722813,1.8079590064075721,0.030290156821019633,0.42899729414203,0.1370738211427781,0.07023239103233687,0.0005537309891603046,7.012979896435961e-06,0.15437149949561096,0.5684654119666491,0.00078701036586136
8.072567836472839,0.05238383874438083,0.7183053215102678,0.32781709346379667,0.7240622432015511,0.00035656297789332897,0.18705763586845245,0.20517769360194135,0.4551107022771705,0.19382304342922146,0.0012883778236079833,0.19169457500177975,0.0005660385245920904,0.16933785781253652,0.0009797560020910372,2.454516062463694e-05,0.20792642330131533,0.00011451714627444274,0.09348081722301547,0.2996984367367888,0.043318580070549756,1.1897791774878028,0.19376570649661543,1.022724890251902,0.541263864175318,0.05435877983040098,0.3789353830587492,0.1603124251111823,0.06177043562470291,0.00056002976029379,2.286911700863422e-05,0.49482522696388087,0.09973026277591117,0.001994725941219078
8.04159139974324,0.13501927209352077,0.9509057798803411,0.00025511661942618656,0.7809684486359738,0.018949232301709425,0.10407189478985901,0.15807360414048868,0.10011782131752006,0.03684282849314203,0.04321364957317821,0.0035795954520636292,9.851221337998761e-05,0.10579916605583206,0.02644901702499548,0.00021367365084329573,0.5336711046031213,0.0027177659444593224,0.026089335588964264,0.19838161607410715,0.10061833465153171,0.24605755903491677,0.25300901538312653,0.0006665227500697008,0.4372075997187769,0.09725521168919442,0.36362486068452066,0.6984631164258264,0.0005664564273691561,9.369720267818751e-05,0.00021991789086015542,0.17879337562621828,2.4395512317174197,4.706608780513157e-05
7.741761360758998,0.020696751822559808,1.455615505635875,0.1697948656913017,0.0002347423978867666,0.023728672140598258,0.011839832992359396,0.04934595908808888,0.4423745837887495,1.3124595193636144,0.00010891044015732775,0.009569913223630027,0.00013753309283561936,0.060203011520374716,0.10003026359841337,0.0005127111498261161,0.11095078427963889,0.00034447542779014436,0.022074113574639183,0.1990535421849399,0.06685138382163124,0.9918350596874148,0.2134122090083962,1.8356490197098563,0.0030781727311798832,0.013903198592608874,6.796430232227164e-06,0.3335477542652049,0.005193124927240151,0.00014313150149598966,0.0005284802043461667,0.20173449144921168,0.08561458355422252,0.0011882634626781668
5.380782699466145,0.05730840319444802,0.3331886054867812,0.07733734618031746,0.09424818278455946,0.0011844227844410352,0.2095927041343856,0.02097757645266694,0.7934049777617488,0.38016510641714346,0.020124173144382772,0.09082850553543026,0.0004037910795406756,0.03562252914593641,1.2376296239011493e-05,8.612606282428237e-05,0.05502022189133294,0.00011771120417277307,0.07315971082685342,0.09265371164620974,0.14897476599791212,0.3728556623469571,2.570389047570936e-05,1.3116002258050476,0.6649247768198048,0.04298388038383763,0.029885597377902872,0.006934578709646535,0.0020596454150913867,0.0004201780965849413,8.711880457737832e-05,0.19432187955276334,0.26836244304963236,0.001910061186497769
6.298054558487894,0.005590880969138172,0.22994602277258414,0.00010125628515323782,0.13121568192247746,0.010808734759278057,0.061797740918927396,0.03620989219337179,0.3217644018646598,0.6157631617681859,0.011188355212771629,0.5152870907665164,2.505635092089115e-06,0.027726365601989055,0.0007237662818494982,0.00040126125668948735,0.04771547379886183,0.0006460110200951351,0.03046728902928321,0.11143475437664051,0.18896760980052252,1.3772235112447855,0.7082500750531324,0.2755952042632589,0.5642068402704338,0.00022259287919643053,0.06631869314342434,0.05732543365433269,0.0024977551273023743,1.6966435891415485e-06,0.00039729071620975005,0.3965396500427363,0.49474793891773544,0.006969620297669945
5.130155614021322,0.0498293883604984,1.1946982587555177,1.1348296853295496,0.2532610818008506,0.004186836524344815,0.053101154777954636,0.04346740561006492,0.2383207775295161,0.29204744890612416,0.011546907178390815,0.4422917878785666,0.0006425836679449757,0.011761544949424515,0.0027534017222031024,2.234801793089189e-06,0.016852996543034505,0.0001075638534608701,0.01901184585306354,0.04035283192335182,0.12437846145532809,0.007967776396407531,0.15937313781219767,0.5986173607074128,0.049877091461651056,0.011506246135014964,0.1421774437509699,0.004754041583676388,0.0020415196580814542,0.0006683713875101397,2.6760990134315334e-06,0.1962755785578253,0.021772403346743588,0.001677769703834512
1.8965348647673268,0.00012232468214273725,0.0002493205432926932,0.3456118795371317,0.09804050467293382,0.0002696496468114454,0.028650439902391092,0.001108837222561875,0.02892582173943077,0.07265518469876708,0.009722808725746292,0.001935542960214846,2.5777415974768934e-06,7.11909379887109e-06,0.009502641211664152,1.2288714008566506e-05,0.005149557378349413,0.0013965422124390774,0.03822292758230019,0.0066697294356474,0.003797639594209058,0.48740609516279776,0.06813365554502353,0.005241572011479675,0.3274841241507919,0.00011640698696386365,0.05435486053002347,0.0037714793496310436,0.018747366751624597,2.3681885903870716e-06,1.3536335103370088e-05,0.036505030047064145,0.2425354359832913,0.0001695964295030378
3.56996348334195,0.021550328169264537,0.6897236826195479,0.06472865757931527,0.3747197898550359,0.003933468828903177,0.08892797506995079,0.002022636040208603,0.1510608904739458,0.3460994754167249,0.0005510787477059213,0.006550944685903175,1.1635566515598618e-06,0.009041478366372813,0.03636765823357738,4.8794791934359514e-05,0.01097995367804366,0.00036490985702259255,0.005654784245002121,0.021640378006291056,0.027157059405092127,0.4802239322517072,0.3389150848560896,0.044081453741385335,0.04817223640320686,0.0007626388224959877,0.2004391870896979,0.009747265605825325,0.000900290128110769,1.133544947860503e-06,5.0718555254655e-05,0.052060103367274325,0.5327005326771546,0.0007837986723064578
3.2586119322731415,0.0005339098747207857,0.2876925804849415,2.554993749097996e-06,0.016805573040194016,0.015514217450383607,0.1217306200454383,0.011333342982512006,1.5314398278287875,0.0920342596225904,0.005418638282543712,0.02322406599149247,3.838167509533028e-06,0.013113863838975712,0.011626595938685225,0.00015959018744498676,0.05924241693170707,0.0005139625257474063,0.04208559689542083,0.10428172405442178,0.03881500966176884,0.00032702104784265165,0.030716814259477844,0.017755489748752164,0.5938620345120683,0.006772488524142714,0.005578782949165933,0.11948011626354418,0.02610866519758547,4.414035206975923e-06,0.00015103230261697052,0.06991964477702323,0.012298540785124677,6.469907155517857e-05
2.9827039855326882,0.0025373171360254104,0.27809643151503344,0.7479270745246316,0.2045799739133967,7.355237774006311e-05,0.006145365131520819,0.0004746714236397557,0.40544889580806076,0.00014676207356485306,0.033819517801670154,0.011806279843097236,0.0004467742506842027,0.004153563508942917,0.028457340760275958,3.623437317118565e-05,9.231989950327417e-05,3.636704327418756e-06,0.0070230398688562274,0.06903932994235411,0.0009660146647754725,0.12641830060576045,0.0038869290223489247,0.27043902929256114,0.39536709430698175,0.0002622935449416795,0.09188280075738964,0.0027252354460925035,0.04812652630418423,0.0004395534854557706,3.477807325785679e-05,0.06647474070412061,0.1749825662073697,0.0003900422609522545
6.896167625501751,0.00023098876150592684,0.01455369564908752,2.450161791763285,0.012780496907954932,0.028029372464612613,0.1172119494813585,0.0027159041135127637,0.8679586096187802,0.0573140903865578,0.01643034430616368,5.870879113364802e-06,1.7918981980119757e-05,0.01423783305216165,0.018059408218597413,0.0008052911268965892,0.1779277677628603,2.8231509505399782e-05,0.04877186301811174,0.08263846682211544,0.011434946107160606,0.0027500710468860014,0.007842745174741112,0.8863869692138838,0.5962737585273727,0.007602556593371796,0.007184842738032551,0.43765034218969345,0.0012942262329991565,2.096774141186176e-05,0.0007912009702089486,0.016510430288337666,1.0105245276073556,2.014624613569477e-05
6.072736437194483,0.01958527778155018,0.6235153037401087,0.05847630356131399,0.6236436392610916,0.004087388866048133,0.27383303911540635,0.0012693740950667947,0.015034541304841487,0.9888986417492681,0.06798513594805142,0.14302328385903587,2.122970892837024e-05,0.001822780892811769,0.05487908315502739,1.9351279522247753e-05,0.037525142353545364,0.00014011199930294367,0.1714367468435676,0.047062346883428724,0.3616755928803708,0.6512028517159657,0.5856658123620327,0.0031892619098024097,0.3022776950821305,0.049689072463309315,0.30675609427579453,0.06120226024898021,0.14679748301197248,1.8739731746600838e-05,1.617466201092536e-05,0.08832859474336867,0.38353581441463447,0.00012226729444686315
4.461092030494009,0.002565975593936876,0.1602075072318961,0.4064360782183519,0.0026280055713950212,0.01481131725144213,0.1115084566504435,0.006082262333615282,0.9553645684121146,0.05030741829755322,0.028528076213271445,0.03485798413408369,1.8693894994005548e-05,0.00023241965429090535,0.006514508770530625,3.553907916642797e-05,0.03447730961827289,0.0008711724072002709,0.9981018844026495,0.2624283742232112,0.0444786980461862,0.7054559154896202,0.1759916608593152,0.007938580668175921,0.012776958804212464,0.0022831524128304665,0.0016593111341658157,0.1136592460981421,0.012531094846161883,1.8505694946680944e-05,3.549941500279495e-05,0.2612860179972816,0.04458537987587828,0.0024144571936705658
13.647848281276733,0.001878244262605797,2.7288286055230904,0.32839111510976376,0.21699935496764963,0.006198872278570163,0.11566282728344537,0.032579769003780484,0.1165381272377663,1.0079266645105973,0.018048086120890025,0.4777512380005465,0.0029711028027443226,0.017151328531215926,0.08381977387516949,0.00043789415680371745,0.1690874563263483,0.005105448233156122,2.6034390422775315,1.1304415261243421,0.010460702914108921,1.7714545312755596,0.13234153847577815,1.6369958874030694,0.263549965137858,0.003426986271995186,0.07754573103753047,0.0987975244953909,0.04807202812720881,0.003020797667507881,0.00043953553165834654,0.5182470096556775,0.009207151780900001,0.011032414876473403
9.003834846584724,0.00018878036434647643,0.03723902661711094,0.050895813509999416,0.19911499794882306,0.02323699136523059,0.016286486864362015,0.020289542379120437,0.00815085207510124,0.08911741190254419,0.024854315239855162,0.06988591867876295,5.022487089857957e-05,0.024246408861251054,3.1069842529354295e-08,0.00034986874992428823,0.2149520691384048,0.0013850974885363855,4.704872844443525,1.7527380677506583,0.11208215697737119,0.16878105027834772,0.3691392433801072,0.13906408468883652,0.006371760990125585,0.008238248883983581,0.11356169052242233,0.14680371073294146,0.02444236806426824,5.8269559452868086e-05,0.0003414510218651201,0.5022281635926072,0.16970736154807317,0.005160537026025621
13.748142384094223,0.012191987260738089,0.5386343560926163,1.133185175820472e-06,0.34102780557300305,0.04216689938445448,0.3530395727106496,6.207717417112943e-07,0.3023916931321955,0.3511203371157406,0.00024168049337426517,0.2621010514378184,4.944017463229234e-08,0.004927860750086194,0.008718909606488818,0.00028186503082928516,0.20816253803078189,3.377728465288564e-07,5.155183907458814,2.2096429612711246,0.06944703268782718,1.1678665812816535,0.10310233061068312,0.4217890852131462,0.397193185268006,0.009339392393972124,0.1913648342408967,0.6104901895422449,0.023248179223948128,3.566702469836221e-08,0.0002868522921753422,0.6349869917402079,0.3285202197424117,0.0006719076713722058
14.47512350912695,0.010467552437057551,0.010190230775207665,0.0031607931482198048,1.1023415771659681,0.04058972673490214,0.12089960618884929,0.0001223981253019762,0.8494139711200824,0.0022043304211014827,0.08461098367310393,0.05834001933061857,8.959829609511036e-05,0.00030281692236051996,0.03758720112813938,0.00012610958164128224,0.03839107296415213,0.00024230397814980825,5.894466453268705,2.549353003463628,0.0525321926207481,0.00018018532644082947,0.7303342853394647,0.002366879419979048,1.4302982770371688,0.022402094821718278,0.5810731880328068,0.07384700462642946,0.004398176458797756,8.400101705917228e-05,0.00011871526665097073,0.7569415668817115,0.014852093168823318,0.0027951003858673563
12.42222159872688,0.010233339302044647,0.5244301612006428,2.4825540227989944e-06,0.036155722143948445,0.006800632393269457,7.596627476385743e-05,0.002012815951737506,0.9288186205073036,0.42543460537719624,0.01775596851538898,0.03410216693659631,0.00046891334552695015,0.0009340756242082629,0.07144558455400396,3.530639772415612e-05,6.29919469034021e-05,0.0005166798576883464,5.3235435316357265,2.9609376866774673,0.0038274454871709963,0.8436691745281051,0.07651205334203424,0.07683092919878001,0.3393027708972506,0.00041002537587423197,0.008694216585829606,0.028736512118378316,0.0023012636088350926,0.0004836476026326263,3.72136090541661e-05,0.6733635008786134,0.020642444963339245,0.0036431493348198962
13.223665193990016,0.04288761956700766,2.207708034134668,0.01772955264800898,0.36085348238841514,0.0012691251247732075,0.1563107641824895,0.02592595482575646,0.03934542768416365,0.49950054380407954,0.014177794847634009,0.27502948272192035,1.3165439865190387e-05,0.013529709553846978,0.0711604777945048,0.0004500742325403033,0.06079828138146539,0.0005823120309130392,5.172422839552748,2.272451506239728,0.006312598184021124,0.11438811393771114,0.00484327032104362,0.3690554272892231,0.0037345868185453294,0.04869045518010648,0.1881558944936913,0.04156540145819026,0.008996179370270432,9.811846418881124e-06,0.00043722576508157043,0.7618835456283637,0.44085935129200354,0.002587184250817819
10.853200117556685,0.017726235599723937,0.4126214635009746,0.002098238097555574,0.15983727913230614,0.00802924331879806,0.23029976425458554,0.004808699521830188,0.048800866654768404,1.1136436196209856,0.0019890137476505057,0.08923997480091414,8.489407591436818e-05,0.003239323339303117,0.034494971307806224,0.0001520543376243469,0.016356166709959572,0.00011476531663313592,4.498200959315052,2.10352556672188,0.014718907362873625,0.6709900219689465,0.261985905157992,0.032793843173517544,0.1015796383973792,0.04569554379352278,0.07491736087583777,0.15877835406990637,0.019619221512882177,8.749884645091917e-05,0.0001556394307297559,0.6502491857669487,0.07589636179248425,0.000469536032949348
12.637232689121817,7.294082359831601e-08,0.38237182185350865,0.020040251791060105,0.09762792500579198,0.0016266447979235937,0.004492271354969946,0.06322784165837216,0.7744219973535063,0.7650308377501496,0.005513338030109365,1.0020875673655976,0.0006693376261668663,0.022442496804726708,0.057041189417278516,0.0008565026952416757,0.13094278996626874,0.006064026662163038,4.414241818876014,2.2538409646268973,0.037191553635173416,0.2861893946931217,0.5733244904384052,0.011475756865625783,0.1974709169344939,0.001371765522165177,0.04333183104176732,0.0008444469706368972,0.05931514737970552,0.0006799026649741407,0.000868561187482262,0.627395014712538,0.7833694018965596,0.011864808602599124
12.301974637489716,0.002376775908715041,2.310241629195616,1.0202222051037375,0.5430655359231009,0.004028717710280182,0.005005107298605685,0.0073228441046073985,0.32469505768216694,0.012883003303618634,0.0231726092407042,0.010447183750002302,0.00014877639343501524,0.028125322125649558,0.0007227975468983976,0.0005602102466542198,0.007345006817864421,0.0004347393089266128,3.291385277959672,1.7906248345758324,0.021274810869733728,0.09677078243378723,0.06012324002995421,0.98020785256494,0.8663198367790461,0.001754552403225375,0.2415657112580661,0.09377912761995148,0.06543638835326049,0.0001554896043659285,0.0005499019960408768,0.3720020239697474,0.11711864211652967,0.002108643294980434
7.889517601698644,0.00416095568516023,0.11067473823190128,0.009213347894262787,0.0018212762544394983,0.001826232178554541,0.030288913661245264,0.00022342875720410588,0.14687184807125056,0.5010209674764102,0.026843721909365674,0.0010457085584750256,1.471057885292294e-05,0.006900148688102535,0.002153409876680509,0.0008892298629879052,0.0022675307330096528,0.0019801701148938057,2.3087879126294104,1.5160481278083724,0.02708763150948379,1.0069049141884543,0.08899793337941218,1.295814925378086,0.08243614703084039,0.00105307265933112,0.00023561562912506788,0.0032997675917766887,0.04557742706376301,1.0856499172754095e-05,0.000873495472532116,0.31150596019457594,0.35143913840059443,0.001248337730917071
8.231630316445706,0.002568905861073024,0.20463877485954254,0.1754512808037902,0.098207842603316,0.004064659996590487,0.04593174160243469,0.01304330603905432,1.5426336723439995,0.34424739734804916,0.01244803583650628,0.4212203730156163,2.8920491863644443e-06,0.0031618493820320445,0.01190581280561855,0.0008602564953683048,0.07966891252525649,0.0028196620553983358,2.063746347795426,0.8563183896879667,0.04370228719131785,0.14832515995698173,0.6659666058931966,0.6565759059661096,0.0637172594736646,0.000212020517791341,0.039805920853863586,0.01270351335872691,0.017343566973105365,3.4964715501169264e-06,0.0008474529551367939,0.31010807263781215,0.38560314157374936,0.00377579951647458
7.824701573899026,0.0014152100792859683,0.6718023785476358,0.5898226999625,0.11611834996228326,0.00013608298585084496,0.00014106886749665784,0.034689471011940844,0.0760983074382359,0.33134769687241816,0.003492235847968708,0.45974408497494657,9.010737104327761e-05,0.023718813487592156,0.0007484802457135225,0.00031553632103764243,0.0005983263590378367,0.0013010012929347975,1.60471840011375,0.9354444223572203,0.00018675275931780169,5.627229271828246e-05,0.10073315047147811,1.296870884311195,0.4329727611736455,0.0029029624805733305,0.06752129658030183,0.009029404035062801,5.4752802083687446e-05,9.612175040919036e-05,0.00031022863043950297,0.2386862641266795,0.8234575540975123,8.049428871618147e-05
11.249679005322887,0.023609779287931374,0.13727527413615628,1.1988489731066505,2.821935378642774,0.0038145429060083623,4.061024686843852e-05,0.020467544492846844,1.1646293397509273,7.330805939815196e-05,0.004877515171416373,8.040962434861374e-05,6.576977148930498e-06,0.026664107181166078,0.0038518900846220734,8.101772926146404e-05,0.014092105233812482,0.0001466811547426598,1.244961624876107,0.7788976649256698,0.021423057833261823,0.14243808718002038,0.088804116146986,0.17239080352683436,1.49818133212827,0.025363330068434487,1.4538535504735368,0.02432067357225561,0.006123261436693905,6.235777824777036e-06,8.053317990684972e-05,0.27363081470898626,0.0986968848850786,1.19808169404378e-05
9.950318477478062,0.018237806403506703,0.15584065542712505,0.27974912501006444,0.036890185618975044,0.006803923339661026,0.15930885781749254,0.022781414001538013,0.19805148199041686,2.8564943166657537,1.0920023837014165e-05,0.007891478300540654,0.002046598998259636,0.02367515898171192,0.2107422948627934,0.00017221459540985812,0.06158390735481445,0.0011171058744765903,1.3640800983569554,0.4512513290617709,0.03909018308563688,1.276300995150587,1.0145128230165863,1.2454720914575983,0.0015443653765348888,0.027406455177888967,0.043087880592075245,0.0023718100443979556,0.011451490221321914,0.0020340460193549823,0.00016282121404895478,0.3193134163983553,0.10983310257318674,0.0010081244653845761
5.757837858262459,0.002132065474153499,0.03571245009860244,0.028235107379978905,0.17543929651967105,0.001503189997095884,0.0016168544304182646,0.12428027959034633,0.35704350204055785,0.7746459036526454,0.0066656695056616835,0.38689787868636044,0.0007553522975200219,0.09630699442035737,0.10673872157052446,0.0005694095628062627,0.05058463593402116,0.004151934036506678,1.756524025276186,0.6871850462016038,0.01488245683752606,0.36431165432619245,0.0007087882140911677,0.030364689623434967,0.3667608075082812,0.003965575670078442,0.10568493116154229,0.00026783178354421476,0.01857027951059839,0.0007231653597345403,0.0005462462289838395,0.23572045476169876,0.014245415723405593,0.004097244878329271
8.345431364750462,0.0005516937459934917,0.024705164977537244,0.1597913428842408,0.9888377497779914,0.013836557839463958,0.010324730319438046,0.030447963197846793,1.5733230765344033,0.023727365266922287,0.04074055553068312,0.5177885000452022,0.0001510453519230707,0.01722063529113539,0.029303510028619556,0.00032838426977435415,0.15911784736229848,0.0019402889153755636,2.1128432635321936,1.0154387121385609,0.005325568399956055,0.004046219916866833,0.45950428536937077,0.07853197347285495,0.012774398496442017,0.0012609765175065223,0.519736409570049,0.05085725234435617,0.07294533890137567,0.00014665424049793317,0.00034426135030699067,0.22106648254196876,0.19462334479941612,0.0038498118198908972
7.432412754983816,0.02171269782005734,0.04341661823979579,0.558854701510462,0.1783354430577927,0.009694456006058972,0.2408581296165536,0.034781885673636416,1.0384114312424582,0.0048726848373323575,0.004063216905717786,0.15516047918349962,1.4001656972058884e-05,0.05432655495522356,0.008488411001846113,0.00027058556349933443,0.00014461335907444203,1.6004190113096e-05,1.7208951212333123,0.7884984294217381,0.006615909703004665,0.41058009018520464,0.047257146329432946,0.45349575180214946,0.18259345448951292,0.04617858548965191,0.08024175154035969,0.11294204267538033,0.033425612529294164,1.5904744321937295e-05,0.00028219678183585297,0.352604784229335,0.8433590343764238,5.0246327644936686e-06
5.639127944868641,0.003851354648420354,0.35287286136583657,0.34993563797451854,0.26319053204170767,6.570510396059905e-05,5.373363419247119e-06,0.009158294200299113,1.0077535635185735,0.05832343249235047,0.042876134674387376,0.04520892530234441,0.000223668735384395,0.008584581495560909,0.03794090197354059,3.6225295785278836e-06,0.013639817835031513,9.746945266303326e-05,1.2578848845211348,0.8798407913159948,0.11492234972062942,0.42810912570584037,0.026346118317921115,0.041180629921014705,0.04051223563286949,0.000974551048467631,0.11905973102348869,0.004691159839562567,0.0562226958843401,0.00022136852058122854,5.018521036664525e-06,0.18796600221390522,0.28726078290443596,0.0001986230698423933
5.9198324146377335,0.0017278144625101203,0.6537130500092134,0.040787165493838075,0.3887827462394703,0.00927548068907023,0.024972167216099097,0.0055769328593781526,0.11280482724097177,0.30599328507951923,0.0041860338737899835,0.0070160504833542804,0.0006798801220196295,0.00017258587632197183,0.014507425871843699,5.5528373491342965e-06,0.019863894060887597,0.0004672856039849432,1.1499466779608587,0.8708578304339426,0.18361800823541236,0.5319292779400773,0.14798165965647406,0.9226203647216897,0.02311031603957068,0.0159462138690945,0.2496238368693131,0.011359366835345146,0.009941095248485647,0.000680280906543251,5.871062082258588e-06,0.12606106630514588,0.08484070122029871,0.0007776693137774972
3.519956873144675,0.004943470559462025,0.00046248577570063296,0.3502236352608103,0.0008115363092504856,0.000784510400996896,0.015297419547965747,0.013593746128531647,0.12063412947126934,0.06756313380766175,0.0063329043424193085,0.010140545629595016,0.0002459435008745125,0.022782264898681032,0.0320331523034231,4.660292384406851e-05,0.0010289692206341052,2.3377949078098746e-06,0.9602623896097358,0.6568092875038838,0.37748411822705,0.12967527015959823,0.14065808058206414,0.031713290838714145,0.19987054574852625,0.022460776395569218,1.2375184681758197e-05,0.0036947285711339027,0.0062519730125729835,0.00024773536657716675,5.163247971898133e-05,0.21078829868025695,0.13295402038786577,9.556252069786946e-05
8.084421694955934,0.00044447579942360316,0.11440091920349055,0.4136128687467196,0.34033256618438873,4.5827746195156304e-05,0.03666043009615731,0.021284455391290008,0.31848025877918507,0.30590673799227114,0.00771132794491097,0.5675947684427011,1.82361795733192e-05,0.006290483277882946,0.06274825357134257,0.0010632309321701992,0.022563559112026836,0.002744685742110522,0.8315922897711441,0.9944405115188149,0.12068864037419313,1.4813663477816112,0.26123240730105335,1.0506525607093546,0.42200775479554414,0.023812195962765386,0.17488223485202622,0.05626347943630149,0.023884929479868717,1.9750550184861156e-05,0.0010708177394091669,0.41682385361957996,0.0001224323337869775,0.0036584035884574006
9.045448027128506,0.01900009600058678,0.36065675297061445,0.0009745353574543977,0.8630245420549876,0.004710176324785926,0.04810004070566753,0.0018049269216849342,0.8764410423055282,1.9182461388164895,0.007896812327431467,0.8293091757005423,2.763378209136905e-05,0.0006633287144314332,0.10381171006891537,0.0005070114762045781,0.04155676695313876,0.0018649804309789594,0.921997141504982,1.0251724786307057,0.036614502235536535,0.49786860656102705,0.06922296515073,0.4093978569988599,0.01718777535277143,0.025140775071609663,0.4313273180537503,0.008244628323516037,0.005325491510650799,3.198958554142653e-05,0.0004973088091951301,0.24907338605998816,0.26444285359175834,0.005307278776349453
4.327204362165661,0.0009878781065525849,0.7253821715209329,0.42900481117949724,0.027829323329737254,0.0033521307227148017,0.028127866423284086,0.04997469204360696,0.02487298671630585,0.11181796626975518,0.00037456881261233987,0.018726382172430563,0.00011923431308845488,0.05623485844621197,0.0426891693211118,8.163328764144282e-05,0.031014692851582804,0.00010098382393204376,0.8043362437400029,0.49763047494190893,0.18642234667852195,0.05122541153738604,0.31303228418974516,0.049386661132843915,0.11366943939801909,0.00532073489388179,0.015709696923796538,0.05179078536305524,0.009316105698384545,0.00012656301245966565,8.113548747815698e-05,0.23975470177631197,0.43832817781978056,0.0003822502310859493
6.549951738742402,0.027924022187818268,0.03986856393671143,0.5408951215994308,0.4796505000095464,0.0010542013066777952,0.03206972097872373,0.08288683560488412,0.15460350033197537,0.751102649863732,0.021208307393836497,0.3361897117533783,0.00014689873124238567,0.028805630699906964,0.024584853025535727,1.0977568925479867e-05,0.18596537515240277,0.001350563965294106,0.26490327449685674,0.6620679472337813,0.10554610330181953,1.3925959461811328,0.08594211212560628,0.42320845682966013,0.13982826951836802,0.026939662787309932,0.2283144005134089,0.11286768830325122,0.009293773430487684,0.00014046923481226224,9.004230420512501e-06,0.3499341165693751,0.0378976487538684,0.0021454311222210923
12.62082194209437,0.015466742614756477,1.4747597442075777,0.02773718564272448,2.8019492361623004,0.0006857791682224574,0.18710189797079205,0.26658871378038435,1.9564089214576275,0.019907358344156828,0.006743382616775068,0.12040295779935951,3.051279521198001e-06,0.18854280277205168,0.02296579666738304,0.0010477691995012012,0.3056857525386915,0.0005611606127211445,0.12240592342001265,0.17657883527375706,0.14888873891607265,0.766735507294918,0.09260174038540396,0.435631660112489,0.07485717840410509,0.02708403239242481,1.348103978245427,0.04454422786160716,0.026819823021306616,3.2153778495439813e-06,0.0010394300914498176,0.24995845436578265,1.7074574520584636,0.0015534920387539834
8.856389130587143,0.004003647633487741,1.5736352005653613,0.9405667828504781,0.5759927643591662,0.00010263360792637389,0.0026033842976862396,0.06199778601797791,0.12345782291711295,0.08660292563254704,0.012475071499648091,0.0047572588088701535,0.0004782514733570506,0.046125632077112344,0.0005396656567577809,0.00038452817567397567,0.19430076941513078,9.154066804645581e-05,0.1082893383128594,0.1442455550672538,0.05375317149101357,0.039757396140360265,0.12604412375215515,2.4327339738421205,1.4864150183075084,0.015836499290506924,0.3335044923670277,0.17842748804357886,0.038247690754342444,0.00047287248781252626,0.00039300158497815503,0.20752834980741947,0.061904786412244936,0.0007197072696213486
5.217846738218259,0.00011306077647125978,0.05092786084041296,0.04490162426464402,0.3709558638053667,0.004557975351900186,0.002345039025284868,0.024279811699793475,0.28401881843169086,0.46984264956071536,0.14759759315722604,0.5532987513441813,3.604753163894874e-05,2.9299822763997637e-05,0.008076327951665276,0.00016074637263459136,0.018524358834928558,0.0010858860413124,0.18391111954407038,0.41551083200543065,0.28353964358228345,0.279661145654605,0.4995090089082626,0.5353391762456949,0.08962372815218517,0.005158219370729819,0.20882429443703984,0.002024936624411561,0.14308829096445333,3.294309953701244e-05,0.00015444970383409815,0.051987591982768304,0.5370367013672431,0.0016929417630788697
6.394916850550422,0.00333128709573225,0.012274792806661852,0.9875500329777174,0.5423829639150085,2.089798501646437e-07,0.005674682690217173,0.07765818585633417,0.6410803584759692,0.4721580781159343,0.010313201377283044,0.04524790708199923,6.82386053979518e-05,0.040221476853952484,0.023658426016551545,4.9361772710571856e-05,0.06427225459550084,4.139557336557475e-07,0.10239971317902984,0.22969457950353653,0.4077815460852617,0.2685752873925484,0.02932550484095766,0.015863362979976665,0.9943246593920144,0.020611010515345033,0.2705436819428192,0.01907523743243315,0.005880522020976685,6.748191342610079e-05,5.0492017086416805e-05,0.11906035956882878,0.9855669584831114,0.0001545821105158945
8.02995006659742,0.014304133294270818,0.04497227491085924,0.014900088034295758,2.0193277165422128,0.02263458477389559,0.0010645187290263633,0.16089591916563004,0.10367625690750587,0.0034049984368872558,0.010944533292894094,0.007950239181572396,0.0007499609913840924,0.22055266128495213,0.029377039422063413,2.7420290360529806e-07,0.11238147512775024,2.435344135436515e-05,0.00019108912170227337,0.1035014126832547,0.26640054219466164,3.861911248455627e-05,0.49613009502471295,1.2477217474141564,0.6870249076041204,0.004192813339277358,1.090683832244684,0.10233556830650195,0.0174488228564478,0.0007459175675909955,1.3403282451968657e-07,0.19597428007527454,1.0501816095368273,0.0002176477434422593
6.588505223367989,0.14554137951085502,0.061373303738243026,0.20587839805488964,0.5692520856661251,0.000910042898220307,0.12453840615786615,0.13314227443216683,0.031185336468112355,0.001122301852132447,0.010752705985998291,0.029513810486708807,0.0001131569713872674,0.11044562929685862,0.0003893504075371665,0.001322757765407058,0.09733550996463838,0.00039544906086921123,0.001656276954019254,0.023814322874594732,0.21006107191732373,4.0234471585344715e-06,0.31179027511221546,2.2760375278659253,0.21991991153983023,0.061492383101013605,0.23566696635322637,0.01982484645168597,0.031099085067388208,0.00011110556474834137,0.0012883223833575841,0.03611697401590918,1.63445927023136,0.001950961770216473
5.240921567434524,0.03730845327783462,0.0005583986578765373,1.5242485470826375,0.2035747296935993,0.0018260803904276543,0.11212621347578909,0.05387237194318215,0.014801304676673666,0.2991817716530289,0.0018350266628202596,0.2813101900242927,9.978765734419235e-06,0.040348310324531206,0.012530338390064556,0.00045158614208095363,0.14517392179468827,0.0010412625047779654,0.051476729635988566,0.03519703536763739,0.15959060665946997,0.6855608464824344,0.009237862942332952,0.33805563820231355,0.26820154547394626,0.0804043565073911,0.0799806382428357,0.07593257069791873,0.0328156391590305,1.2540040480436057e-05,0.0004666491792581494,0.05995258079029123,0.633786219807621,5.162278553458105e-05
13.460042606293898,0.02331475655261248,0.0003933467363376858,2.2866640200618575,0.0014238004208288345,0.0019152725479219062,0.13560153554570936,0.3727073694467658,1.5316212567330867,0.5400141051760199,4.8633227404133305e-06,0.08914006244882151,0.0012268223671251044,0.23995777719752454,0.011211318220000651,2.2585511202252357e-07,0.6157577379124333,0.002456926950819695,0.13817155602456668,0.21436051676924753,0.18447834353038278,4.888887235404754,0.2532901339323753,1.5095115071011198,0.026327587241933365,0.004157230598871533,0.0009473587752480453,0.13029842781985354,0.01561331185143076,0.001192986734470907,3.291574076906833e-07,0.21206966402867997,0.026755338324109475,0.0005698815037299941
8.682299807138541,0.120061411023816,0.0319259739497162,0.47724265504943614,0.6509451864741214,0.0014517515998973636,0.20661066293104002,0.16374364652525764,0.008482506995382697,2.838491896760477,0.020469677540911408,0.15468925208139545,4.189898893296832e-06,0.16603323508119033,0.04628232844166218,0.00012510152522397693,0.2974795595222988,0.0005141567476554732,0.13177512876018052,0.20250534667875342,0.2957124657400271,2.1537773743982527,0.08207444315106664,0.1177964016495423,0.009292584549938013,0.07935971123758748,0.2667577911779697,0.012500220791928647,0.0012188175562204892,3.869897060768637e-06,0.00011728322325091885,0.13559190065428553,0.00880795032498952,0.00045532519911268334
5.1857731141090335,0.0036389753741138597,0.12796997246930034,0.3585735235880729,0.01827687686325269,1.04837419161815e-06,0.05318301648808166,0.1746828109829398,0.8690408240112976,0.3554681492196509,0.0031506767181263807,0.07415878902099017,0.00037460150323334894,0.1648097697079508,0.008343895299376807,5.56897454369616e-06,0.24125267702148204,7.396243784533213e-05,0.051894454322442704,0.17079828536946431,0.7675062728070257,0.7083806588295266,0.05779011348414595,0.580497064907465,0.1202182519705329,0.03862412905399488,0.00974638109314772,0.0008338678492766014,0.036508804216665774,0.0003808600330834511,4.1189689401133485e-06,0.07991802115698739,0.10953553317223712,0.00013115881964747102
9.662689087994243,0.10454180457810923,0.9773599694509573,0.0021732434325554945,0.09496471003634449,0.0023175140667272393,0.17673024498874518,0.41909576594725073,1.4060450685786103,0.9822760925616426,0.021235302243267456,0.19603467908335523,0.0005684422909424159,0.2938893781928592,0.012833400612165322,4.734747339891551e-06,0.6756993155619418,0.0016853310162395093,0.13701271727448935,0.1644773371535487,0.31442886694536865,0.539105103134866,0.1404285088143346,0.6751198580179266,1.9305479900715432,0.06290911633427913,0.04256006246002173,0.06211815324701616,0.022701162058872088,0.000556239240064076,3.974856239584745e-06,0.0940255072998291,0.10755261106926946,0.0016868826275229095
7.563195646369594,0.007858550424573967,0.6649061263077283,0.796165490948925,0.00011419180235056135,0.015268572672195143,0.0008854196422179578,0.24377406164794604,0.04176145779204578,0.5606868707957703,0.0054125880211240845,0.013334965489198453,7.326110681084697e-05,0.24614481836756105,0.004728906091829059,4.066767902086068e-05,0.6530184283611171,2.1644786862290723e-05,0.2230446627226343,0.05701780603957131,1.072376961267156,0.9086973762345343,0.008151363092100211,0.00752433093623851,1.1027488515921455,0.01840640772284314,0.0029160342918214525,0.04903972029437319,0.0011967441672153056,7.715293035553619e-05,3.886154624085363e-05,0.1720453769442953,0.6857142729486271,3.7017021654966173e-06
7.420393912121177,0.10024394401095343,0.6673690676982881,1.3860328615137936,0.48884450113229067,0.009939272868992037,0.0022416228847302534,0.3257889786938786,0.04534753390792858,0.6607397811705048,0.005552158576149705,0.013146394588219897,0.0012873703761034124,0.2317750618048389,0.0004880785298700081,0.0009208284424410837,0.8942592246367628,0.0013791618727685326,0.3487534392678838,0.009133567136245531,0.7346947163685886,0.013882991085638256,0.1663086132395025,0.220933921685953,0.2131395783411214,0.08483472865902829,0.22430209074511506,0.1454305663731903,0.03586747440426691,0.0012887898914963444,0.0009433941667314584,0.1641626361681615,0.21975729833339513,0.0016042635463432875
5.970572862074518,0.024436489615046846,0.1494037176308412,0.016447066136163077,0.19062481789176847,0.005284111442616717,0.0013136640162639563,0.15151410109050562,0.3789116040313161,0.4980673283379698,0.005527790330713316,0.3019431418757343,4.9774969221400134e-05,0.14152283468957746,0.025783278272276708,1.2495329752753994e-05,0.4393474442504308,0.0016607245243957407,0.2623118562917114,0.14496601908036452,0.6657025070251705,1.772485927596802,0.08545374988616934,0.300891906740872,1.4221724195299867e-06,0.0054600150225799435,0.08079827366118732,0.08063971092096815,0.007112523315228962,4.888587227324264e-05,1.436615955374668e-05,0.0768758074954625,0.15527163438803113,0.0006878720111302641
9.192887123560084,0.026540204674150965,0.5723029284838015,0.000468133458582977,2.0225247796816754,0.004001660756577377,0.060504748654747455,0.445079626770455,0.48831853925661967,0.02296085778893792,0.07344888124913074,0.0029835199673063847,0.00019868413505515065,0.43723686996263883,0.03142405738938053,0.0005891506890153074,0.5956619148265917,7.426340041311417e-05,0.30027852218434625,0.019363345118656974,0.23666326182644276,0.06530007902027318,0.2040591000919566,0.003135875133895665,0.41833005809741136,0.04066227280535334,0.9757646639477534,0.22306847767103233,0.2973980338615565,0.00018658036711560532,0.0006048929500138265,0.09749112836742299,1.5244892849369018,0.001772726034869868
4.4951508441618335,0.03164520685102785,0.5381032513173541,0.17096387038334224,0.1807729567046156,0.0031033891824165417,0.0020557174235371406,0.23613116786248983,0.09297194497457775,0.231845288637102,0.01444541243220943,0.0461078659290937,6.489818570066955e-05,0.12823142790083658,7.115781127911147e-06,0.00013864189549836833,0.5189766229239947,0.0004332917569931181,0.2040164154074089,0.11720263854067343,0.6813564240635673,0.6493998106902077,0.05990464660008921,0.005576233338287435,0.001966113105568815,0.0029769019159164483,0.0734776015152948,0.025059222541769094,0.04952447482687505,6.874965714570621e-05,0.0001438708471857298,0.05248138148907943,0.37598408704790925,1.4202432937218462e-05
8.739630210671901,0.029348172222322316,0.4131338619013122,0.08896301612680275,1.265257232444039,0.004615977683623712,0.18505709448795718,0.17880492506193393,2.084273233511736,0.23955195364914822,0.04324591076367574,0.304483116419114,6.12067833746923e-05,0.17765439888446638,0.00040193830437041197,0.00013808238489121982,0.4168518353355005,9.274333957862572e-05,0.06900339849711774,0.12811071491637718,0.8882052198516883,0.13893014123891664,0.5494599711916661,0.027073936904670283,0.0271540457494317,0.000395995019883146,0.6213602691155714,0.2438284646635716,0.08509716365755862,5.774748829419201e-05,0.00013822946271855184,0.05769027316384258,0.47118805802264324,1.882424100287278e-06
4.7665375633638005,0.020559354673033953,0.025069067978111335,1.4564271792217203,0.23816203072944278,0.0001972966413043442,0.009853644129483783,0.167053294804246,0.6838158884306837,0.08895743141658087,0.005278290422098483,0.06190423307427044,0.0006282080836205476,0.20419208089958607,0.07347407209674672,0.0005763170202467763,0.4331164775772276,1.0873097006883092e-05,0.05637677445936361,0.07812434440010452,0.3976635515381835,0.05176191521699536,0.3319429162715582,0.010291315726514651,0.008368543330560698,0.02634549211644321,0.11890642380602459,0.04994898618758667,0.10909770466964101,0.0006182722115207717,0.0005705277873927854,0.05579232296351616,0.0013637588818846207,8.8973501098761e-05
4.671251194298251,0.06422484411031137,0.5252528293102874,0.00014918185589710796,0.16652968614694574,0.0024674075588327175,0.06101925814957547,0.1022253756870647,0.29096824630778045,0.04754018284827341,0.00601755829452482,0.04551217787545834,8.340450902148038e-05,0.056377504493612576,0.05837161524921556,1.2642680741320449e-05,0.21786284486625307,5.4045786964172066e-05,0.10351774915319803,0.0195280546889815,0.6570707704343051,0.7054594422169326,0.17097272163420163,0.1438211199523868,0.019945543963256894,0.02682648869590553,0.07570564182036969,0.023631625867090354,0.020614834481750145,8.801724026157669e-05,1.2946582166036958e-05,0.10249367067929847,0.9568857371725045,8.023984882873042e-06
7.840567923971453,0.0002702434743142149,0.21660459344575594,0.3963457324741148,0.0879295767987963,0.00032141456438500017,8.4435545083291e-05,0.26504320278369803,2.7252597971959447,0.1602114085923696,0.0007617611818799151,0.05408903886670239,0.0007889027099000263,0.3124007049483825,0.20958187456881763,4.032235756697479e-05,0.36277514361491703,1.2253040044877648e-06,0.06965269089535783,0.047552566113788296,0.40708219994449835,0.17180659157851486,0.5598458904774382,0.5555385406845902,0.5165663195146168,0.00029398268445638326,0.037688491600820155,0.003133811300505378,0.028353885853245973,0.0007989815593267732,4.457255309525164e-05,0.04710957536032849,0.6021345987974274,0.0004558466268113994
8.007451957500159,0.05656670394043231,0.5015999635142186,0.07089181024018462,0.6040814013642587,0.0007363863866157161,0.21078077033709672,0.2509383691054605,0.19387613422867261,0.5018844642854386,0.014449216011501636,0.17718324220991566,0.0003939776907992751,0.19671539771410623,0.0032254877135749365,3.750591967404065e-05,0.3064513735643937,0.0003588532375614612,0.08919850481978524,0.29964198357622673,0.3595381445545605,1.8744259166728778,0.05115962737616217,0.9204599986300176,0.7569601105640229,0.05794377759089701,0.3047748803491438,0.023747875498871293,0.0048711385251008175,0.0003810538684144743,4.109606243077061e-05,0.10036245089452976,0.0737092371170483,6.510393616361545e-05
4.939531730525145,0.03365460403241231,0.0979930708630192,0.08466335397597942,0.030689268990268304,4.99964274186204e-05,0.112501348972394,0.16562938290820092,1.2874099773764327,0.2829171465774332,0.08467154852876671,0.0017306114904405254,2.408803819025142e-06,0.18113263116789502,0.019448298249256497,0.00010304816207878534,0.23539622308168265,6.515973436521949e-05,0.011099643239545261,0.1912274268256318,0.5383667047289716,0.2597710005157608,0.004716927185684405,0.20403562083106555,0.993322580590388,0.05673579932624119,0.008529260879306399,9.745553661153815e-06,0.0031286968683236407,3.2544117004650272e-06,0.00010625196635168259,0.04888471256708734,0.00152834542588044,7.680267682377137e-06
7.103138418385325,0.09152687800466261,0.07731819060067123,1.2715215441503471,0.8639062962128489,0.0004526029090669803,0.12638305076844125,0.3721818048596961,0.022377443857415483,0.12903321633784076,0.012600160549216385,0.09133495146656741,0.00013328738163672374,0.2576040596616199,0.00014449229439696717,0.001574839544164763,0.4684232210806569,0.0006157838035478303,0.03024089791879628,0.144716544657247,0.3980228280074698,0.6646724202141364,0.21474099869571386,0.49919241167425105,3.2549271957050815e-05,0.11308029990326171,0.37949993780041974,0.002751244188511852,0.1960752383811091,0.0001414337947638281,0.0016166976145435196,0.13685466627823795,0.5336421910232368,0.0007262354788715635
6.2055316676071,0.008210816595677333,0.8406877105790109,0.7290540770588889,0.5181899046751889,0.0035593926301508622,0.0009011091654170811,0.1429947482465048,0.7943284105216301,0.21580409268360645,0.006695291828926225,0.03745443503469809,0.00032105409796623254,0.11293621457401753,0.03374160894119311,1.8731309615134645e-05,0.15610971154287945,0.00025597130976798906,2.177872985284298e-05,0.3178876322407165,0.3135056084776697,0.8191098727978807,0.008436603914679833,0.0724537268254754,0.6565046035116141,0.023342988327146968,0.2219219017259605,0.038660577025431166,0.012365537375881853,0.00033188691257476303,2.323746589687279e-05,0.07643803297531826,0.04274193599448412,0.0005224625113767197
9.411973480118144,0.08606595520364303,1.0672219150975015,0.5483983104168119,0.5181817463601511,0.0023195605405943306,0.024034921456926192,0.09849188691324354,1.7232540107250234,0.7481623327863336,0.004673693636953989,0.008803634535394395,0.0003879474482114616,0.09436308672452658,0.11530675828698189,0.00033608229449622414,0.13290591078522335,0.000568812576282274,0.020531603792274318,0.33306510564545505,0.815141446442976,0.3920799971178675,0.8538541564381616,0.19356306452796518,0.9877608868889446,0.05746930557293431,0.23914395849431563,0.0044863270884218966,0.0009210841044322421,0.00039950813772161663,0.00035309347001273936,0.13418645807339594,0.20540904721859227,0.00013187131637554348
5.342392366739712,0.0032635725799905198,0.05162700185291911,0.20950598665236503,0.602431783066623,0.028566772007565393,0.005562380042712089,0.08508204554757523,0.22535310414808607,0.01771137969995578,0.008816805660043064,0.024958445550326735,3.860649630378599e-09,0.04951323425567098,0.006494467688332506,0.0004671614991188292,0.2735931795518456,0.0002649656828855104,0.09186821791529273,0.24546797424828812,0.3805210696930842,1.053204915542562,0.0018340442335131456,0.5732589945370623,0.3676161060169242,0.000981945588311162,0.3216327156183465,0.44185533727328563,1.7122246889344302e-05,6.212808454284691e-08,0.00045180268327249805,0.22981909309478338,0.04015892052326228,0.0004917560500847212
4.545039564418515,0.010609636700128624,0.19672432638427587,0.23007645465618373,0.12020710969389414,0.00023769791786932076,0.08074928198757113,0.007167463101655708,0.1039489056344172,0.6380924820277274,0.007005105525989605,0.3488066632586388,2.5872267973574857e-06,0.0013841521579203945,0.029746391142820974,7.477463873390192e-05,0.06110381026718627,0.00066242983783922,0.23909644930595558,0.49119202870033357,0.7634771987297908,0.7456890634030167,0.005516914262487863,0.0494369120517095,0.03783874915973397,0.034679052337915565,0.07160208356781463,0.0012754127796462795,0.006503757378498314,3.770637699637247e-06,7.683029231326078e-05,0.16883784184135148,0.09111069053678932,0.002103537273808455
4.553013198457674,0.0018761660246822405,0.06022396951338686,0.09916916384724034,0.07110744642381896,2.239409993465533e-05,0.00027248216709165567,0.17944178977532105,0.011003800126899591,0.06557721795555635,0.0009876882337604748,0.26827435667920396,0.0006472185359849998,0.2091213415667132,0.012032047409637144,4.265204539235191e-05,0.31229219148302834,0.0004324624336223691,0.24697629063560467,0.5409127083273536,0.5781245242727031,0.1772566834837798,0.009309061243798978,0.846324566345419,0.022843823077297175,0.021273968179360607,0.037679193125483956,0.020204771098458037,0.037314497276836,0.0006494146655089999,5.0442970143286596e-05,0.2619989803377817,0.4589727833995472,0.0005971016973235317
10.005913957592416,0.09753960368095507,0.503379335108062,1.227963987654848,1.206342666542836,0.0014645515733643544,0.08974870486321432,0.1924901474650105,0.017722176593790405,0.1688833994736394,0.017050665585115834,0.1235499035388962,0.0011693010136765137,0.1843025175164122,0.00032429790568880464,2.7812465552192782e-05,0.43642110882655544,0.000519015469016857,0.3376555650000882,1.0644903918551079,0.23302723136727438,1.350321003229679,0.19259839569390677,1.4136959132329474,1.7613627005621256e-07,0.022479394121968914,0.6261814111491923,0.05433879454780966,0.00845158855827341,0.0011956727939900732,3.3520537122289135e-05,0.42400686743434285,0.00833421950598533,0.00020461715182347633
7.602375816645706,0.11937163773464395,0.11497336005495294,0.07193106079880286,0.12469584173122095,0.014078718885192198,0.010910202912967518,0.05315315455971911,0.4188330719788818,2.240423926448589,0.001142481947230808,0.22228702864996872,0.0006478526429629897,0.01642023263952627,0.07251660119253728,7.2741595543512936e-06,0.18993528575672455,0.0003656075257318401,0.6077583798016206,1.0465403143024616,0.6010720846311629,0.1850251961143264,0.06497164059970546,0.45966450704578693,0.05984277613314514,0.031008202312145683,0.032923694358149076,0.11920665220821218,1.82163823341982e-05,0.0006592206432059715,8.513236737479605e-06,0.3375018652459181,0.383027379660506,0.0014538343510818199
5.134014823124159,0.01563900413595625,0.6368623932805864,0.15399694379508827,0.2551608020220031,0.0006178869638740361,0.031310683715448255,0.07842054814986361,0.10977784898139754,0.033284652737419415,0.03719564891576034,0.0004911548169257917,2.668502834645683e-05,0.11058040930497451,0.010143248037037167,0.00015000060093687235,0.3097712632852442,0.00011407749781177821,0.8550568999271363,0.9822732113649384,0.44300935252497026,0.04495016889297302,0.1956182833805789,4.780729653975245e-05,0.009336801983879732,0.0006355898519138439,0.11668520350101559,0.025105165147584457,0.09273607595174366,2.6987434451030348e-05,0.00016133454973334891,0.31772384392962205,0.2668955734051134,0.00020927271329105766
7.870311030857579,0.019418172079714895,0.010622651064539364,0.24194965431203408,0.4735747547543907,0.0017829445630338967,0.06389004814073311,0.020721474733393433,1.1439247245228696,0.25319593184488565,0.02348793871489199,0.035929147164544796,6.709761520402779e-05,0.021618808498804737,0.000499476220813211,0.0003033919312895695,0.04166805983175717,6.415654231767644e-05,1.147284976190465,1.0176630206432014,0.6539001595876972,0.31581377457245097,0.02315176221400977,9.347388245062562e-05,0.6286632881521509,0.005144576345127709,0.22659824865528636,0.14983985263166527,0.0018561751264615201,6.985149126405375e-05,0.0003030702330695257,0.17996808931733385,1.1671213332871966,0.00012094599252995994
7.339992788863876,0.009231566707919319,0.015040354422075655,0.01900410643486566,0.011854253859484618,0.031393449468678426,0.03263635093250521,0.04081500905700987,1.1603004728190247,0.5263774769988628,0.02978610653553794,0.007818758153359386,3.948476427708803e-06,0.024686634034700894,0.06480439016200475,6.568638767489952e-06,0.2613529350903755,0.0005859698386737989,1.070539944359206,1.4669171275437622,0.5289186125871916,0.45959354229588056,0.08016418059212281,0.10446601149109071,0.6061602227737083,0.010597563833851208,0.013882056274061333,0.2413987596340591,0.006355832679664979,5.5691800326298405e-06,7.758285284874228e-06,0.2740885821287172,0.24058072318317988,0.0006179503917888473
9.314435252516502,0.07927445621306813,0.02531902749915387,0.3129948763015507,0.0290781154581812,0.012064049269527342,0.06484939841709067,0.2254761267584349,1.892152165730439,0.15139452625580943,0.16231565434435966,0.001466926936748187,1.4516709790110948e-05,0.25847885202443505,0.04820172967369672,0.00012251854781110386,0.5481695982335754,9.308208526956936e-05,1.2163536872530918,1.5751827968732957,0.4578343667172193,0.005129774726276871,0.03947567676816868,0.06677616906127493,1.0093613074554284,0.10781400754936661,0.007079067871604361,0.542986526420933,0.015475211891835325,1.561720368561043e-05,0.0001243154756817241,0.44274031397257907,0.016595957502453778,2.4835314665707927e-05
7.833239467361583,0.0388932304195399,0.043881355191540156,0.8489762919867427,0.026307758850542665,0.004075437493084951,0.04948507782103141,0.1254875937328605,0.7092884369993654,0.04138938959711252,8.994078082853766e-05,1.2928471844679899e-05,0.00031130056768567985,0.13374341639415743,0.012449479881706632,4.3271400047400425e-05,0.5800581188320132,9.919419958304734e-05,1.3858708921028686,1.6203171952577273,0.26471325731617945,0.7576811596267117,0.04861890841878965,0.2474039085386105,0.033371661750401745,0.03711677302501168,0.010063497583180961,0.2223405737331561,0.03507716388620889,0.0002914441061747843,4.0438297411885546e-05,0.5400566700217339,0.015507110562002697,0.000176590515726886
9.774344936786127,0.08305338522116845,1.9037496528092703,8.099417946655093e-05,0.04840494125394112,0.001516731188024781,0.18616234217254138,5.232690529616832e-05,0.0525972215567042,1.2353624478568195,0.0014128357391411251,0.8396197356137621,0.0001459108476675819,0.004096622902609479,0.14285137371934006,0.00040822948597247463,0.00015163757448565635,0.0008164793019922411,1.813599480755846,1.442587331626835,0.37802367019420385,0.2937190876375636,0.057025742097556176,0.06751426976246902,0.021514935852304448,0.08024211473423588,0.0179066145921719,0.09900805126321326,0.001199893231670832,0.000134901006081069,0.00041188692198214605,0.443004441264709,0.5547635109006807,0.003206136616399663
8.304519927666698,0.016110873358815905,0.5740090078323854,0.19850445453773893,0.06227681176638465,0.002560356322367647,0.005477756646049093,0.04477489686450161,0.00933101226116713,0.8747067597674976,0.003985422554395118,0.038395347057789526,0.0004199492354367687,0.051892421889579,0.0015218151219494307,0.00020724067383213172,0.10874707319152038,0.0009811946226743272,1.7777434324991663,1.803621634174834,0.1471242731504067,0.4310248082658727,0.10088931423859261,0.025395974909498745,0.6368291693614876,0.012051000688658399,0.018975788444325035,0.061573818890474995,0.00035271835682810793,0.00040202260961448957,0.0001974876319400616,0.42324023899176216,0.8693865055756674,0.0018093461734838704
7.8711203517676855,0.07180883419619613,0.12497569943531235,0.5752134508814575,0.08827272271155806,0.013582030576469157,0.036967365435941806,0.0661583795527813,0.44978256372005865,0.3843006196777424,0.0037493573749811707,0.013656885848908134,6.321588503076278e-05,0.0565700674801747,8.995188923538952e-06,0.00019361857942735348,0.4139324761632825,2.9693357774334077e-07,1.7423615397737262,1.7292070058348328,0.6023709290279082,0.3241077331198265,0.09070985614711498,0.4244811571235044,0.003035188764893171,0.03284707766420561,0.07202368234648603,0.113050058936849,0.004577058002079084,6.542335112463643e-05,0.00019115852403968315,0.4211561978059941,0.01135584430824039,0.00034386139503722656
8.200486517234449,0.05944938567022912,0.08152543347570575,0.5239254419767113,0.14452224527682428,2.168067871708712e-08,0.14562536254145403,0.05737431255675817,0.9743234627766916,0.7902450233001515,0.003284981235164389,0.17241846051276039,2.6088110493427545e-06,0.052276737786389055,0.0028656191099463973,1.6430691342289633e-05,0.0749487227090671,0.0007406243702605693,1.7957526883084785,1.8083547321658962,0.03380833724017007,0.4444682467433939,0.13080724790710693,0.020340950454423298,0.21843399757833892,0.04208093395285507,0.06328699418227583,0.11069946872221141,0.014525132156537723,1.3693886727758286e-06,2.0916873960425833e-05,0.3960050287488258,0.036800793900743194,0.0015548044293743134
9.823314404183595,0.02100985472381762,0.03724717846941904,1.2118463258708112,0.055971186615655116,0.0162717368521425,0.02076155273708843,1.110627800846744e-06,0.06532939372965786,1.6675738216539129,0.0007879694262494351,0.04242228234791542,2.9604414645988338e-05,0.0011427085482436726,0.06059684701990279,4.3898121512652e-05,0.08638992459133367,0.00040142566239336294,1.9219534888828784,1.5289011062966116,0.20446789763814155,0.4715447057656353,0.2796318376538506,0.08359728118652379,1.436357889183021,0.06056286732827014,0.04855298398616093,0.10146095346551394,0.00024643517423237243,3.094863619100545e-05,5.117502337975551e-05,0.38760380358615765,0.008646684722722288,0.0018775242418017943
6.529947024273012,0.011368210548482575,0.004621263329089788,0.01461304235743401,0.35506661371485826,0.018901236953973482,0.03291149734147691,0.0005945765522323363,0.010855814277084855,0.707194746165842,0.017543871346085906,0.23778924642170296,0.0004554770446959811,0.008743729847274012,0.09089780686529544,0.00018597750305710388,0.02408546241829359,0.0009799234500597238,1.622253208958444,1.1153615517817321,0.2473769547831491,0.7666511400170373,0.0831078870289817,0.06834775220040053,0.1394323576004435,0.020991050195239655,0.22094924275933261,0.1789330206241436,6.320673538599134e-05,0.00046648529146461735,0.00019107918674052892,0.3489469847497015,0.17585457913903318,0.004212027084843528
4.417225556686067,0.0461637346025996,0.00045769968546797724,0.16381147681267338,0.29024531113068147,0.0014739130727879346,0.007837569361245467,0.061013243100597324,0.00032400065269573103,0.35542657258481347,0.09572090880580579,0.13683743835410458,9.550601938579858e-07,0.04574792162328319,7.610175208478252e-05,8.195362028868755e-08,0.05285237982094695,8.328761341334512e-05,1.0051452921221096,1.0828198038548253,0.08051458449490614,0.07450984525719144,0.10609906713137383,0.008473750307258625,0.010669495569684497,0.01230000874509681,0.13258059784652296,0.15476732179591482,0.04554350617371248,2.0453197267415466e-07,2.6486785240916933e-07,0.25882151957512795,0.18530192936637913,0.001605769059123463
6.2288425945810815,0.02296582058405267,0.9614708168160419,0.1357192253784058,0.024730710975368667,0.034329770343314664,0.02161555256002512,0.12435883771109302,0.7363463499733247,0.543108952391104,0.05722415269973813,0.023819185764870566,0.0001004297035317921,0.06123274763184912,0.02263796675665402,0.00031530990193670295,0.3479116529422337,3.736981897112492e-05,0.17194428200866266,0.7300453674002135,0.21799723289504913,0.3818110750945734,0.1318995835708547,0.416924343447084,0.40555917072180425,0.01369044456360254,0.002135284791001946,0.24977901850994044,0.06511179024068581,9.696118502669528e-05,0.0003038537901841742,0.061900997267506974,0.2611042887011408,0.0006140484412333784
8.593353962842123,0.061093622197956825,0.9423654127377696,1.9751921296909025,1.2342098198332387,7.11552864361021e-06,0.020527221984030047,0.14047903508663495,0.021682079420821742,0.03942724253138124,0.14072942201490463,0.007811542405504268,0.0020780170812064506,0.1023907598426251,0.05516053802595701,0.0011669085629732142,0.4313343816013737,0.0031272499549763397,0.04774784577080297,0.010226178841524072,0.12808478804443185,0.8940463903170961,0.014174460954870575,0.36995876326729,0.3539040806167176,0.03732188042058405,0.6442191836135243,0.08396155210697206,0.004867018022322712,0.0020888962047208143,0.0011579335818269212,0.05889603647890391,0.7626770872595728,0.0012393688400623502
5.039232350573143,0.05333999662965773,0.12023912855634651,0.16894331295838602,0.011583965655075572,0.027188794717781507,0.036585350456545936,0.10202314226529857,0.05755495183441742,0.3547900279145874,0.009003550520897845,0.003104392490827782,9.3121760047357e-05,0.03142699356625058,0.03213327281745554,0.0006337433327306001,0.3320256218271717,0.0007565960033419234,0.6288441865605205,0.04226446368488254,0.1506929766182974,0.37168091620966853,0.5380667893303616,1.1618583071373976,0.03122050826812188,0.053283499603392244,0.00010934870972733605,0.21895391954790583,0.00012314621447848754,8.228887732348022e-05,0.0006243436868930695,4.607261997128865e-05,0.4999468614022475,8.758795133521203e-06
7.172696934948907,0.012075188723743788,0.11221484562058669,0.10008412019623887,0.016282760485293715,0.0032487060060617115,0.043687504184030904,0.006851445831695887,0.3615983798054497,1.0379059392102705,0.015655380075776933,0.46301354487989016,0.00030794581869089384,0.005035341040623872,0.12026276542940659,3.0337621132202788e-05,0.0013539641292492017,0.00017011665259082792,1.760517637410658,0.5039487265257377,0.10569059164660904,0.7301949038765929,0.19926088156622015,0.7364241676114953,0.4820267586581762,0.006714676783851982,0.019382520404335222,0.002228873015308728,0.0011033616301030006,0.0003192739547240332,3.267505647614316e-05,0.06700869698863271,0.2559868861800882,0.002078017929166032
8.93881457105056,0.0017314827935676323,0.039528856006958685,0.0008274437554567115,0.1098333542690903,0.013823768269261029,0.06615337875423927,0.04873704790238746,0.3469331089486637,0.01278627229455434,0.008042299114626129,0.25393690448752054,0.0004365184855169329,0.03380728563045135,0.052536423659864315,4.1834643163592434e-07,0.5887584225805462,0.0004023608139954224,3.2825795444259183,0.760643528174667,0.189275791733515,0.21872274016222634,0.373177465205622,0.3912041130574218,0.19090132011432953,0.0006249336406229871,0.05412253922373268,0.4192786411478346,0.01614967103408841,0.00043270825976373105,1.1190690295880137e-06,0.12024274710147648,1.3431720921677706,1.0270419409716866e-05
11.377284836991146,0.037315012907321046,0.021734060957209388,1.2403963181711872,0.2686762308075471,0.0035954076285244353,0.000968879158429945,0.015151921361815897,0.3325309478694385,0.5363268167607091,0.07464043034618224,0.20950785774816733,0.0002884172594014034,0.02735519046845847,0.004192795559299341,0.0010792751699383702,0.18753597904671215,0.0019871074826108086,4.860811567675598,1.6261469799037456,0.12240795586577245,0.05638911588661332,0.07296433571073371,0.27337894745850555,0.9672013989940632,0.01717544244003325,0.1155392913205634,0.028152173872034416,0.027727132182495784,0.0002876848200462773,0.0011020220935913133,0.18436621499213424,0.06033867294647823,1.325212578425034e-05
11.350066914187767,7.728588748530157e-05,0.05053852006896556,0.2659406255081607,0.1422966602437958,4.746155318728835e-05,0.001008835112860297,0.22128190201222403,0.3644243172495284,0.009384035076546882,0.032269335809428715,0.0001373611527996874,0.001175205957866435,0.17349687307877212,0.07488733253564372,0.00045589526622704735,0.35570063861669776,0.0034804764979705044,6.428570639710228,1.7380659309073232,0.10458718572284621,0.046798648995499056,0.053888346499165365,0.18600917692866087,0.16692384446099928,0.018801577609035725,0.07777897344243165,0.017975895345168538,0.0011100080902980692,0.0011833051803448963,0.000451604126544644,0.3207405247258179,0.48953849970202595,0.0010399911132162299
15.037139592771988,0.01921518526878182,0.086607201291446,0.02165208202142462,0.008872095378768393,0.04088859447338554,0.008153133533328473,0.08261634211846616,0.10877114692838662,1.5495614423956756,0.00427604631418962,0.011226130446545407,6.816634772465185e-05,0.07780831310873464,0.03411489094848184,0.0004493600963221149,0.4978488850958825,0.0033334639340933682,7.651263986623052,3.001019495461851,0.053634645633975034,0.16434597358825026,0.9828279049387717,0.15677401175556685,0.02440450265874873,0.055405812694254555,0.014203139289258707,0.22607197135309592,0.014376803275539475,6.205967545820045e-05,0.00042285430037942003,0.10534522365532645,0.03048819565171003,0.0010305325151125128
21.193509986085232,0.00017645118972617235,0.020545205910375255,1.3441192464711742,0.4933078833996931,0.0032082834261389103,0.3192875473739206,0.2013561103019468,0.3977767004841682,2.7138578291857467,0.00023029783366390274,0.2834012527567413,0.0035178867581249127,0.2031836375901856,0.1474138185066544,0.003328053741872113,0.5955002728400295,0.008287224794596626,7.325996472349828,3.411709586507004,0.11712424178711549,1.7390064826159706,0.008493319932370007,0.13404104091486935,0.8805750890039125,0.0005517682110123243,0.2837373896350665,0.09706297777374717,0.041105828732689316,0.003530146522788279,0.003291052323791373,0.39139874762407767,0.008308618165304796,0.009079521420930419
13.470666380821799,0.007186824826816608,0.15450165405049476,0.03425139760643388,0.07854112219275354,0.02011022512901797,0.0010953214008129863,0.12161759520483786,0.047929969207949716,0.11715464225410248,0.028282904031030707,0.15798196289690486,0.0005087227709836644,0.07398625240013001,0.005809176421769566,0.00015200958555120528,0.4234933448351637,0.0014959451764144495,7.503904348783633,2.7008539266170737,0.49469698083410435,0.2559320138491238,0.02334738053093001,0.15377666968155407,0.025080803808399606,0.0003089750040916558,0.04191589285417826,0.24630516582459847,0.02153389673669189,0.0005258172055130384,0.000151494665275656,0.15798648342810045,0.5702028081289463,4.465287841638734e-05
12.887948954440404,0.018523391131280993,0.03516418570153707,0.7042811609335359,0.19206642892284662,0.0012660261954963318,0.0019277373070762049,0.1850000700205788,0.016007540948423885,0.5001505878189649,0.02250493832521341,0.03776910160026565,0.0005010033939055225,0.11611078384642474,0.013967614664955713,0.0017365564498775176,0.2613662848088376,0.0031565559411214595,6.399295940710509,2.3856998835393943,0.4136309923132733,0.07022107833390959,0.0020904284815318436,0.345738396121225,0.09429042082302581,0.007901859844336914,0.09072187748828468,0.02195921890771276,0.11042611057191778,0.000490928884418548,0.0017611172260324412,0.24724025148146378,0.584130297411806,0.0008501842912182708
11.494193343472501,0.014547413160838308,0.5023970884578518,0.521037560060241,0.006429196773510389,0.0018421840534576842,0.03031590920190805,0.022575022176014183,1.023620165289104,0.0020653947371564443,0.003969260427156684,0.7735752885019929,0.0005668096715817936,0.008186380749072259,0.025978178531718937,3.182360655399537e-05,0.020177059414316016,0.00017261762652184327,5.401477446521777,2.3119758347848083,0.07489005092671652,0.016468361301294334,0.2867582277365512,0.12163892080795867,0.02872762389089106,0.0011182670759220222,0.00109829622501808,0.011270476301203132,0.0008797832798755899,0.0005846743368843261,2.920171487960484e-05,0.2307784750418646,0.04893735027841812,7.300080944206097e-05
10.51739851410748,0.006938595800710682,0.28351297456983204,0.023592638089459543,0.08831979068643867,0.0016584725424539637,0.03446211697864832,0.028469328525509416,0.2998042469926247,0.12239627980474985,0.01034138835358449,0.8695084569763551,1.8420163792896086e-05,0.027535650297154338,0.004885905761343348,4.673989495230019e-05,0.005664684959994656,5.9900599959394005e-06,5.211028670255383,2.1077352582844933,0.034833521793415916,0.03424108959922171,0.31695361296721253,0.41829623203695493,0.34649475499910876,0.0016453660255268461,0.039083269241990244,0.00027885093472551994,0.037462295139972644,2.3091098395173556e-05,3.96773881042248e-05,0.15891097577389904,0.002387637511732715,0.0008225305997457069
11.284292339595613,0.00016739690313544354,0.006430893845967987,0.0006939688201009539,0.2517002574736146,0.002325608794652112,0.12261195779956119,0.12686384357670166,0.07471124503378078,0.28013575679360103,0.005936703041736066,0.4552867672710934,9.052994021512498e-05,0.08374205966617422,0.004335045352642603,1.6667321700965483e-05,0.06195295278927119,5.1949359069892736e-05,5.501356690972208,1.4626823210399793,0.05858602653214476,1.6968944816011309,0.11299541697486651,0.12266593280027706,0.5379620682889334,0.018431150437450673,0.12713848005229947,0.004182721732817591,4.457034817085643e-05,9.675295897185104e-05,1.4801775787215627e-05,0.09102561191893983,0.0717601703434893,0.0014015380351283524
9.665401923431235,0.007892811759719065,0.3261008902190946,0.5366380981005417,0.017902384110066814,0.005722568894126152,0.1141347410359821,0.07676032149854567,0.6275415278819431,0.07826138291270092,0.0007056085933587792,0.0057128290573579986,5.915474153485417e-05,0.08724718839029631,0.0004138961465023089,4.340065991748326e-06,0.1380370762155454,0.0019900836598698225,4.88059496777105,1.6588071595012854,0.5124059919000721,0.008454533392819177,0.005444669773159931,0.07704858501319328,0.03617057225184852,0.008649166858775035,0.009677843885398349,0.0020670129109325456,0.011505210600564588,4.954169281947771e-05,6.764508885333462e-06,0.1759022377798319,0.25346958763087596,2.3174676543124825e-05
9.165910853432928,0.01251561264496968,1.0065053033499136,0.04643423169102476,0.4740600288937306,0.00027459906878956735,0.0010419792345528528,0.05114564136185899,0.0825940510443136,0.1394997131954399,4.151149457739317e-05,0.03160799952938064,0.000685495693991664,0.044501636196113026,0.005980906138495139,0.0005741863069230538,0.07952891965382565,0.005863060078036561,3.881149071805575,1.3698820471428697,0.18242405841779052,0.9526660012385026,0.018803412497478737,0.01611538902695046,0.023456807527411843,0.02926258115904029,0.25642243174672347,0.004170965547663833,0.03668457582621783,0.0006964696325301855,0.0005751524645931371,0.3007488753174862,0.10885082128973443,0.0011473172164237194
7.1587406275555585,0.008967972666022615,0.2571025619753555,0.0009396306394114588,0.21375814909534413,0.006752324237027255,0.02167204044987794,0.11613542467668919,0.034470794231572364,0.311974468614232,0.005628026096475604,0.0017613262892506453,0.00015642522395246337,0.07407322733620722,0.009613497320282877,7.941097577845526e-05,0.2193733312203499,0.001034221134575213,3.8462225475933027,1.0961126808991324,0.36191744650354996,0.14662546140273344,0.02001200391199265,0.02163467301430421,0.017228575272579604,0.0010700873052109754,0.11029815067293762,0.03589444978639244,0.003116328145241008,0.00016441781157976122,8.703802630197137e-05,0.19857464274071954,0.016288972917388164,3.193697876570414e-07
9.158581031483257,0.003088991486642999,0.2541839026244889,0.8582748634140795,0.01801541714708398,0.00629786179464075,0.06265100991448562,0.08914942893538778,1.0880646652844568,0.001463747748985225,8.782147200365488e-05,0.031242711145794265,0.0009828760335065865,0.08256056654295651,0.027585470468676487,0.00021247436028116134,0.09473420140453258,0.00169651901026808,4.150186590673991,1.1421823686662924,0.35810655759293386,0.20810201329323463,0.004274225595853099,0.24373696684225954,0.0009952811410918903,0.002448054673037153,0.005846729578958092,0.1272035325080828,0.028485461036543872,0.0009986577173987763,0.00022398781845028596,0.1859875521756036,0.07950522872685746,5.294654398093266e-06
13.347670328568492,0.0041103492051640855,0.09138129880157181,0.8168697688209579,0.5853632571054337,0.00431205849535853,0.13483593209970748,0.3304041310206782,0.015169977565556766,0.9994136736418944,0.045843481984414486,0.04382794531767706,0.002990239186147519,0.17753052313603013,0.18842878091394932,0.0004177830713694019,0.49851773564183993,0.0006311270734422104,3.7934332216076205,0.6823867533128748,0.2389839545192493,0.01042204590675885,1.4476403589138227,1.710428111638217,0.012911822446314473,0.01143514710478739,0.3535526731732107,0.00643796480006462,0.001680060234607457,0.0029558014921871305,0.0004172469790344051,0.13506717381285024,0.9996656568303975,0.0002042727153022943
11.890091324025269,0.04880745482150345,0.8229610968793132,0.9262856205380083,0.4783197826858903,0.012177945205130146,0.022910692756277547,0.01419290455129267,1.4460051373821734,1.4075325531244498,0.006947826297764854,0.08506853593296458,0.00010641279195399171,0.004197810378517942,0.14012823462129664,2.2680786366917845e-06,0.024745736927137628,0.0018879996761883514,3.461996612287188,1.207900226013465,0.003493334796419667,0.0360195702427711,0.7580057120911912,0.13213847705509482,0.29822385966132725,0.06265573277522468,0.20768399787535935,0.11765675598392437,0.01199245240262567,0.00010270648909890393,9.61714461892382e-07,0.1300597423326279,0.01947056021597756,0.0004126094400120448
6.655324437059443,0.0033659212666564847,0.200646028219497,0.20571207811302877,0.2523131531634491,0.007349342180040787,0.10421056556160402,0.0017805325810172508,0.046138024429513466,0.18327201990877856,0.01439206575365975,1.0292137967563113,7.33269470175276e-05,5.51786079951376e-05,0.006208994011370816,5.440587464021456e-06,0.0002770562692036888,0.00044888785525492637,2.6170389567482717,0.9797402480335211,0.0008718355943792608,0.3279832216616402,0.18303697823747014,0.036010840400791964,0.01200940778098665,0.01196880227164772,0.13536793321598953,0.0053169375998827545,0.029980750931179485,8.059829042309237e-05,6.347921744288587e-06,0.052933930090562485,0.20646326781481494,0.0010519682542757106
10.99393974705716,0.047014384716221845,1.2563817121230922,0.04374550644569343,1.4024456573165776,0.059253965009928,0.016623732441356138,0.009429104196513091,0.37081826390674266,0.7986658668822535,0.0001116338094788194,0.24933690687219107,0.0004788593367340353,0.07997543718565532,0.02528470266719794,6.032399507774168e-06,0.010033819559623874,0.0006942716497618386,1.8700552095517902,0.39840170185778784,0.002350312614327888,0.5729440736556125,1.6314563006583522,0.5612868852992077,9.164041316988032e-05,0.02803107655432684,0.7997569129291888,0.5197428423763009,0.0026247870554091095,0.0004630944797850126,4.489625437030498e-06,0.14559019060165296,0.08960083139910016,0.0012395414671822868
8.238670885396411,0.00013881650449575468,0.024640576708258127,0.0033699798110059112,0.006791513070713915,0.003430125171657591,0.023282230170765812,0.007982367219810953,1.2971544362918075,0.957791769369715,0.009451234126392264,0.4717679300368332,2.271908743611645e-06,0.02631444345260558,0.037353881495694255,0.00014332357595099439,0.0007390650125703123,0.00015479843771868478,1.7340427617348007,0.5575484521797388,0.043114751335580744,0.003169926397965168,0.5592034940192606,0.02192134483865038,0.7026485484331415,0.000985484461304223,0.003958134562680065,0.00041802727135541884,0.03571451475643813,3.2048717766280086e-06,0.00013565651493010957,0.053107479006917514,1.65125969751334,0.0009306451337927313
6.305136725750193,0.01694915239195536,0.1126488882437572,0.6467213943743042,0.0402569838969211,0.0008408372343111246,0.08619914250870991,0.04611186986187939,2.0490637150366036,0.35865056698442227,0.006941835481211134,0.10323600007739106,5.439366193140857e-06,0.029164801550841526,0.030558632775438212,0.0001450314108606055,0.13399981055789953,7.802249277322272e-05,1.4751961782474519,0.29500681874275014,0.00035573548725117385,0.1958430372010994,0.04318063709353679,0.31892442125821824,0.1485453193969638,0.008833562486876648,0.0286055367322325,0.0555380301923828,0.004262045027662448,5.846326130200968e-06,0.0001502574208643662,0.059139520538509995,0.00970297272200924,0.00027468263078145647
5.618844871326584,0.020843793426737114,0.01148506045755094,0.020381295696894383,0.29171929122407786,0.0004142508588114449,0.13132044498585121,0.035888032047442286,0.05268456352381062,1.6751007715207085,0.00212474649656724,0.05062208811207456,0.00023727560766854816,0.011355803578904299,0.009753070804749164,5.452643035364315e-05,0.0031187528331081066,0.0007178407658700178,1.2342896983008027,0.26497590700761775,0.0005241705111961792,0.05811207262607567,0.12691508766464618,0.7837198834480755,0.5374996746655475,0.07029470208141532,0.11819819077207037,0.018850301529741573,0.01179876345184155,0.00022631451288022882,5.2031919668222054e-05,0.03764895977664297,0.03776803277301456,0.0001494719141680625
6.108983398244882,0.0034867020385207534,0.20831756090888845,0.4258362950071615,0.00631711122887684,0.004601522780973603,8.305229973483471e-05,0.16981394570342123,0.139205329712453,0.13283327536327288,0.0014876125328371844,0.06743811274040065,0.00152709631882986,0.1811060724222201,0.014756338990041123,3.950358584035981e-05,0.4384511791473642,0.0009837389250807362,1.403549584493547,0.1740054077690889,0.021904364218253838,0.6348221413623778,0.0008365502454258649,1.5769645087239683,0.00904108736205977,0.0002483605736975153,0.004812502990855845,0.09420382454806403,0.003392148634452503,0.0015109880435064307,3.6646394116571085e-05,8.348623048659071e-06,0.38722527794061934,0.00013720661588196802
3.0804819994961012,0.007117815861232189,0.39261684661670704,0.14465900967153075,0.041991445879093224,0.00016825024976016039,0.008778492559399713,0.06454547821822804,0.026054975135500435,0.5225751331456076,0.0014091942302590288,0.005048095465558935,0.0003833173996053543,0.015582076376888849,0.004588832799099468,4.056421305852321e-05,0.08881941914003198,0.0011663798177169399,0.7784688921263461,0.12035815605894244,0.07856925999747151,0.13058045673061752,0.13072661108190378,0.30761143073029135,0.060295622967905575,0.012067214072366585,0.020743937413683144,0.005265607022442669,0.012252917923503867,0.00037180811838470476,3.951952129380776e-05,0.0018385361552089251,0.09574299028342385,3.7125130374105833e-06
8.537552900374246,0.00021711760750998355,0.20232591937256242,0.4802324329696853,0.11832443281923032,0.023922019096854638,0.010690183660869771,0.0013794631194569797,1.7584315745290229,0.038927240053184826,0.00044092519957153025,0.005397417771348354,0.00012388402634262962,0.0017534647758945794,0.12264467170170998,0.0002450255026954477,0.01646563368677602,0.00033934738762565064,0.5171392120621143,0.09836376798727581,0.17419308617519594,0.31802933670019856,0.8454449355298032,0.012330589315328253,2.975205040227569,0.002785943021588004,0.07127288394206506,0.05143980685307259,0.029798276237976973,0.00013489171642955955,0.00024765487101877044,0.04192488299817248,0.6173778617620721,3.977694025188595e-06
8.311640548765412,0.004395248620137705,0.8145780034127057,0.3500020042511801,0.29560689067935014,0.028265498974335054,0.15255289679940287,0.005489329513843845,1.682112670631624,0.014882781902304265,0.011050948276835405,1.1870909175290332,0.00022407067131977656,0.006375329745789771,0.03807052327741776,2.3106697062533884e-06,0.020589046946121372,0.0025587558961080096,0.13636472145638126,0.05931977937150421,0.07608772676111054,0.1201036969656243,1.3423405514735571,0.9141468120926908,0.5805992813544426,0.0010091967169584771,0.14793096155805605,0.024664629228447737,0.06313300706050375,0.00023870776386067697,3.1925407526470154e-06,0.002879556103485002,0.22566945979740036,0.0033020407234209057
6.761040529716979,0.0014642345255482872,2.111058775714648,0.9058435522930063,0.03369165593177607,0.004070598508938283,0.00399860613316757,0.01822921386047542,0.35759204661503236,0.26353552101178157,0.0005807511958713312,0.15041830549314353,0.002287971579676694,0.015278399305309038,0.07668786208148935,9.89857527651095e-05,0.03662036881482357,0.0010870655783633651,0.05857725907753943,0.00026721042071811154,0.00013683573833857545,0.45827716088885256,0.014359129719658529,1.9487291694928863,0.12766890866222755,0.005099909909675095,0.03534809746679813,0.0009412292171410207,0.01949599699759667,0.0023289258556723103,0.00010558058487903973,0.046482998301274295,0.058272656701443416,0.002405546286460974
5.976436314157656,0.0001639049723928284,0.43957273700167115,0.03530509691067138,0.39918207744507733,0.013487873487358628,0.010842912600045392,0.009850699513775787,0.8165738601123197,0.8038283483190685,0.14533522585956948,0.0048926105553990925,2.3517742819190983e-05,0.0055479536295011565,0.10778540710140772,0.00043670052304398664,0.013246390420841588,6.334925867458118e-05,0.045101423979907164,3.404741244225894e-05,0.0006343539178317702,0.5218134806370809,0.25877654361983254,1.0038446184212573,0.8860414777578944,0.01988688156284261,0.20249406582717208,0.028106595368908274,0.0188197913349246,2.1512146841591407e-05,0.00045297804034474955,0.005505457017738113,0.1778293289945536,0.0009350926644466813
3.686314324189739,0.044466468788577296,0.02177719983194854,0.07981528573925817,0.7216074736003502,0.01678170180519102,0.23919708171676268,0.004349840390409599,0.2480521034726683,0.6409702445722937,0.006485868227522358,0.004709911032783259,6.3063423161603466e-06,0.012020339334803926,0.0005586958438882619,1.838623444627035e-05,0.003908371389935579,6.597328469484754e-05,3.697129654609214e-05,0.0004587946310500728,0.0820756833732443,0.3479565212513333,0.00855628745336087,0.09888333905178599,0.3905481552017866,0.01705315168787262,0.3554168111857598,0.14182245387355408,0.0805230556963037,8.251118234330698e-06,2.1833052188029467e-05,0.0513420166611712,0.06681844320008389,1.3038476140024005e-06
10.11422434766709,0.03830675931699012,0.0019550103381706183,0.39566695999107787,0.23606564758454635,0.0013421518939887708,0.34208312995149015,0.006975064071817198,0.5309997278164167,2.774600508749323,0.000250935566611539,0.012176958692423889,0.001421731360833121,0.0011265786370361739,0.25391877024872817,5.147175442537928e-06,0.20454969463065387,9.651392816935033e-05,0.0056475143891050825,3.081641166899961e-05,0.016814658071182896,1.0104830965773923,1.6149771203595762,1.4111992624859628,0.1008918055662341,0.05441234403752044,0.08338985442822293,0.30253163957110024,0.0008728840220971932,0.0013819112156234032,5.398397364652207e-06,0.0003936830585221332,0.7092968915741411,0.00035417754765652035
4.359047307952477,0.025263422509770293,0.33899092664811376,0.0740974491370671,0.5001255634523366,0.000289802264759201,0.0178524284513017,0.004578351317885712,0.6517514621098299,0.9588251439541167,0.0014147572328051608,0.008756245677517505,0.00044883931666532816,0.01090896930751431,0.0476052699934759,0.00010104650755470181,0.0135205579495982,3.230702057386238e-06,0.08630237788792754,0.024107052237747187,0.014620245947461119,0.09581264823295893,0.1774574914548515,0.9518898856598689,0.026663448584156136,0.027560664032818857,0.20628033083655042,0.009500053478300343,0.010932212970385989,0.00043552698986098614,8.8940532957914e-05,0.050180562358505376,0.02267206655580899,1.0333659948296846e-05
10.594727786239474,0.0124921186624844,0.42110944508387177,0.08384187095968919,0.1497758887540502,0.006412720585003938,0.5023420975637032,0.16353928714230861,0.010987960522307076,1.532926625038358,0.006316634921328305,0.14536716541327602,0.0006120090623819278,0.1661865891765309,0.23679942950468347,0.00025255936008830815,0.3549865838472765,0.0008836764574188223,0.10636975473309551,0.03884953560449038,0.07441148875587084,2.3005123769457825,0.7874902265127531,0.2121544906834366,0.27923859931863093,0.004662631219924686,0.08901945126236724,0.34688978882156224,0.002487507300914269,0.0005906496676350284,0.00025991724370371967,0.003928272696758708,2.5493249510467995,0.003705482370989155
7.276545031082037,0.026505093594385343,0.6787923833827386,1.6367321479518522,0.20992564491230623,0.032457388753428226,0.4047165159750507,0.007302528105381771,1.851487381479807,0.3764301855743632,0.032460506116468474,0.0022060680862866643,0.0005569404253220112,0.03490740886739037,0.009876768104735397,8.774597571588743e-05,0.0024741210743234893,0.00012024065480844259,0.16054585754544684,0.009656520396299991,0.021934514786221687,0.7938618866266406,0.0026508819731587844,0.13860708135845606,0.01554530122903928,0.017058755587869612,0.11972093610867651,0.30600265712399244,0.003844277126918771,0.0005847653429636993,8.816363184030228e-05,3.5200706876202736e-05,0.37913700348030105,0.00023215902297152175
4.446746689619004,0.002512605596464412,0.5660990696457493,0.15899380571330402,0.3188768919476666,0.0036227968653246424,0.18399380658957698,0.046450910321066984,0.6988855363722304,0.5995623553383602,9.719913567092456e-07,0.08108942706363663,2.0265030608610752e-05,0.05758205782574236,0.019568229801396705,0.0003197105234321714,0.1990069820387986,0.0002789371269491571,0.180837146077433,0.02931289959679004,0.08112006729190477,0.5516598361222753,0.05176632057686574,0.06048416869048334,0.039638465957851594,0.0007796562429149843,0.15600544925384532,0.07014321536228613,0.004468742632915347,2.3566422266370563e-05,0.0003382651608094871,0.004600827800894113,0.2766227280865223,0.00208097455128096
4.611643377430745,0.007171852506750399,0.1497708280218954,0.0032441327104505164,0.03792206212932872,0.04056766395995931,0.011452750446576981,0.013717185920324731,1.5710924439946254,0.12862667879379713,0.0024833700840292843,0.0604081271232275,4.265640411942346e-05,0.011295134060044098,0.08934299939280799,4.1385652745151516e-06,0.1396987241537756,0.0003124976137461822,0.4025480129710991,0.10066081530364444,1.3178389342486837e-06,0.3003643830391293,0.14250656988864968,0.10305770946043206,0.5206127070116758,0.007662264617057258,0.013204152683993853,0.6531416570516119,0.003959718418205501,4.1405584453584956e-05,6.124941660795352e-06,0.01440070547160879,0.08223442278617939,8.81644816759506e-05
2.9107416495135032,0.0007263312978645175,0.007254078446718781,0.7271061903497722,0.040249922996872176,0.0008710435966011812,0.0018907020004264726,1.8311951488677527e-08,0.8756559398893119,0.11515981774794758,0.0013410403185133072,0.06695707315697995,4.422605164419158e-05,5.167262445376602e-06,0.048445230674207425,0.00024357260073034628,0.002361311326535713,0.00010240667544706117,0.19310376897887568,0.14767907574018352,0.009551341301846008,0.2377669602842787,0.10098911423813328,0.22595471266620748,0.028278699291235193,0.00022013622845584727,0.01970038809962915,0.00046340724748984724,0.004258563734255571,4.747178642667754e-05,0.0002644473224640661,0.023674274800898076,0.03006862326987681,0.0003065918192776591
7.263245402062125,0.030083911112156712,0.4580620040661437,0.07329119443156296,0.5658781184870078,0.02216951594611342,0.29934721417293736,0.029614756723430193,1.0522677086817132,0.3027673211802704,0.0021185520058043398,0.5648502481753067,0.00018287211342770372,0.03849738461840571,0.0025295176606129643,0.00015708556756562214,0.011585601562038151,0.001695372444550877,0.3696020699034712,0.003883055075894424,0.00031501508161528173,0.8903799367659413,0.3980597327945054,0.48881960686042164,1.1590152443803794,0.015124753085099554,0.31041576488496014,0.0230960223703908,0.05277971328956086,0.00017003354244839403,0.00016467690548186233,0.0082529282101302,0.08792192332656963,0.00014654663620706623
6.819650524511466,0.02692664251431286,0.0006431485023757973,0.03937642158472396,0.11391437902182867,0.0017512815365713843,0.0013761694575111958,0.16466856695690196,1.255103368215927,0.1856279962425943,0.00244468144766783,1.099472275030107,0.0004616619181943189,0.15613981371857377,0.21215752678043606,0.001019256605845697,0.20123542884503412,0.004341192476860725,0.2886492794715377,0.08259572504123516,0.020977513195751817,1.2540010437910878,0.04343506781383519,0.08134654356489175,0.9445537961482281,0.001374414137364565,0.060439796198432635,0.03035627503200885,0.16539061376027026,0.0004416649152510384,0.0010278498826441463,0.028273182593221854,0.3393032296571566,0.010824718453081833
6.028041800340196,0.01543674616514394,0.5566905196264318,0.4872508302950058,0.29324225012646643,0.01311075421045042,0.10745414818271144,0.0404676492653183,0.29282023987411265,0.035775072960360046,0.00110443601764923,0.026679353558164635,0.00020136532842690235,0.011361834144378188,0.01604897615764643,5.474907725737761e-05,0.12181332222691948,1.8791807638346975e-05,0.40034932890220315,0.053520932628379134,0.02005846200451558,1.119743547892257,0.44684365942831394,0.0722498784503355,0.1283641945559404,0.009114604073333353,0.15943719056410116,0.1223101105421633,0.0015845241986800966,0.00021176112358668918,5.236094267333318e-05,0.0023824431284410167,1.4714958654130816,0.000791897468109347
3.4872630759539978,0.007317165485338674,0.305069590025256,0.05141990628205222,0.6684894220350335,0.005427448479295756,0.015636725093701724,0.00023024988644629202,0.33284558016804544,0.2739355622463475,0.05495517935389733,0.001877067232309997,0.00025857348039588757,0.0012178568318477754,0.0029295430218757757,2.283457102204433e-06,0.003756259466406186,0.00057579925711738,0.265815184813744,0.10897512562545723,9.913699067483608e-05,0.2374213934797042,0.0943099474186609,0.5371402229056436,0.05057532975239739,0.0029964081384182915,0.37865303154942587,0.002273604595108274,0.02832558146461194,0.00025625593782951445,3.2949617708766925e-06,0.04073448976180931,0.01373667875858838,3.1779976832839196e-06
4.80353758256548,0.002409567013580039,0.00013268333791289466,0.3186992449816067,0.10750457415810585,5.314587041577132e-05,0.08604405301577457,0.03819468895508859,0.01811794989022748,1.3838669129754484,0.012640994627900616,0.17353219180900267,0.000286084711322338,0.03489681086032537,0.09159122433161929,2.7833037545780666e-05,0.05732615414425846,0.0003874546495499384,0.16446878438404525,0.10754546582836044,0.0018257062053109944,0.8654578272427349,0.18112324744786876,0.20023575221245762,0.7089178677252091,0.007214163276096467,0.07100213878308924,0.03932899237493711,0.00020182465782427658,0.0002868189170419718,3.495839053585382e-05,0.02761426848980697,0.09800399554655843,0.004564202713917744
4.000291339049581,0.009263785849392392,0.002888107682705798,0.29970361503000204,0.22906877962042319,0.0006926985947214214,0.05251930771511098,0.013305203181270691,0.001132624987730858,1.7932419639297126,0.006564133991050841,0.4313675285159134,1.2066519543469531e-05,0.0003015699845749454,0.010958683625121918,8.120086884547412e-06,0.00029736150058145183,0.0021623230366377517,0.10171916004782922,0.04077015201752825,0.010423148580869117,0.34642382161308277,0.043656096696952675,0.011282178151590603,0.03206441471604246,0.018737186460320063,0.10191252893092094,0.00012079115368219614,0.018200457525341905,1.4077128445746924e-05,7.229704204697211e-06,0.005328840018217075,0.41541444653239373,0.000728935920781196
2.3028534109393473,0.004651774338052027,0.4306624550126884,0.49610413729311914,0.050332424333642385,0.008556463428916278,0.0033573080923863384,0.014822621495424829,0.10018885118153766,0.16249098361498743,5.31209107655057e-07,0.0011667658820641868,0.0003008054132660603,0.03176134763785645,0.0049898836468475595,6.030114410845633e-05,0.035874907787943236,0.00022362302314462388,0.018784084576793612,0.0015400796023983684,0.017879529135439786,0.11890934606397871,0.012525650884736197,0.11271983056201863,0.22600945932924432,0.00712996245198381,0.02630974419437129,0.17293017933179614,0.002732022937984091,0.00030053238286470067,6.436038794677345e-05,0.009000677048941247,0.23033799106820624,0.00013477644555062566
2.593148561812954,0.005228409415017391,0.29699707283197746,0.6145681285532268,0.005740451472140437,0.018574188812727672,0.001978984987513158,0.042576463651222696,0.1456679448340487,0.23936307176258273,0.01728848790932093,0.019586108342832798,0.0002620907261404125,0.032765640579319535,0.015487066304209244,2.529569584650077e-05,0.09894030358626961,5.798156275156912e-06,0.05516913121090755,0.0002994077497087566,0.026940381179431833,0.18716999433704426,0.07522016230226919,0.09435151774827302,0.30561880985979983,0.0014067694415898955,0.008574706304130082,0.15188963844326686,0.008859062611694845,0.00026312670229628425,2.2950714723909256e-05,0.021045235406890957,0.10122895120210615,3.320897814947182e-05
4.161060918731661,0.006560234668026872,0.0024324301705390817,1.1077741496225377,0.0075129509216868996,0.0011292747537143587,0.0819332291333784,0.021141360899733334,1.6540382877232407,0.7760146911558167,0.0002577538267652605,0.005503749061185354,5.0873701698427e-05,0.01630389116360121,0.027433947895223586,0.00011514594852796851,0.020419074075296126,0.00012224421521742787,0.0071020434754312444,0.021934657020746432,0.0002548528925442331,0.05353669436899599,0.0023928937712533495,0.059233325387341454,1.6550905133715839e-06,0.02401561737999941,0.005831493792857481,0.007294376803248685,0.02513395578884227,5.4970694499760175e-05,0.00010671642420406411,0.002672526603515564,0.22273151525254437,2.033504893488682e-05
3.195511175081423,0.0010659224640900246,0.35703765757768646,0.17747627397821908,0.9502310922852644,0.004493659337084694,0.0023577918726559377,0.011164428451207594,0.5370622677947372,0.018214124171871515,0.005324780028932694,0.02598079127350746,7.639127877226273e-05,0.01619416942829455,1.3300013428286198e-05,0.00015988611342090465,0.07587216760684555,0.00032392281932880265,0.0042725619878431435,0.002775769595294632,0.012065111476704625,0.17823577298060236,0.13817049748880825,0.00036010034618138686,0.08968423798559914,0.0013936282965194495,0.48044347476916804,0.023633689508196734,6.201205831741875e-05,7.451032534159426e-05,0.0001725852350361288,0.07283841582651998,0.008235537537042668,4.4643168900088176e-05
3.321721758419784,8.866003058534308e-06,0.01836179690547406,0.2422716469607555,0.05085094100506131,0.000929377886027931,0.04624490623650984,0.003148516786994593,0.0076174535010847325,1.3562943876921332,0.03322389826626778,0.0019831317453463657,7.003141471178784e-05,5.39463162013711e-07,0.026090316751367713,1.0846219010556675e-05,0.009848447915091658,5.827739985801365e-05,0.1444555362499192,0.06787036568036535,0.013198383410897603,0.42861194367886957,0.24308761268380807,0.209314713212944,0.2874724542565609,0.013665339852945216,0.03699279008913503,0.01345432230612237,0.043728373990641375,6.806886629876275e-05,9.997707610460469e-06,3.975324741742812e-05,0.0224434347756484,0.0002952862586846752
2.0572779193659647,0.0032259634325294733,0.020649867830979128,0.033232420220864645,0.3159941929255104,0.0005136434240011982,0.0010940201177626692,0.022815062198231706,0.3798817693710897,0.08395633782978157,0.027663860494310074,0.0009302069412235126,5.5085052190927116e-05,0.010857323770934875,0.005155944486836037,4.02769800099507e-05,0.0003054933957236515,7.502168253537383e-05,0.09077829216037371,0.13726051066209569,0.0006170797120882887,0.09810088952058607,0.00732615332028918,0.38512879289471624,0.0010733277079830023,0.00043074472779611026,0.16710425004858565,0.0016103944926273359,0.025243431207376755,5.897229278791964e-05,4.4568296479508035e-05,0.04327118408969196,0.19277849584786413,4.342230108383726e-06
6.393024625144922,0.005722082260244838,0.02567360620460124,0.491986561913514,0.8482739062990431,0.0011104195085383753,0.009981256732045739,0.06164069285516758,0.09869889618034863,0.013432112309828506,0.001381376760621176,0.8075426458705366,1.3473385661712467e-06,0.0518110900447251,0.022608007347458197,0.00029084989145888765,0.023421706440448473,0.0035554547312286982,0.2797155412463893,0.1592996199027687,0.0010430088045611766,1.3918235080960006,0.17334188306661807,0.11278137547728546,0.9710955948117621,0.03901865365584381,0.42418742799903636,0.021713403277524423,0.04358798454354897,9.703199052029279e-07,0.00028977418279167304,0.009240745304472105,0.2933908956052669,0.005362226162770742
5.024111503722825,0.006956232157651142,0.1068131045080418,0.2140949242706643,0.03867034407929673,0.0007095818979338334,0.08108970683754618,0.035710674509285584,0.09798945715484199,1.4226722405008934,0.004403918304957738,0.4298549006882158,0.0002896967223743746,0.0566919878261217,0.12237743696318046,0.00012345460402001096,0.09436430157291349,0.0021998479580269126,0.4047535836347848,0.15529629225292316,0.0005344370023702075,0.5903898661785171,0.1046768211104899,0.0842205153835818,0.6521905082107015,0.01179246880020416,0.028571969312456345,0.00014819873300650835,0.03515619457021777,0.0002947184081815125,0.0001257523724572587,0.10540414515607884,0.13266105389541083,0.002883168145478165
6.880953150381325,0.05718488482809758,2.3564751457603457,0.10325482213259636,0.18395932781440918,0.0024064128588547977,0.08103433880231829,0.011068158711569371,1.914882809107377e-05,0.1599150500254492,0.048158381044236434,0.004055255082095287,2.611918613067175e-05,0.0064448394247994655,0.013904016411634572,9.848526226551352e-05,0.04051370732372707,0.004396842548747884,0.8160701200973394,0.3554372143567946,0.007508234100996333,0.41695194236838057,0.6586773489319002,0.029507660165917767,0.49920238005538364,0.08408858508611358,0.08704977797835067,0.06697795839537447,0.15204766951691226,3.036054690275391e-05,0.00010501283510773037,0.02845342469959001,0.6042232397342908,0.0017072854666020237
5.029182043793064,0.02234193350627253,0.06278340229259048,0.9401128727566861,0.035139468616311204,0.011385024357631533,0.022072949493893552,0.005841490365778898,0.4972927251277016,0.33630536551653095,0.035010175703777464,0.08387571076264937,0.00026317560316787886,0.0010816294421508307,0.09325475951762856,8.715942224810658e-05,0.025277055298277132,0.00014368559397977588,1.1538687662296825,0.3284315511740132,0.015605157376172959,0.19925328212483612,0.21463192940717327,0.0665567738564212,0.4017416771677769,0.008270528100525736,0.010479506708241233,0.1285200406511227,0.06496991272698754,0.0002560131190109868,8.398355210306105e-05,0.02391939639857592,0.24028437346213677,4.056836100868337e-05
5.045303581969259,0.010417109238688396,0.10721786811335747,0.0021404040407018822,0.07382538347807326,0.009057231343178604,6.732147040995121e-05,0.0048720675193655175,0.4963000450632803,0.2539497038321476,0.01073274813854049,1.310367345757033,0.0001718368175443712,0.009088224366000538,0.05385414669396212,2.7845894428066495e-05,0.015373485909058855,0.0016203707853765035,1.2085359514578755,0.3851313516416396,0.0017702601419877838,0.22012658157337464,0.15933698718907127,0.15415084159996217,0.09629938570415464,4.702851276504122e-05,0.02725209270887565,0.3451679439306617,0.050968222250039275,0.00016568072358719946,3.2521354683071754e-05,0.016651313021699882,0.017589490461846102,0.0029947912358883324
6.071621287646345,0.022771541166062864,0.4808185210283066,0.013823184753795372,0.5729351036603438,0.04085578537618801,0.1957745610345595,0.06200389980648421,0.004947094785080346,4.4883960379476706e-05,0.05290984279448023,0.07030628913289812,7.200592153931636e-05,0.04729910480459495,0.014465002806926095,1.7067873844721607e-05,0.2417052365685873,0.00026154082292447834,1.496285572427577,0.5350194391563647,0.01604578160981751,0.003403509983640895,0.0017935587452178818,0.04999528821208495,0.07710614880342682,0.007696906522808837,0.3080422920054799,0.37065852718492726,0.01744901576561581,7.374798637411873e-05,1.795032475810786e-05,0.04437801187061811,1.3223839705135252,0.00026090023711335206
